TSPbased;20;2;158.0;1643.0;2411.0;3743.0;4982.0;2539.252947481243
TSPbased;20;8;158.0;1638.0;2309.0;3549.0;4982.0;2504.7271368798565
TSPbased;20;4;158.0;1419.0;2401.0;3544.0;4971.0;2502.0685314685315
TSPbased;20;16;158.0;1643.5;2411.0;3553.0;4998.0;2517.3704557545666
TSPbased;20;2;343.0;1262.5;2685.0;3861.0;5118.0;2601.9005756148613
TSPbased;20;4;343.0;1753.0;2681.0;3850.0;5126.0;2640.044710578842
TSPbased;20;8;343.0;1266.0;2530.0;3740.5;5122.0;2588.0134120171674
TSPbased;20;16;343.0;1263.0;2531.0;3740.0;5127.0;2586.4537984496123
TSPbased;20;2;398.0;1592.5;2914.0;4407.5;5652.0;3026.6177105831534
TSPbased;20;4;398.0;1592.0;3232.0;4395.0;5644.0;3054.248817407758
TSPbased;20;8;398.0;1411.5;3230.5;4409.5;5662.0;3019.022813688213
TSPbased;20;16;398.0;1589.0;2921.5;4101.0;5660.0;3015.6609563253014
TSPbased;20;8;47.0;1879.0;3581.0;4796.5;5448.0;3348.0553415061295
TSPbased;20;2;47.0;1883.5;3580.0;4916.0;5435.0;3378.245636716225
TSPbased;20;16;47.0;2331.0;3997.0;4920.0;5447.0;3420.943731279418
TSPbased;20;4;47.0;1876.5;3990.5;4783.5;5436.0;3355.358905579399
TSPbased;20;4;255.0;1146.0;2397.0;3713.0;5156.0;2475.105070993915
TSPbased;20;2;255.0;1141.0;2393.0;3550.0;5150.0;2451.7710712343664
TSPbased;20;8;255.0;1146.0;2393.5;3706.0;5169.0;2478.455905932656
TSPbased;20;16;255.0;1143.0;2399.0;3711.5;5156.0;2474.7018135130797
TSPbased;20;4;580.0;1915.5;3020.0;4438.5;5299.0;3149.876257105378
TSPbased;20;2;580.0;1906.0;2845.0;4426.0;5284.0;3104.445789763346
TSPbased;20;8;580.0;1906.0;2846.0;4421.0;5296.0;3108.8472012102875
TSPbased;20;16;580.0;2149.0;3007.5;4610.0;5290.0;3161.377065767285
TSPbased;20;4;368.0;1227.5;3062.0;4083.5;5321.0;2717.8400188768287
TSPbased;20;2;368.0;1235.0;3069.0;4172.0;5309.0;2746.108255877529
TSPbased;20;8;368.0;1115.0;2584.0;3994.0;5314.0;2696.078361531612
TSPbased;20;16;368.0;1234.0;3071.0;4170.0;5319.0;2731.5078138128047
TSPbased;20;8;346.0;1252.0;2291.0;3872.0;4832.0;2541.7074992530625
TSPbased;20;2;346.0;1619.5;2638.5;3941.5;4830.0;2618.5505376344086
TSPbased;20;4;346.0;1258.0;2293.5;3936.0;4839.0;2548.8516333938296
TSPbased;20;16;346.0;1617.0;2631.0;3932.0;4859.0;2585.8898491781056
TSPbased;20;4;353.0;1211.0;2719.0;3870.0;4965.0;2687.483975659229
TSPbased;20;2;353.0;1200.5;2631.0;3858.5;4951.0;2645.9564017660045
TSPbased;20;8;353.0;1213.0;2716.5;3877.5;4964.0;2687.519722814499
TSPbased;20;16;353.0;1170.0;2569.0;3880.5;4973.0;2662.3563410194174
TSPbased;20;4;98.0;1371.0;2803.0;4374.0;5150.0;2760.846770601336
TSPbased;20;2;98.0;1374.0;2804.0;4372.5;5146.0;2778.247472059606
TSPbased;20;8;98.0;1029.0;2608.5;4201.5;5163.0;2712.271739130435
TSPbased;20;16;98.0;1036.0;2797.0;4350.0;5143.0;2726.7083890693675
TSPbased;20;2;345.0;1175.0;2404.0;4020.0;5126.0;2653.5370464997445
TSPbased;20;4;345.0;1172.0;2452.0;4007.0;5118.0;2628.3035642771324
TSPbased;20;8;345.0;1170.5;2443.5;4012.0;5114.0;2641.6391862955034
TSPbased;20;16;345.0;1168.0;2391.0;4008.0;5114.0;2638.4024009978175
TSPbased;20;2;480.0;1375.0;3126.5;4228.0;5052.0;2835.1144385026737
TSPbased;20;4;480.0;1380.5;3131.5;4074.5;5089.0;2824.177519379845
TSPbased;20;8;480.0;1377.0;2848.0;4050.0;5049.0;2800.225066666667
TSPbased;20;16;480.0;1376.0;2849.0;4054.0;5071.0;2803.627938722888
TSPbased;20;2;215.0;1219.5;1846.0;3493.5;4680.0;2226.606229660623
TSPbased;20;4;215.0;1220.0;1623.0;3067.0;4690.0;2210.721775602936
TSPbased;20;8;215.0;1218.0;1840.0;3498.0;4687.0;2224.818696186962
TSPbased;20;16;215.0;1215.0;1843.0;3498.0;4688.0;2217.172256097561
TSPbased;20;2;656.0;1533.0;2526.5;3718.0;4914.0;2687.4635359116023
TSPbased;20;4;656.0;1554.5;2900.5;3812.0;4936.0;2754.0297906602254
TSPbased;20;8;656.0;1534.0;2538.0;3811.0;4941.0;2721.637215528782
TSPbased;20;16;656.0;1543.5;2891.0;3736.0;4944.0;2736.2886110687605
TSPbased;20;2;70.0;1319.0;2326.0;3536.0;4631.0;2382.165107577175
TSPbased;20;4;70.0;1178.0;2346.5;3548.0;4641.0;2390.8831775700933
TSPbased;20;8;70.0;1177.0;2307.0;3550.0;4651.0;2376.2332672285575
TSPbased;20;16;70.0;1321.0;2351.0;3546.0;4655.0;2400.5218539161046
TSPbased;20;2;180.0;1078.0;2177.5;3416.0;4558.0;2248.2557182067703
TSPbased;20;4;180.0;1083.5;2289.0;3414.5;4544.0;2267.567851959361
TSPbased;20;8;180.0;892.0;2171.0;3413.5;4548.0;2233.516129032258
TSPbased;20;16;180.0;1076.5;2171.0;3416.0;4559.0;2253.776946766388
TSPbased;20;4;455.0;1489.5;2568.0;3862.5;4751.0;2646.7661651077674
TSPbased;20;2;455.0;1497.0;2571.0;3875.0;4761.0;2663.841995841996
TSPbased;20;8;455.0;1494.0;2611.0;4168.0;4761.0;2691.352312215985
TSPbased;20;16;455.0;1671.0;2610.0;3874.5;4769.0;2689.808350023109
TSPbased;20;2;429.0;1543.0;2542.5;3892.5;4901.0;2626.1835443037976
TSPbased;20;4;429.0;1536.0;2537.0;3969.0;4910.0;2638.5372233400403
TSPbased;20;8;429.0;1543.0;2540.0;3966.0;4907.0;2660.7139773340527
TSPbased;20;16;429.0;1534.0;2531.0;3968.0;4917.0;2642.5673382820783
TSPbased;20;2;338.0;1295.5;2413.0;3884.5;4883.0;2410.4749053030305
TSPbased;20;4;338.0;1202.0;2191.0;3067.0;4892.0;2360.6599781101786
TSPbased;20;8;338.0;1301.0;2203.0;3072.0;4893.0;2389.6077791718944
TSPbased;20;16;338.0;1292.0;2407.0;3892.0;4897.0;2400.9229979466118
TSPbased;20;4;367.0;1740.5;2636.5;3391.0;5479.0;2626.069466882068
TSPbased;20;8;367.0;1684.5;2760.0;3408.5;5510.0;2624.826627059141
TSPbased;20;16;367.0;1736.0;2766.0;3840.0;5478.0;2634.4122807017543
TSPbased;20;2;367.0;1742.0;2775.0;3845.0;5484.0;2655.2828982418755
TSPbased;20;4;564.0;1538.5;2384.0;3790.5;4711.0;2544.547418967587
TSPbased;20;2;564.0;1534.0;2380.5;3796.0;4725.0;2557.7135470527405
TSPbased;20;8;564.0;1410.0;2375.5;3785.0;4703.0;2535.311051212938
TSPbased;20;16;564.0;1411.0;2288.0;3705.0;4710.0;2519.166792910165
TSPbased;20;2;195.0;1284.0;3097.0;4144.0;5074.0;2890.3524986566363
TSPbased;20;4;195.0;1282.0;3101.0;4230.0;5098.0;2904.3071342200724
TSPbased;20;8;195.0;1794.0;3424.0;4155.5;5088.0;2933.3225806451615
TSPbased;20;16;195.0;1286.0;3421.0;4232.0;5089.0;2933.268300200339
TSPbased;20;2;317.0;1319.5;2653.5;3577.0;4825.0;2552.963829787234
TSPbased;20;4;317.0;1315.0;2656.0;3549.0;4814.0;2583.4174557431043
TSPbased;20;8;317.0;1775.5;2661.0;3568.0;4823.0;2595.998918918919
TSPbased;20;16;317.0;1317.0;2496.0;3472.0;4840.0;2533.3357099514565
TSPbased;20;4;1027.0;1834.0;3143.0;4134.5;5002.0;3055.4226190476193
TSPbased;20;2;1027.0;2057.0;3259.0;4146.0;5011.0;3116.4943235572373
TSPbased;20;8;1027.0;2057.0;3153.0;4153.0;5018.0;3097.761501210654
TSPbased;20;16;1027.0;2048.0;3151.0;4140.0;5015.0;3079.2397564973076
TSPbased;20;4;515.0;1275.0;2587.0;3451.0;4530.0;2409.824254473161
TSPbased;20;8;515.0;1270.5;2581.0;3451.0;4536.0;2388.5045454545457
TSPbased;20;16;515.0;1266.0;2344.0;3408.0;4535.0;2365.801368797636
TSPbased;20;2;515.0;1275.0;2574.5;3386.0;4517.0;2381.9772481040086
TSPbased;20;2;180.0;1788.0;2871.0;3782.0;4993.0;2688.5314192849405
TSPbased;20;8;180.0;1786.0;2873.5;3788.0;4999.0;2681.9487870619946
TSPbased;20;16;180.0;1778.0;2869.5;3772.0;5003.0;2649.068612232226
TSPbased;20;4;180.0;1785.0;2871.0;3782.5;5010.0;2657.819797979798
TSPbased;20;4;294.0;1634.0;2982.5;4359.0;4953.0;2838.3941128372853
TSPbased;20;2;294.0;1793.5;2986.5;4356.0;4935.0;2864.2600896860986
TSPbased;20;8;294.0;1629.0;2985.0;4355.0;4945.0;2813.6822860238353
TSPbased;20;16;294.0;1799.0;2990.0;4355.0;4970.0;2837.1947480267154
TSPbased;20;2;122.0;1325.0;2055.5;3595.5;4613.0;2346.0825559701493
TSPbased;20;4;122.0;1314.0;2352.5;3720.0;4621.0;2344.4086127547666
TSPbased;20;8;122.0;1250.0;2346.0;3729.5;4628.0;2335.902508802817
TSPbased;20;16;122.0;1326.0;2351.0;3741.0;4649.0;2362.3668354117794
TSPbased;20;2;404.0;1133.0;1871.0;4025.0;5203.0;2359.898839137645
TSPbased;20;4;404.0;1133.0;1852.5;4262.5;5205.0;2353.4983606557375
TSPbased;20;8;404.0;866.0;1723.0;4036.0;5217.0;2327.512221326887
TSPbased;20;16;404.0;870.0;1725.5;4034.0;5213.0;2319.990895295903
TSPbased;20;4;114.0;1495.0;2887.0;3660.0;4563.0;2705.032951289398
TSPbased;20;8;114.0;1982.0;3113.0;4145.0;4590.0;2759.6323563351025
TSPbased;20;2;114.0;1983.0;2890.0;3678.5;4593.0;2730.275523851984
TSPbased;20;16;114.0;1983.0;2892.0;4157.5;4584.0;2751.018913159297
TSPbased;20;2;190.0;1326.0;2073.0;3220.0;4089.0;2134.054079254079
TSPbased;20;4;190.0;1215.0;2077.0;3225.0;4092.0;2152.9643888354185
TSPbased;20;8;190.0;1212.5;2084.0;3232.0;4099.0;2163.0503984492784
TSPbased;20;16;190.0;1325.0;2097.0;3239.5;4100.0;2169.6256070117256
TSPbased;20;2;616.0;1423.0;3222.0;4317.0;5033.0;2889.401184706516
TSPbased;20;8;616.0;1418.0;3142.0;3896.0;5048.0;2842.122537112011
TSPbased;20;4;616.0;1482.0;3222.5;4322.0;5047.0;2881.2266300078554
TSPbased;20;16;616.0;1420.0;3138.0;3891.0;5060.0;2843.3709972552606
TSPbased;20;2;296.0;1138.0;1975.0;3804.0;4581.0;2277.177153056671
TSPbased;20;4;296.0;1135.5;1973.0;3796.0;4548.0;2251.464453265969
TSPbased;20;8;296.0;1139.0;1968.0;3415.5;4554.0;2249.9799703264093
TSPbased;20;16;296.0;1135.0;1933.0;3412.0;4565.0;2229.814707104279
TSPbased;20;2;445.0;1539.5;2568.0;3605.5;4653.0;2534.624592454588
TSPbased;20;4;445.0;1536.0;2801.0;3850.0;4647.0;2578.1158783783785
TSPbased;20;8;445.0;1523.0;2579.0;3848.0;4667.0;2551.1733188720173
TSPbased;20;16;445.0;1530.0;2804.0;3864.0;4675.0;2575.524492825334
TSPbased;20;2;998.0;2196.0;2873.5;4504.0;5069.0;3088.459488272921
TSPbased;20;4;998.0;2198.0;2873.5;4500.0;5080.0;3101.6841473178542
TSPbased;20;8;998.0;2120.0;2865.0;4496.0;5090.0;3075.412817089453
TSPbased;20;16;998.0;2194.0;2870.0;4496.5;5084.0;3087.5867907260526
TSPbased;20;2;933.0;1680.0;2838.0;3732.5;4811.0;2819.9528772088806
TSPbased;20;4;933.0;1803.0;2916.0;3835.0;4821.0;2858.76455026455
TSPbased;20;8;933.0;1679.0;2839.0;3721.0;4810.0;2826.806075236371
TSPbased;20;16;933.0;1683.0;2844.0;3828.5;4815.0;2828.5357266137385
TSPbased;20;2;123.0;1250.0;3052.5;4197.5;5131.0;2876.910021551724
TSPbased;20;4;123.0;1251.0;3047.5;4184.0;5139.0;2885.0273843248347
TSPbased;20;8;123.0;1252.0;3057.5;4383.5;5150.0;2901.6696224256293
TSPbased;20;16;123.0;1616.5;3061.0;4380.0;5136.0;2910.1219346049047
TSPbased;20;2;467.0;1700.0;2741.5;4095.0;4911.0;2819.6868852459015
TSPbased;20;4;467.0;1499.0;2738.0;3845.0;4924.0;2773.2701309004365
TSPbased;20;8;467.0;1513.5;2949.0;4088.5;4924.0;2813.369337979094
TSPbased;20;16;467.0;1510.0;2740.0;3844.0;4918.0;2789.690666257292
TSPbased;20;2;255.0;1196.0;2734.0;4158.0;5469.0;2772.0005238344684
TSPbased;20;4;255.0;932.0;2560.0;4128.0;5468.0;2700.2039891205804
TSPbased;20;8;255.0;941.0;2560.0;4120.0;5490.0;2679.8817391304347
TSPbased;20;16;255.0;1193.0;2731.0;4155.0;5477.0;2749.5566382460415
TSPbased;20;2;255.0;1116.5;2302.5;3581.5;5006.0;2377.6912393162393
TSPbased;20;4;255.0;943.0;2065.0;3582.0;5019.0;2365.033744855967
TSPbased;20;8;255.0;1116.0;2305.5;3586.0;5011.0;2391.5510592069527
TSPbased;20;16;255.0;1116.0;2309.0;3841.0;5019.0;2424.072620371842
TSPbased;20;4;415.0;1195.0;3499.0;4585.0;4954.0;3040.5878078320548
TSPbased;20;2;415.0;1439.5;3492.5;4536.5;4950.0;3029.133658008658
TSPbased;20;16;415.0;1196.5;3504.0;4582.0;4969.0;3047.446275946276
TSPbased;20;8;415.0;1191.5;3501.0;4513.5;4974.0;3021.5692589683163
TSPbased;20;8;198.0;1310.0;2469.0;3944.0;4789.0;2553.9450852557675
TSPbased;20;2;198.0;1313.0;2473.0;3798.0;4792.0;2542.3146531924667
TSPbased;20;4;198.0;1212.0;2463.5;3946.0;4784.0;2528.3387096774195
TSPbased;20;16;198.0;1312.0;2467.0;3950.0;4793.0;2535.5897063099737
TSPbased;20;8;193.0;1397.0;2594.0;3353.0;5141.0;2510.3786947614867
TSPbased;20;2;193.0;1613.0;2602.0;3357.0;5135.0;2524.223268698061
TSPbased;20;4;193.0;1396.0;2600.5;3145.5;5152.0;2497.0683035714287
TSPbased;20;16;193.0;1622.0;2602.0;3144.0;5145.0;2539.8367243988564
TSPbased;20;4;303.0;1127.0;1950.5;3145.0;4453.0;2136.035447761194
TSPbased;20;2;303.0;1131.0;1953.0;3228.0;4463.0;2150.394832275612
TSPbased;20;8;303.0;1126.5;1952.0;3211.5;4472.0;2140.985625774473
TSPbased;20;16;303.0;1105.5;2061.0;3152.0;4476.0;2136.0537586767095
TSPbased;20;4;607.0;1735.5;2682.0;3747.0;4580.0;2746.926015279453
TSPbased;20;2;607.0;2014.0;2697.5;3756.5;4595.0;2762.908574380165
TSPbased;20;8;607.0;2010.0;2585.0;3749.0;4586.0;2754.138762389499
TSPbased;20;16;607.0;2004.5;2599.0;3745.0;4611.0;2733.181998474447
TSPbased;20;2;341.0;1158.0;2323.5;3965.0;4994.0;2491.9474505723206
TSPbased;20;8;341.0;1151.0;2324.0;3969.0;4995.0;2486.2844482561463
TSPbased;20;4;341.0;1013.5;2315.0;3961.5;4999.0;2486.339343504392
TSPbased;20;16;341.0;1011.0;2314.0;3962.0;4983.0;2475.674326750449
TSPbased;20;2;25.0;1311.0;2829.0;3981.0;5198.0;2687.891315929675
TSPbased;20;4;25.0;1316.0;2590.5;3978.0;5218.0;2673.2028596961572
TSPbased;20;8;25.0;1060.0;2577.0;3879.0;5200.0;2637.681644640235
TSPbased;20;16;25.0;1316.0;2826.0;3977.0;5189.0;2690.1418608606905
TSPbased;20;2;578.0;1514.5;3277.0;4444.0;5030.0;2957.8438681793623
TSPbased;20;4;578.0;1719.5;3085.0;4160.5;5039.0;2951.396027563843
TSPbased;20;8;578.0;1521.5;3094.0;4444.5;5043.0;2956.2446977730647
TSPbased;20;16;578.0;1520.5;3278.0;4160.5;5047.0;2955.3068855449155
TSPbased;20;2;495.0;1245.0;2789.0;4009.0;5215.0;2836.7284277395447
TSPbased;20;4;495.0;1241.0;2781.0;4182.0;5210.0;2825.416834474426
TSPbased;20;8;495.0;1242.0;2781.0;4003.0;5219.0;2769.187600213789
TSPbased;20;16;495.0;1246.0;2788.0;4165.0;5217.0;2833.3233784414374
TSPbased;20;4;296.0;1002.0;2778.0;3594.0;5349.0;2590.8182184602983
TSPbased;20;2;296.0;1067.0;2816.5;3892.0;5327.0;2675.375824175824
TSPbased;20;8;296.0;1066.5;2821.0;3894.0;5335.0;2641.155177074885
TSPbased;20;16;296.0;1060.0;2787.0;3886.0;5342.0;2624.805600517967
TSPbased;20;2;527.0;1567.0;3312.0;4803.0;5589.0;3246.742812336644
TSPbased;20;8;527.0;1552.0;3303.5;4800.0;5593.0;3216.840242346939
TSPbased;20;4;527.0;1564.0;3658.0;4795.0;5580.0;3262.7221445221444
TSPbased;20;16;527.0;1560.0;3309.5;4799.0;5599.0;3228.3262610088073
TSPbased;20;2;234.0;935.0;1396.5;2529.0;3879.0;1738.6183478951548
TSPbased;20;4;234.0;925.5;1310.0;2471.5;3895.0;1726.2255659121172
TSPbased;20;8;234.0;936.0;1473.5;2473.0;3888.0;1730.3685641189638
TSPbased;20;16;234.0;791.0;1478.0;2474.0;3888.0;1725.225757977548
TSPbased;20;2;248.0;1711.0;2925.0;3779.0;5389.0;2756.3937632135307
TSPbased;20;4;248.0;1705.0;2921.0;4058.5;5390.0;2745.0900712191033
TSPbased;20;8;248.0;1709.0;2924.0;3773.0;5388.0;2748.198757763975
TSPbased;20;16;248.0;1337.0;2661.0;3778.0;5390.0;2718.4068349647946
TSPbased;20;4;174.0;1768.0;2992.0;4172.0;5199.0;2768.8264425261245
TSPbased;20;2;174.0;1769.0;2988.5;4168.0;5192.0;2772.226725082147
TSPbased;20;8;174.0;1763.5;2993.5;4171.0;5202.0;2776.048224852071
TSPbased;20;16;174.0;1769.0;2996.5;4080.0;5206.0;2764.6781063005983
TSPbased;20;4;412.0;1143.0;2193.0;3108.0;4792.0;2306.4751078008626
TSPbased;20;2;412.0;1229.0;2193.0;3110.0;4792.0;2302.7590741714885
TSPbased;20;8;412.0;1140.0;1962.0;3108.0;4799.0;2270.405971712939
TSPbased;20;16;412.0;1231.0;2197.0;3478.5;4800.0;2334.3268322413533
TSPbased;20;2;816.0;1817.0;3387.0;3998.0;5125.0;3087.327292696321
TSPbased;20;4;816.0;1821.0;3490.0;3999.0;5134.0;3102.338505512454
TSPbased;20;8;816.0;1821.0;3498.0;4220.0;5131.0;3110.8376432951213
TSPbased;20;16;816.0;2027.0;3480.5;4011.0;5128.0;3117.5992389649923
TSPbased;20;2;90.0;884.5;1849.0;3693.5;5267.0;2308.471940138963
TSPbased;20;8;90.0;887.0;1857.0;3707.0;5271.0;2334.431575914722
TSPbased;20;4;90.0;884.0;1851.5;3693.0;5267.0;2322.5289719626167
TSPbased;20;16;90.0;889.0;1859.0;3685.0;5289.0;2323.7100982717725
TSPbased;20;2;260.0;1179.5;1877.5;3137.5;4860.0;2248.2642231947484
TSPbased;20;4;260.0;1235.0;2150.0;3144.0;4860.0;2289.8199127330427
TSPbased;20;8;260.0;1231.0;2146.0;3583.0;4862.0;2282.733849439402
TSPbased;20;16;260.0;1131.0;2144.5;3567.0;4858.0;2277.2353395061727
TSPbased;20;2;134.0;1219.5;2377.0;4038.5;4882.0;2513.8685531720675
TSPbased;20;4;134.0;1045.0;2601.0;4043.0;4871.0;2522.0089509488007
TSPbased;20;8;134.0;1384.0;2601.0;4039.0;4878.0;2551.176221335992
TSPbased;20;16;134.0;1385.0;2603.0;4040.0;4888.0;2546.2875208449136
TSPbased;20;4;376.0;1722.0;2401.0;3531.0;5085.0;2589.3669298653044
TSPbased;20;8;376.0;1718.0;2720.0;3874.0;5104.0;2611.787578757876
TSPbased;20;2;376.0;1498.0;2397.0;3523.0;5082.0;2566.7319474835886
TSPbased;20;16;376.0;1285.0;2412.0;3714.0;5104.0;2589.5499556344275
TSPbased;20;2;361.0;1901.0;3224.0;4048.5;4978.0;2954.3449895615868
TSPbased;20;4;361.0;1903.0;3228.0;4125.5;4976.0;2985.6734375
TSPbased;20;8;361.0;1802.5;3221.0;4129.0;4966.0;2980.0848501070664
TSPbased;20;16;361.0;1804.0;3213.0;4117.0;4967.0;2960.9512496143166
TSPbased;20;8;363.0;1520.0;2441.0;4094.0;4796.0;2757.4427047878376
TSPbased;20;2;363.0;1531.0;2442.0;4167.0;4796.0;2784.093441150045
TSPbased;20;4;363.0;1520.0;2441.0;4162.0;4792.0;2781.0589285714286
TSPbased;20;16;363.0;1521.0;2441.0;4152.0;4807.0;2758.3318403372414
TSPbased;20;2;342.0;1069.0;1983.0;3458.0;4240.0;2253.253418413856
TSPbased;20;4;342.0;1389.0;2052.0;3461.5;4243.0;2292.0584149036945
TSPbased;20;8;342.0;1070.0;1986.0;3265.0;4248.0;2247.4835791543755
TSPbased;20;16;342.0;1385.0;2039.0;3445.0;4256.0;2265.2568084627505
TSPbased;20;2;450.0;1220.0;2778.0;4194.0;5020.0;2744.2389428263214
TSPbased;20;4;450.0;1076.0;2613.0;4198.0;5025.0;2652.1429706115964
TSPbased;20;8;450.0;1078.0;2617.0;4202.0;5037.0;2699.917713064387
TSPbased;20;16;450.0;1218.0;2779.0;4299.0;5043.0;2738.864784102794
TSPbased;20;2;305.0;1049.0;2195.0;3453.0;4710.0;2259.359937402191
TSPbased;20;4;305.0;1219.0;2205.0;3471.5;4706.0;2288.5545886075947
TSPbased;20;8;305.0;1221.0;2200.0;3462.5;4700.0;2268.093716143012
TSPbased;20;16;305.0;1215.0;1846.0;3298.0;4716.0;2247.0563142550254
TSPbased;20;4;235.0;1680.0;2770.5;3766.0;4960.0;2578.545421773612
TSPbased;20;8;235.0;1670.5;2375.0;3750.0;4928.0;2537.1162264150944
TSPbased;20;2;235.0;1667.0;2373.5;3752.0;4932.0;2546.4775119617225
TSPbased;20;16;235.0;1432.0;2388.0;3806.0;4956.0;2550.850058513751
TSPbased;20;4;361.0;1102.5;2382.0;3632.0;4661.0;2370.1725122349103
TSPbased;20;8;361.0;1196.0;2387.0;3636.0;4684.0;2377.403119217552
TSPbased;20;2;361.0;1098.0;2381.5;3450.0;4675.0;2330.2933049946864
TSPbased;20;16;361.0;1186.0;2374.0;3464.0;4679.0;2339.076169749728
TSPbased;20;2;611.0;1209.5;2320.0;3414.5;5366.0;2438.01914893617
TSPbased;20;4;611.0;1200.0;2308.0;3407.0;5360.0;2464.885137916838
TSPbased;20;8;611.0;1204.0;2310.5;3243.0;5380.0;2426.7094986807388
TSPbased;20;16;611.0;1153.0;2314.0;3250.0;5395.0;2429.115714931445
TSPbased;20;2;691.0;1235.0;2231.0;3189.0;5129.0;2407.9337851929095
TSPbased;20;8;691.0;1208.5;2152.0;3190.5;5127.0;2387.7753410002674
TSPbased;20;4;691.0;1231.0;2226.0;3474.0;5135.0;2432.7179487179487
TSPbased;20;16;691.0;1232.0;2221.0;3452.0;5131.0;2406.7927453108045
TSPbased;20;2;226.0;1632.5;3347.0;4027.5;5288.0;2839.354579539368
TSPbased;20;4;226.0;1637.0;3344.5;4153.0;5282.0;2849.497148288973
TSPbased;20;8;226.0;1634.0;3341.0;4160.0;5283.0;2829.8382978723403
TSPbased;20;16;226.0;1633.0;3343.0;3899.0;5292.0;2829.6117898002713
TSPbased;20;8;200.0;788.0;2193.0;3660.0;4541.0;2163.8408558030483
TSPbased;20;4;200.0;641.0;1851.0;3635.0;4529.0;2106.6485260770974
TSPbased;20;16;200.0;642.0;1851.0;3633.0;4535.0;2108.396791820906
TSPbased;20;2;200.0;634.0;1842.0;3619.0;4520.0;2086.172812328013
TSPbased;20;2;179.0;1507.5;3205.5;4049.5;5361.0;2825.1593347639487
TSPbased;20;4;179.0;1515.0;3208.0;4054.0;5372.0;2878.1456389452333
TSPbased;20;8;179.0;1511.0;2650.0;4046.0;5371.0;2815.3140852671345
TSPbased;20;16;179.0;1514.0;3198.0;4057.0;5376.0;2839.60035267714
TSPbased;20;4;429.0;1703.5;3408.0;4680.5;5694.0;3153.096453900709
TSPbased;20;2;429.0;1709.0;3416.0;4692.0;5693.0;3165.9156756756756
TSPbased;20;8;429.0;1402.0;2979.0;4624.0;5699.0;3110.877887788779
TSPbased;20;16;429.0;1404.0;2983.0;4628.0;5710.0;3115.055747009933
TSPbased;20;2;157.0;917.0;2163.5;3457.5;4625.0;2302.7119450317123
TSPbased;20;4;157.0;1277.0;2419.5;3569.0;4649.0;2328.912092283214
TSPbased;20;8;157.0;915.0;2151.5;3446.0;4623.0;2290.2183214481624
TSPbased;20;16;157.0;1280.0;2425.0;3455.0;4628.0;2309.6791079448662
TSPbased;20;2;463.0;1737.0;3129.0;4615.0;5459.0;3134.1579778830965
TSPbased;20;4;463.0;2016.5;3122.0;4606.0;5452.0;3130.617197188921
TSPbased;20;8;463.0;2021.0;2853.5;4598.0;5444.0;3107.2250688705235
TSPbased;20;16;463.0;1738.0;2863.5;4606.5;5455.0;3115.721776779987
TSPbased;20;2;123.0;1138.0;2073.5;3403.0;4906.0;2415.985340314136
TSPbased;20;4;123.0;1359.0;2404.0;3415.0;4897.0;2438.464140179299
TSPbased;20;8;123.0;1360.0;2409.0;3632.0;4906.0;2447.081730769231
TSPbased;20;16;123.0;1351.5;2065.5;3402.5;4905.0;2418.3507716049385
TSPbased;20;4;177.0;1519.0;2268.0;3861.0;4494.0;2420.001311905543
TSPbased;20;2;177.0;1300.0;2285.5;3865.5;4506.0;2434.6952983725137
TSPbased;20;8;177.0;1525.0;2432.0;3860.0;4507.0;2432.4619078803753
TSPbased;20;16;177.0;1303.0;2354.5;3852.5;4505.0;2426.3538517796196
TSPbased;20;4;204.0;1374.5;2244.5;3681.5;4793.0;2513.4560221870047
TSPbased;20;2;204.0;1368.0;2233.0;3669.0;4798.0;2478.5780500799146
TSPbased;20;8;204.0;1371.0;2241.0;3812.0;4818.0;2506.078954248366
TSPbased;20;16;204.0;1368.0;2237.0;3668.0;4796.0;2491.700734394125
TSPbased;20;2;453.0;1284.0;2242.0;3255.0;4575.0;2354.9898341359017
TSPbased;20;8;453.0;1314.0;2243.0;3253.0;4583.0;2347.6039445629
TSPbased;20;4;453.0;1281.0;2371.0;3665.0;4605.0;2384.843183609141
TSPbased;20;16;453.0;1309.5;2241.5;3264.5;4599.0;2351.84825794621
TSPbased;20;4;123.0;1380.0;2279.0;4073.0;5001.0;2509.90953346856
TSPbased;20;2;123.0;1384.0;2295.5;4069.0;5009.0;2510.9772486772486
TSPbased;20;8;123.0;1274.0;2282.0;3556.0;5002.0;2438.457815392753
TSPbased;20;16;123.0;1381.0;2533.5;4072.0;5007.0;2513.23808
TSPbased;20;4;56.0;1119.0;2014.0;3193.5;4948.0;2342.6468692449357
TSPbased;20;2;56.0;1357.0;2339.0;3447.0;4956.0;2379.9274583557226
TSPbased;20;8;56.0;1355.0;2336.5;3191.0;4957.0;2366.8785020011437
TSPbased;20;16;56.0;1356.0;2180.0;3448.0;4954.0;2377.950151566184
TSPbased;20;2;511.0;1292.0;1835.0;3263.5;4809.0;2282.115572436245
TSPbased;20;4;511.0;1292.0;1838.5;3265.0;4833.0;2263.0418295543395
TSPbased;20;8;511.0;1296.0;1831.0;3259.0;4817.0;2261.5334592552617
TSPbased;20;16;511.0;1292.0;1768.0;3544.0;4836.0;2273.6993874196924
TSPbased;20;4;371.0;1691.0;2204.0;3318.5;4281.0;2341.5237336731443
TSPbased;20;2;371.0;1683.0;2200.0;3319.0;4269.0;2315.2105755732337
TSPbased;20;8;371.0;1418.5;2109.0;3322.5;4294.0;2306.4782328972765
TSPbased;20;16;371.0;1688.0;2110.0;3114.0;4293.0;2306.3785784797633
TSPbased;20;2;332.0;1108.5;1862.0;3932.5;4794.0;2376.0867021276595
TSPbased;20;4;332.0;1111.0;1868.0;3945.0;4800.0;2395.4532152483634
TSPbased;20;8;332.0;1115.5;1877.5;3592.5;4803.0;2391.230146290491
TSPbased;20;16;332.0;1235.0;1872.0;3590.0;4811.0;2398.9312442957103
TSPbased;20;2;310.0;1968.5;3442.0;4579.5;5276.0;3173.0233822729742
TSPbased;20;8;310.0;1983.0;3039.0;4492.0;5285.0;3141.99111747851
TSPbased;20;4;310.0;2194.5;3038.0;4486.5;5278.0;3150.6180081855387
TSPbased;20;16;310.0;1975.0;3039.0;4583.0;5280.0;3170.2647266313934
TSPbased;20;8;583.0;1969.5;3324.0;4841.0;5517.0;3234.457937806874
TSPbased;20;2;583.0;1891.5;3326.0;4832.5;5503.0;3229.923450134771
TSPbased;20;4;583.0;1893.0;3326.0;4845.0;5494.0;3235.127501163332
TSPbased;20;16;583.0;1888.5;3210.0;4841.0;5499.0;3229.7105153782213
TSPbased;20;4;147.0;1244.0;2679.0;3544.5;4506.0;2598.4955783516093
TSPbased;20;2;147.0;1248.0;2669.0;3723.0;4511.0;2599.311032343819
TSPbased;20;8;147.0;1247.0;2668.0;3731.0;4502.0;2626.3000724812755
TSPbased;20;16;147.0;1242.0;2666.0;3723.5;4507.0;2598.9561725874505
TSPbased;20;4;214.0;1377.0;2756.0;3625.5;5047.0;2529.261961722488
TSPbased;20;8;214.0;1368.5;2937.0;3621.5;5041.0;2534.462028824834
TSPbased;20;2;214.0;1377.0;2946.0;3620.0;5048.0;2535.39447102605
TSPbased;20;16;214.0;1370.5;2935.5;3620.5;5047.0;2531.8168737737083
TSPbased;20;4;1004.0;2005.0;3195.5;4309.5;4847.0;3080.41323296355
TSPbased;20;2;1004.0;2005.5;3188.5;4259.5;4856.0;3069.601612903226
TSPbased;20;8;1004.0;1884.0;3096.0;4251.0;4855.0;3029.7482555018787
TSPbased;20;16;1004.0;1884.5;3094.0;4247.0;4841.0;3031.2884495641347
TSPbased;20;4;528.0;1539.0;2817.0;3568.0;4725.0;2589.7617728531854
TSPbased;20;2;528.0;1542.0;2822.5;3578.0;4701.0;2643.1890440386683
TSPbased;20;8;528.0;1518.5;2654.0;3565.5;4701.0;2579.6842248167254
TSPbased;20;16;528.0;1540.0;2801.0;3567.0;4694.0;2595.929581843619
TSPbased;20;2;331.0;1253.0;2342.5;4219.0;5075.0;2633.3115212527964
TSPbased;20;8;331.0;1263.0;2349.0;4220.0;5108.0;2643.532927796879
TSPbased;20;4;331.0;1257.0;2309.5;4052.5;5092.0;2611.7850660066006
TSPbased;20;16;331.0;1259.5;2319.0;4067.0;5100.0;2614.4780405405404
TSPbased;20;2;328.0;1889.0;2683.0;3861.0;5241.0;2836.382895472331
TSPbased;20;4;328.0;1897.0;2587.5;3710.0;5240.0;2789.9372026641295
TSPbased;20;8;328.0;1896.0;2687.0;3842.0;5255.0;2827.6040012702447
TSPbased;20;16;328.0;1893.0;2586.0;3721.0;5258.0;2808.7623743952363
TSPbased;20;2;493.0;1303.0;2255.0;3033.5;3898.0;2176.4085056574327
TSPbased;20;4;493.0;1184.0;2136.0;3007.0;3897.0;2130.4237333333335
TSPbased;20;8;493.0;1190.5;2141.5;2985.5;3900.0;2148.6619537275064
TSPbased;20;16;493.0;1291.0;2148.0;2927.0;3903.0;2147.6144833054354
TSPbased;20;8;565.0;1398.5;2249.0;3431.0;4613.0;2448.385702636586
TSPbased;20;2;565.0;1399.0;2287.0;3441.0;4617.0;2466.4859416445624
TSPbased;20;16;565.0;1557.0;2281.0;3827.0;4622.0;2476.8526234567903
TSPbased;20;4;565.0;1561.5;2251.0;3434.5;4615.0;2445.9975767366723
TSPbased;20;4;366.0;1245.0;2734.0;3841.0;4687.0;2552.3829043533524
TSPbased;20;8;366.0;1126.0;2731.0;3612.0;4679.0;2513.9704046708275
TSPbased;20;16;366.0;1244.0;2731.0;3835.0;4685.0;2541.1249423697554
TSPbased;20;2;366.0;1244.5;2729.0;3835.5;4668.0;2512.337937384899
TSPbased;20;2;419.0;1488.0;2605.0;3523.0;4613.0;2565.449227889565
TSPbased;20;4;419.0;1439.5;2351.0;3335.0;4637.0;2515.777033492823
TSPbased;20;8;419.0;1430.0;2348.0;3328.0;4635.0;2511.601427721594
TSPbased;20;16;419.0;1435.0;2598.0;3511.0;4643.0;2532.507708119219
TSPbased;20;4;384.0;1399.0;2742.5;3789.0;5475.0;2707.4760563380282
TSPbased;20;2;384.0;1393.0;2897.0;3954.0;5462.0;2749.907177549919
TSPbased;20;8;384.0;1398.5;2732.5;3947.0;5479.0;2734.067330210773
TSPbased;20;16;384.0;1400.0;2893.0;3813.0;5488.0;2748.8068303094983
TSPbased;20;4;394.0;1370.0;2685.0;3712.5;4988.0;2610.3992
TSPbased;20;2;394.0;1477.0;2690.0;3834.0;4982.0;2641.2531165311652
TSPbased;20;8;394.0;1419.0;2520.0;3711.0;4979.0;2608.974527526705
TSPbased;20;16;394.0;1380.0;2514.0;3719.0;4994.0;2603.837782014617
TSPbased;20;2;50.0;1476.0;2385.0;3469.0;4616.0;2389.1343779677113
TSPbased;20;4;50.0;1196.0;2397.0;3459.5;4614.0;2358.4329859863456
TSPbased;20;8;50.0;1473.0;2406.5;3632.5;4629.0;2409.142921550947
TSPbased;20;16;50.0;1208.0;2402.0;3472.0;4631.0;2392.768099258122
TSPbased;20;8;168.0;1758.0;2675.0;3693.0;5062.0;2589.553023663453
TSPbased;20;2;168.0;1211.0;2679.0;3694.0;5059.0;2585.887622149837
TSPbased;20;4;168.0;1759.0;2684.0;3701.0;5089.0;2620.661593554163
TSPbased;20;16;168.0;1759.0;2674.0;3688.0;5075.0;2598.075072513223
ZigZagOverNSN;20;2;158.0;2814.0;5554.5;8300.0;10972.0;5564.057173678533
ZigZagOverNSN;20;4;158.0;2634.0;4293.0;8028.5;10978.0;5140.61316872428
ZigZagOverNSN;20;8;158.0;2918.0;4436.0;7905.0;10958.0;5286.35322926232
ZigZagOverNSN;20;16;158.0;2280.0;3559.0;5461.0;10162.0;3971.840656121851
ZigZagOverNSN;20;2;48.0;2223.5;5311.0;8407.0;10593.0;5345.65934654526
ZigZagOverNSN;20;4;48.0;2185.0;3735.0;7932.0;10612.0;4792.5546067415735
ZigZagOverNSN;20;8;48.0;2227.0;4258.0;7818.0;10583.0;4871.157074340527
ZigZagOverNSN;20;16;48.0;1744.0;2953.0;4241.0;7846.0;3255.246911519199
ZigZagOverNSN;20;2;243.0;2683.0;6324.0;9969.0;12412.0;6331.671104150352
ZigZagOverNSN;20;4;243.0;2685.0;4852.0;9895.0;12408.0;6166.996827914354
ZigZagOverNSN;20;8;243.0;2674.0;4838.0;9080.0;12407.0;5768.8277380297195
ZigZagOverNSN;20;16;242.0;2273.0;4058.0;6316.0;12380.0;4521.6815286624205
ZigZagOverNSN;20;2;47.0;2475.5;4791.0;8298.5;10758.0;5350.787439613527
ZigZagOverNSN;20;4;47.0;2490.5;6004.5;8341.5;10795.0;5505.031380753138
ZigZagOverNSN;20;8;47.0;2475.5;4748.5;7643.5;10744.0;5035.865454545455
ZigZagOverNSN;20;16;47.0;2138.0;3678.0;5420.5;10006.0;3894.669403714565
ZigZagOverNSN;20;2;244.0;2219.0;5622.5;9102.0;11084.0;5655.851252609604
ZigZagOverNSN;20;4;244.0;1714.0;4224.0;8633.0;11086.0;5079.917625402669
ZigZagOverNSN;20;8;243.0;2219.0;4853.5;8476.0;11068.0;5361.270644966848
ZigZagOverNSN;20;16;243.0;1690.0;3000.0;4373.0;8064.0;3426.3596968519237
ZigZagOverNSN;20;2;445.0;2450.5;6866.0;10173.5;11934.0;6445.482352941176
ZigZagOverNSN;20;4;445.0;2441.0;6177.0;9911.0;11923.0;6233.937947494033
ZigZagOverNSN;20;8;445.0;2425.5;6172.5;9671.5;11953.0;6024.796842105263
ZigZagOverNSN;20;16;445.0;1992.0;3605.0;5460.0;10626.0;3900.1074186754036
ZigZagOverNSN;20;2;320.0;2234.0;6146.5;10182.0;11983.0;6221.013179571664
ZigZagOverNSN;20;4;320.0;2249.0;6135.5;10070.0;12000.0;6147.541864139021
ZigZagOverNSN;20;8;320.0;2120.0;6138.0;9358.0;12001.0;5932.5910800644815
ZigZagOverNSN;20;16;320.0;1959.0;3351.5;4864.0;9162.0;3775.217913204063
ZigZagOverNSN;20;2;346.0;2042.0;5391.0;8726.0;10433.0;5435.759151193634
ZigZagOverNSN;20;4;346.0;2021.0;3940.0;8158.0;10443.0;4966.005808757819
ZigZagOverNSN;20;8;346.0;2268.0;5273.5;8152.0;10430.0;5207.4584151931895
ZigZagOverNSN;20;16;345.0;1662.0;2720.0;4429.0;8482.0;3286.0124473381848
ZigZagOverNSN;20;4;353.0;2453.0;5329.0;8201.0;10318.0;5367.040147913365
ZigZagOverNSN;20;2;353.0;2626.0;5321.5;8022.5;10324.0;5308.519396551724
ZigZagOverNSN;20;8;353.0;2470.0;4838.5;7535.0;10304.0;5029.526953361599
ZigZagOverNSN;20;16;352.0;1783.0;3714.5;5319.0;10287.0;3751.296318057188
ZigZagOverNSN;20;2;98.0;2218.0;5081.5;7950.0;10081.0;5114.766457680251
ZigZagOverNSN;20;4;98.0;2116.0;4454.0;7791.0;10062.0;4740.7387755102045
ZigZagOverNSN;20;8;98.0;2104.0;4327.0;6043.0;10057.0;4306.507373156711
ZigZagOverNSN;20;16;98.0;1862.0;3472.0;5079.0;9634.0;3593.9871940346898
ZigZagOverNSN;20;2;345.0;2239.0;5631.5;9025.0;10939.0;5671.846278317152
ZigZagOverNSN;20;4;345.0;2156.0;4755.0;8166.5;10962.0;5197.097670250896
ZigZagOverNSN;20;8;345.0;2591.5;5373.0;7687.5;10921.0;5306.449330127104
ZigZagOverNSN;20;16;344.0;1855.0;3462.0;5036.0;9746.0;3589.2551899725813
ZigZagOverNSN;20;2;452.0;2357.0;5383.5;8786.5;10707.0;5585.324295010846
ZigZagOverNSN;20;4;451.0;2104.0;4995.5;8019.5;10688.0;5195.37315498155
ZigZagOverNSN;20;8;452.0;2347.5;4982.0;6807.5;10719.0;4979.969438730532
ZigZagOverNSN;20;16;452.0;1865.0;3540.0;5224.5;10263.0;3662.4091094771243
ZigZagOverNSN;20;2;215.0;2209.0;5488.5;8775.0;10775.0;5525.847293156282
ZigZagOverNSN;20;4;215.0;2068.0;3981.5;8661.0;10722.0;5056.245755138517
ZigZagOverNSN;20;8;215.0;2159.0;4095.0;8036.0;10721.0;4916.782255726297
ZigZagOverNSN;20;16;215.0;1848.0;2514.0;4255.5;7652.0;3216.826860531854
ZigZagOverNSN;20;2;302.0;2252.5;5255.5;8270.0;10232.0;5296.439618644068
ZigZagOverNSN;20;4;302.0;2230.0;4949.0;8284.0;10248.0;5212.731154454402
ZigZagOverNSN;20;8;302.0;1949.0;4393.0;6254.0;10252.0;4452.161900024869
ZigZagOverNSN;20;16;302.0;2018.5;3455.0;5237.5;9896.0;3731.3666506487266
ZigZagOverNSN;20;2;70.0;2462.5;4495.0;6590.0;9001.0;4499.426220806794
ZigZagOverNSN;20;4;70.0;2085.5;4319.0;6248.5;8995.0;4250.761014686248
ZigZagOverNSN;20;8;70.0;2078.0;4149.5;5273.0;8965.0;3948.7931387608805
ZigZagOverNSN;20;16;69.0;1740.5;3162.0;4461.0;8364.0;3198.842091738404
ZigZagOverNSN;20;2;180.0;1825.0;4914.5;8004.0;9707.0;4909.031283138918
ZigZagOverNSN;20;4;180.0;1689.5;3796.0;7464.5;9679.0;4484.562300319489
ZigZagOverNSN;20;8;180.0;1688.0;3807.0;6704.5;9675.0;4255.7102966841185
ZigZagOverNSN;20;16;179.0;1671.0;2833.0;4078.5;7449.0;2987.419033886085
ZigZagOverNSN;20;2;455.0;1985.0;5631.0;9289.0;10814.0;5617.90156841536
ZigZagOverNSN;20;4;454.0;1749.0;3600.5;8748.5;10850.0;5102.562040441177
ZigZagOverNSN;20;8;455.0;2217.0;4450.5;8256.0;10805.0;5234.4115687462145
ZigZagOverNSN;20;16;455.0;1613.5;2991.0;4375.0;8284.0;3298.594279877426
ZigZagOverNSN;20;2;297.0;2152.0;5804.0;9482.0;11357.0;5818.029395753947
ZigZagOverNSN;20;4;297.0;2232.0;5807.0;9480.5;11360.0;5812.312267657992
ZigZagOverNSN;20;8;296.0;2322.0;4768.5;8597.5;11384.0;5526.818070818071
ZigZagOverNSN;20;16;297.0;1894.0;3567.0;5541.0;10957.0;3899.0104542862573
ZigZagOverNSN;20;2;237.0;2907.0;4674.5;6533.5;9122.0;4731.537796976242
ZigZagOverNSN;20;4;237.0;2786.0;4335.0;6130.5;9098.0;4459.841829442592
ZigZagOverNSN;20;8;237.0;1922.0;4093.5;5301.0;9131.0;3974.383393131727
ZigZagOverNSN;20;16;236.0;1528.0;3478.5;4635.5;9119.0;3305.489654269251
ZigZagOverNSN;20;2;53.0;2192.0;5398.0;8610.0;10755.0;5448.799579168858
ZigZagOverNSN;20;4;53.0;1609.0;4471.5;7241.0;10741.0;4824.689275893676
ZigZagOverNSN;20;8;53.0;2172.0;4763.0;6915.5;10751.0;4783.602249783675
ZigZagOverNSN;20;16;52.0;1549.5;3505.0;4866.5;9687.0;3479.729579088987
ZigZagOverNSN;20;2;453.0;2114.0;5352.0;8588.0;10269.0;5410.445523193096
ZigZagOverNSN;20;4;453.0;2032.5;3909.5;8044.5;10264.0;4832.232882882883
ZigZagOverNSN;20;8;452.0;2274.0;4108.0;7852.0;10295.0;4989.800654567093
ZigZagOverNSN;20;16;452.0;1903.5;2865.0;4085.0;7320.0;3204.3208925750396
ZigZagOverNSN;20;2;177.0;1958.0;4667.5;7398.0;9205.0;4721.211891891892
ZigZagOverNSN;20;4;177.0;2036.5;4190.0;6766.0;9895.0;4428.63380795911
ZigZagOverNSN;20;8;177.0;1934.0;3792.0;6479.5;9219.0;4091.297634189774
ZigZagOverNSN;20;16;176.0;1537.0;2862.0;4406.0;8586.0;3143.5411780383797
ZigZagOverNSN;20;2;317.0;3030.0;5166.5;7313.0;10035.0;5136.191477885653
ZigZagOverNSN;20;4;316.0;2875.0;4447.5;7156.5;10023.0;4898.138121546961
ZigZagOverNSN;20;8;317.0;2856.5;4175.0;6710.5;12024.0;4722.2680011951
ZigZagOverNSN;20;16;316.0;2296.5;3600.0;4966.0;8527.0;3681.7893097229053
ZigZagOverNSN;20;2;6.0;1753.0;4650.5;7985.5;9732.0;4826.966991341991
ZigZagOverNSN;20;4;6.0;1524.5;4848.0;7979.0;9754.0;4767.687598116169
ZigZagOverNSN;20;8;6.0;1754.0;3307.0;6749.0;9751.0;4161.318346627992
ZigZagOverNSN;20;16;6.0;1394.0;2669.5;3698.0;7088.0;2836.458486303304
ZigZagOverNSN;20;2;515.0;2752.5;4437.0;6139.0;8407.0;4456.128155339806
ZigZagOverNSN;20;4;515.0;2855.5;4621.0;6688.5;9261.0;4641.3186039065
ZigZagOverNSN;20;8;515.0;2250.5;3974.0;5196.5;8389.0;3943.284026165858
ZigZagOverNSN;20;16;514.0;1606.0;3478.5;4247.0;8144.0;3157.3219353337986
ZigZagOverNSN;20;2;180.0;1797.5;5377.0;9013.5;10589.0;5390.271466666667
ZigZagOverNSN;20;4;180.0;1742.0;5379.0;9010.0;10586.0;5423.320610687023
ZigZagOverNSN;20;8;180.0;1859.0;4692.5;8177.0;10586.0;5093.10368802902
ZigZagOverNSN;20;16;179.0;1573.5;2593.5;4126.5;7907.0;3058.887937453462
ZigZagOverNSN;20;2;294.0;2264.0;5463.0;8764.0;10646.0;5537.966756032171
ZigZagOverNSN;20;4;294.0;2171.0;5466.5;8760.0;10645.0;5541.7476038338655
ZigZagOverNSN;20;8;294.0;2260.0;5093.5;7889.0;10646.0;5199.263846622033
ZigZagOverNSN;20;16;293.0;1571.0;3427.0;5392.0;10650.0;3703.6823782515157
ZigZagOverNSN;20;2;88.0;2036.0;4793.0;7604.0;9504.0;4898.877097996751
ZigZagOverNSN;20;4;88.0;1614.0;4409.5;7185.0;9535.0;4336.847960992908
ZigZagOverNSN;20;8;88.0;1616.0;3418.0;6359.5;9552.0;4087.3554716981134
ZigZagOverNSN;20;16;88.0;1606.0;2822.0;4120.0;7644.0;2917.243432324386
ZigZagOverNSN;20;2;66.0;1750.0;4415.5;9029.0;10717.0;5374.963059313215
ZigZagOverNSN;20;4;66.0;1558.0;4324.0;8612.0;10691.0;4843.837262012693
ZigZagOverNSN;20;8;66.0;1732.0;4392.0;7431.0;10907.0;4682.105895821408
ZigZagOverNSN;20;16;66.0;1369.5;2948.0;5282.0;10695.0;3435.939856894218
ZigZagOverNSN;20;2;114.0;1635.0;4055.0;6490.0;8021.0;4068.7452021233157
ZigZagOverNSN;20;4;114.0;1482.0;3469.0;6188.0;8025.0;3814.080127277987
ZigZagOverNSN;20;8;114.0;1209.0;2471.0;4682.0;9167.0;3102.8367282488553
ZigZagOverNSN;20;16;114.0;1191.0;2137.0;3275.5;6402.0;2353.5019000292314
ZigZagOverNSN;20;2;190.0;2260.0;4409.0;6573.0;8701.0;4433.292740975803
ZigZagOverNSN;20;4;190.0;2635.0;4718.5;6852.0;9900.0;4716.4117082533585
ZigZagOverNSN;20;8;190.0;2161.0;3584.0;5676.0;8670.0;3872.8518442200702
ZigZagOverNSN;20;16;190.0;1583.0;2754.0;4164.0;8035.0;2942.732444959444
ZigZagOverNSN;20;2;227.0;2197.0;4854.5;7570.0;9513.0;4899.389589905363
ZigZagOverNSN;20;4;226.0;2017.0;3789.5;6838.0;9477.0;4388.950600184672
ZigZagOverNSN;20;8;227.0;2119.0;3862.0;6315.0;9481.0;4308.8147201635575
ZigZagOverNSN;20;16;226.0;1734.0;3112.0;4065.0;7561.0;3118.3985973951626
ZigZagOverNSN;20;2;296.0;1987.0;5061.5;8375.5;9870.0;5139.245222929936
ZigZagOverNSN;20;4;296.0;1773.5;5048.5;8352.5;9860.0;5084.021276595745
ZigZagOverNSN;20;8;296.0;1741.0;4091.0;7192.5;9838.0;4378.8468838163635
ZigZagOverNSN;20;16;296.0;1611.0;3093.5;4794.0;9479.0;3411.8557569974555
ZigZagOverNSN;20;2;247.0;2091.0;4433.0;6812.5;8678.0;4493.938087774294
ZigZagOverNSN;20;4;247.0;1923.0;4130.5;6272.0;8664.0;4102.790443293034
ZigZagOverNSN;20;8;247.0;1923.5;3943.5;5197.5;8637.0;3824.0264804003336
ZigZagOverNSN;20;16;246.0;1630.0;2955.0;4059.5;7594.0;2905.478530323152
ZigZagOverNSN;20;2;461.0;2269.5;5641.0;9239.0;10839.0;5749.8079612695
ZigZagOverNSN;20;4;461.0;2056.0;5631.5;9224.0;10845.0;5645.147953830011
ZigZagOverNSN;20;8;461.0;2277.0;5627.0;8074.5;10790.0;5327.665868673051
ZigZagOverNSN;20;16;460.0;1779.0;2819.0;5642.0;10803.0;3738.360447478195
ZigZagOverNSN;20;2;237.0;1882.5;5157.0;8561.5;10103.0;5197.500784929356
ZigZagOverNSN;20;4;236.0;1617.5;4175.0;7992.5;10074.0;4677.194029850746
ZigZagOverNSN;20;8;237.0;1758.0;4143.5;6962.5;10079.0;4493.845544554455
ZigZagOverNSN;20;16;235.0;1614.0;2711.5;4179.0;7982.0;3178.9323047858943
ZigZagOverNSN;20;2;123.0;2487.0;4474.5;7908.0;10272.0;5174.987527114968
ZigZagOverNSN;20;4;123.0;2262.0;3988.0;7478.0;10307.0;4797.576440017324
ZigZagOverNSN;20;8;123.0;2481.0;3803.5;7025.0;10274.0;4631.279243404679
ZigZagOverNSN;20;16;123.0;1581.0;3542.0;4940.5;9897.0;3545.0309058030575
ZigZagOverNSN;20;2;467.0;2570.0;4918.5;7270.5;9401.0;4939.538876889849
ZigZagOverNSN;20;4;467.0;2798.5;5319.0;7421.5;10272.0;5200.107854630715
ZigZagOverNSN;20;8;467.0;2427.5;4262.0;5773.0;9411.0;4240.167050986421
ZigZagOverNSN;20;16;466.0;2160.0;3551.0;4683.5;8375.0;3562.0855675984026
ZigZagOverNSN;20;2;226.0;1923.5;4935.0;7976.5;9673.0;4985.980198019802
ZigZagOverNSN;20;4;226.0;2540.0;5358.5;7926.0;10870.0;5282.577017114914
ZigZagOverNSN;20;8;226.0;1646.5;4322.0;5753.5;9631.0;4098.538867924528
ZigZagOverNSN;20;16;225.0;1337.5;3450.0;4626.5;9396.0;3304.9434523809523
ZigZagOverNSN;20;2;255.0;2268.5;5505.5;8882.5;10819.0;5578.690860215053
ZigZagOverNSN;20;4;255.0;2015.0;4693.0;8213.5;10800.0;4941.599380256751
ZigZagOverNSN;20;8;255.0;2164.0;4939.0;7841.0;10765.0;5090.242461538462
ZigZagOverNSN;20;16;255.0;1733.0;2817.0;4696.0;9023.0;3360.0147658830388
ZigZagOverNSN;20;2;415.0;1939.0;5123.5;8544.0;9870.0;5169.301003344482
ZigZagOverNSN;20;4;414.0;1404.5;4905.0;7974.5;9859.0;4783.2702576112415
ZigZagOverNSN;20;8;415.0;1572.0;4831.0;5814.0;9849.0;4311.669413233458
ZigZagOverNSN;20;16;414.0;1394.0;2738.0;4837.0;9829.0;3189.229170103943
ZigZagOverNSN;20;2;198.0;2003.0;5655.0;9453.0;11117.0;5759.921790722761
ZigZagOverNSN;20;4;197.0;1808.0;4768.5;8782.0;11131.0;5077.15067264574
ZigZagOverNSN;20;8;198.0;1798.5;5415.0;8512.5;11130.0;5083.016494845361
ZigZagOverNSN;20;16;197.0;1696.0;2771.0;5349.0;10805.0;3379.5015296367114
ZigZagOverNSN;20;2;193.0;2669.0;5139.0;7699.0;10104.0;5230.021843367075
ZigZagOverNSN;20;4;193.0;2366.0;4534.0;7364.0;10097.0;4835.636280765725
ZigZagOverNSN;20;8;193.0;2372.0;4528.0;6098.5;10096.0;4512.732814526589
ZigZagOverNSN;20;16;193.0;2151.0;3992.5;5143.0;9623.0;3715.708458709462
ZigZagOverNSN;20;2;303.0;2013.5;4654.0;7356.5;9019.0;4728.569157392687
ZigZagOverNSN;20;4;302.0;1780.0;3641.5;7059.0;9037.0;4276.328453796889
ZigZagOverNSN;20;8;302.0;1958.5;3637.5;6167.5;8986.0;4141.141802443992
ZigZagOverNSN;20;16;302.0;1449.0;2994.0;4273.0;8494.0;3054.8633501259446
ZigZagOverNSN;20;2;604.0;2416.5;5421.5;8553.0;10262.0;5452.823958333333
ZigZagOverNSN;20;4;604.0;2040.5;4156.0;8363.5;10251.0;4971.022532672375
ZigZagOverNSN;20;8;604.0;2181.5;5176.0;8085.5;10244.0;5108.12637199644
ZigZagOverNSN;20;16;603.0;1618.0;3045.0;4870.5;9703.0;3417.46986518636
ZigZagOverNSN;20;2;341.0;2225.5;5097.0;8138.5;9860.0;5188.270313329793
ZigZagOverNSN;20;4;340.0;2026.5;4882.0;7493.5;9845.0;4777.5473878871935
ZigZagOverNSN;20;8;341.0;1649.5;4387.0;5983.5;9852.0;4253.841374084364
ZigZagOverNSN;20;16;341.0;1519.0;3269.0;4697.0;9301.0;3254.143164515061
ZigZagOverNSN;20;2;25.0;2636.5;5253.5;7893.5;10512.0;5280.087145969499
ZigZagOverNSN;20;4;25.0;2257.0;4156.0;7504.0;10525.0;4737.8948526176855
ZigZagOverNSN;20;8;25.0;2408.0;4146.0;7164.0;10484.0;4698.185070785071
ZigZagOverNSN;20;16;25.0;2062.0;3187.0;4433.0;7901.0;3392.620799490365
ZigZagOverNSN;20;4;444.0;2134.5;4615.5;7049.5;9543.0;4567.156193895871
ZigZagOverNSN;20;2;445.0;2321.5;4696.5;7754.5;9527.0;4985.882096069869
ZigZagOverNSN;20;8;445.0;2096.0;4513.5;5901.0;9549.0;4271.6002009040685
ZigZagOverNSN;20;16;444.0;1765.0;3269.5;4623.0;8609.0;3301.3728264073093
ZigZagOverNSN;20;2;285.0;2691.0;5004.5;7752.0;9739.0;5068.187296416938
ZigZagOverNSN;20;4;285.0;1977.0;4518.0;7110.0;9708.0;4646.892857142857
ZigZagOverNSN;20;8;285.0;1990.0;4529.0;5961.0;9721.0;4374.240483066422
ZigZagOverNSN;20;16;283.0;1902.0;3226.0;4542.0;8333.0;3346.5622746640447
ZigZagOverNSN;20;2;177.0;2231.0;4379.5;7029.0;8859.0;4521.867195767196
ZigZagOverNSN;20;4;177.0;2793.0;5016.0;7263.0;10132.0;4950.0579374275785
ZigZagOverNSN;20;8;177.0;1754.0;3972.0;5942.0;8842.0;4023.2009842009843
ZigZagOverNSN;20;16;177.0;1319.5;3034.0;4333.0;8829.0;2979.5651537335284
ZigZagOverNSN;20;2;373.0;2649.5;5460.0;8547.5;10576.0;5546.018583626318
ZigZagOverNSN;20;4;373.0;2639.0;5437.0;8511.0;10517.0;5488.230184581976
ZigZagOverNSN;20;8;373.0;2350.5;5297.0;7919.0;10492.0;5086.758974358974
ZigZagOverNSN;20;16;372.0;1390.5;3474.0;5433.0;10525.0;3736.2421032357474
ZigZagOverNSN;20;2;168.0;1107.0;3941.0;7612.0;8868.0;4444.356718834323
ZigZagOverNSN;20;4;167.0;1083.5;2958.0;7449.5;8887.0;4129.216910137229
ZigZagOverNSN;20;8;167.0;1428.0;3237.0;6659.0;8857.0;3995.7397896796283
ZigZagOverNSN;20;16;167.0;1068.0;2115.5;3892.0;8128.0;2569.5872682323857
ZigZagOverNSN;20;2;106.0;2463.5;5674.5;9673.5;12034.0;6029.834134615385
ZigZagOverNSN;20;4;106.0;2475.0;6084.0;9843.0;12060.0;6149.248204309657
ZigZagOverNSN;20;8;106.0;2279.0;5657.0;8761.0;12052.0;5550.5206527282
ZigZagOverNSN;20;16;106.0;2157.0;3828.0;6221.0;12073.0;4331.504031379385
ZigZagOverNSN;20;2;174.0;2674.5;4476.0;7906.0;10413.0;5280.047619047619
ZigZagOverNSN;20;4;174.0;2389.5;4188.0;7576.0;10441.0;4861.606956521739
ZigZagOverNSN;20;8;173.0;2721.0;4180.0;7186.5;10422.0;4856.990433031218
ZigZagOverNSN;20;16;174.0;2113.5;3661.0;5128.5;9348.0;3698.680163934426
ZigZagOverNSN;20;2;412.0;2109.5;4891.0;7898.0;9390.0;4962.605595172792
ZigZagOverNSN;20;4;412.0;2508.0;5025.5;7671.0;10272.0;5056.812148028962
ZigZagOverNSN;20;8;411.0;1904.0;3831.5;6681.0;9404.0;4346.1102082275265
ZigZagOverNSN;20;16;412.0;1676.0;3120.0;4514.5;8649.0;3329.5629436476893
ZigZagOverNSN;20;2;83.0;1749.5;4670.0;7605.5;9277.0;4711.351046698873
ZigZagOverNSN;20;4;83.0;1656.0;3730.0;7156.0;9293.0;4322.1716853932585
ZigZagOverNSN;20;8;83.0;1673.0;3717.5;6483.0;9291.0;4057.6972292191435
ZigZagOverNSN;20;16;83.0;1514.0;2743.0;4420.0;8617.0;2985.3908841582866
ZigZagOverNSN;20;2;90.0;1723.0;5166.5;8573.5;10273.0;5176.8317307692305
ZigZagOverNSN;20;4;90.0;1419.5;4887.5;8269.5;10258.0;4787.435202205882
ZigZagOverNSN;20;8;90.0;1629.5;4268.0;6305.5;10285.0;4317.195408035937
ZigZagOverNSN;20;16;90.0;1426.0;2899.0;4966.0;10276.0;3389.95309691126
ZigZagOverNSN;20;2;260.0;2227.0;4823.0;8300.0;10134.0;5172.764832793959
ZigZagOverNSN;20;4;260.0;1639.0;4292.5;7663.5;10133.0;4637.3021023766
ZigZagOverNSN;20;8;260.0;1650.0;4284.0;6251.0;10151.0;4333.23007518797
ZigZagOverNSN;20;16;259.0;1642.0;2832.5;4429.0;8294.0;3188.7365521710954
ZigZagOverNSN;20;2;134.0;2303.0;4913.0;7541.0;9728.0;4938.939295392954
ZigZagOverNSN;20;4;134.0;2029.5;4748.5;7063.5;9745.0;4496.002732240438
ZigZagOverNSN;20;8;134.0;1863.0;4628.5;5727.0;9690.0;4177.689779147407
ZigZagOverNSN;20;16;133.0;1704.0;3267.0;4759.0;9099.0;3256.951547584611
ZigZagOverNSN;20;2;376.0;2766.0;5726.0;8681.0;11074.0;5817.713828083289
ZigZagOverNSN;20;4;375.0;2319.0;4418.0;8175.0;11094.0;5179.523250564334
ZigZagOverNSN;20;8;376.0;2901.0;5255.5;8221.0;11061.0;5539.371900826446
ZigZagOverNSN;20;16;375.0;2194.0;3333.0;4628.0;8256.0;3608.813065722157
ZigZagOverNSN;20;2;352.0;2868.5;4942.0;7197.5;9554.0;4998.351380617217
ZigZagOverNSN;20;4;352.0;2690.0;4940.0;7204.0;9558.0;4917.779840848806
ZigZagOverNSN;20;8;352.0;2387.0;3975.5;6372.0;9576.0;4435.866131538063
ZigZagOverNSN;20;16;351.0;2039.0;3568.5;4783.5;8831.0;3533.6222701149427
ZigZagOverNSN;20;2;173.0;1727.0;4591.5;7548.0;9038.0;4666.152128764278
ZigZagOverNSN;20;4;173.0;1569.5;3916.5;6961.0;9034.0;4237.162234042553
ZigZagOverNSN;20;8;173.0;1561.0;3877.0;5965.5;8991.0;3975.034674765882
ZigZagOverNSN;20;16;172.0;1393.5;2783.0;3889.5;7592.0;2801.2824607329844
ZigZagOverNSN;20;2;342.0;2319.0;4580.0;7026.0;8851.0;4615.662226957911
ZigZagOverNSN;20;4;342.0;2697.0;5410.0;7145.0;10180.0;4926.545347928069
ZigZagOverNSN;20;8;341.0;2157.0;3544.0;6356.0;8852.0;4139.521661112535
ZigZagOverNSN;20;16;341.0;1580.5;2736.0;3900.0;7373.0;2954.1485728530474
ZigZagOverNSN;20;2;375.0;2225.0;4848.5;7640.0;9321.0;4927.988794023479
ZigZagOverNSN;20;4;375.0;2333.0;5118.0;7629.0;10297.0;5132.952852614897
ZigZagOverNSN;20;8;375.0;1794.5;4192.0;6017.5;9295.0;4176.004091025313
ZigZagOverNSN;20;16;374.0;1632.0;3328.5;4738.0;9314.0;3317.098795840175
ZigZagOverNSN;20;2;305.0;2414.5;5673.0;9103.5;11042.0;5740.032395114179
ZigZagOverNSN;20;4;305.0;2408.0;5653.0;9105.0;11031.0;5756.800330943188
ZigZagOverNSN;20;8;305.0;2222.0;5543.0;8203.0;11013.0;5219.638630219285
ZigZagOverNSN;20;16;304.0;1692.0;3271.5;5586.0;11037.0;3763.2263487099294
ZigZagOverNSN;20;4;185.0;2156.0;3932.0;6233.5;9004.0;4206.169196428571
ZigZagOverNSN;20;2;185.0;2306.0;4583.0;6858.0;8989.0;4566.3254094030635
ZigZagOverNSN;20;8;185.0;2151.0;3929.5;5337.0;8981.0;3959.931060994362
ZigZagOverNSN;20;16;185.0;1727.0;3061.0;4100.0;7450.0;3063.711855396066
ZigZagOverNSN;20;2;361.0;2018.0;5134.0;8260.0;9925.0;5146.679333680375
ZigZagOverNSN;20;4;360.0;1800.0;4206.5;7914.0;9922.0;4684.226457399103
ZigZagOverNSN;20;8;360.0;2192.5;4196.0;7029.0;9936.0;4571.750185139472
ZigZagOverNSN;20;16;361.0;1555.0;3252.0;5045.5;9892.0;3494.703294454676
ZigZagOverNSN;20;2;311.0;3520.0;5827.0;8812.0;11361.0;5939.623426382047
ZigZagOverNSN;20;4;311.0;2649.0;5705.0;6979.0;11401.0;5547.607256235828
ZigZagOverNSN;20;8;311.0;3525.0;5763.0;6941.0;11355.0;5600.6590024761235
ZigZagOverNSN;20;16;311.0;2426.0;4730.0;5813.5;10870.0;4301.086119751167
ZigZagOverNSN;20;2;436.0;2344.0;5536.5;8778.0;10627.0;5668.798208640675
ZigZagOverNSN;20;4;435.0;2260.0;4158.0;8398.5;10645.0;5183.817155756207
ZigZagOverNSN;20;8;436.0;2350.0;4557.5;8114.0;10625.0;5245.648215366001
ZigZagOverNSN;20;16;436.0;1983.0;3210.0;4457.5;8168.0;3537.2569820307426
ZigZagOverNSN;20;2;226.0;2057.0;5146.0;8243.0;10089.0;5178.4672537149145
ZigZagOverNSN;20;4;226.0;1883.0;4618.0;7666.0;10095.0;4705.369575148469
ZigZagOverNSN;20;8;226.0;1878.0;4613.0;6265.5;10133.0;4418.56275
ZigZagOverNSN;20;16;226.0;1690.5;3327.5;4673.0;9084.0;3343.243152972612
ZigZagOverNSN;20;2;200.0;1912.5;4561.5;7249.5;8976.0;4620.511458333333
ZigZagOverNSN;20;4;199.0;1396.0;4451.0;7167.0;8940.0;4371.258518855066
ZigZagOverNSN;20;8;200.0;1375.5;3856.0;5393.5;8972.0;3786.7440037995725
ZigZagOverNSN;20;16;199.0;1316.0;2882.0;4478.0;8920.0;3010.4071632881482
ZigZagOverNSN;20;2;44.0;1936.0;4666.0;9249.0;11456.0;5672.667920472864
ZigZagOverNSN;20;4;44.0;1709.0;4517.5;9187.0;11462.0;5332.5186873290795
ZigZagOverNSN;20;8;44.0;2254.0;4522.0;9126.5;16275.0;5597.312594840668
ZigZagOverNSN;20;16;44.0;1691.0;2918.5;5495.0;11126.0;3690.5542425416506
ZigZagOverNSN;20;2;224.0;2356.0;5780.5;9445.0;11343.0;5893.122570194384
ZigZagOverNSN;20;4;224.0;2099.5;5465.0;8614.5;11353.0;5368.911750825861
ZigZagOverNSN;20;8;224.0;2726.0;5610.0;7950.5;11387.0;5409.373942470389
ZigZagOverNSN;20;16;224.0;1802.0;3301.0;5495.0;11033.0;3690.464903937607
ZigZagOverNSN;20;2;157.0;2422.0;5080.0;7892.0;10028.0;5162.781495033978
ZigZagOverNSN;20;4;157.0;1933.0;4154.5;7428.5;10017.0;4744.619926199262
ZigZagOverNSN;20;8;156.0;2408.0;4145.0;7119.5;10026.0;4585.73249551167
ZigZagOverNSN;20;16;157.0;1515.5;3294.0;4927.5;10026.0;3462.3482186833035
ZigZagOverNSN;20;2;123.0;2205.5;5052.0;8035.5;10185.0;5058.391139924365
ZigZagOverNSN;20;4;122.0;1896.0;4656.0;7972.0;10184.0;4789.433023255814
ZigZagOverNSN;20;8;123.0;1809.0;4549.0;6059.0;10213.0;4342.181380010147
ZigZagOverNSN;20;16;122.0;1706.0;3477.5;5122.0;10182.0;3548.875679130713
ZigZagOverNSN;20;2;123.0;2354.5;4402.0;6773.5;8981.0;4577.841063053674
ZigZagOverNSN;20;4;122.0;2095.0;4101.0;6352.0;8942.0;4246.693766937669
ZigZagOverNSN;20;8;123.0;1846.0;3964.0;5334.0;8956.0;3851.6091780131114
ZigZagOverNSN;20;16;122.0;1748.0;3131.0;4378.0;7933.0;3182.5619380619382
ZigZagOverNSN;20;2;141.0;2183.0;4547.0;6916.0;9069.0;4560.034577387486
ZigZagOverNSN;20;4;141.0;2580.0;4733.0;7034.0;10055.0;4844.23857442348
ZigZagOverNSN;20;8;141.0;1621.5;3997.0;5434.5;9095.0;3910.5569032258063
ZigZagOverNSN;20;16;140.0;1430.0;3037.0;4484.0;9065.0;3073.5432394899635
ZigZagOverNSN;20;2;204.0;2475.0;4730.0;6984.5;9264.0;4778.485819327731
ZigZagOverNSN;20;4;204.0;2453.5;4341.0;6388.0;9260.0;4501.0187165775405
ZigZagOverNSN;20;8;204.0;2248.0;4170.0;5466.5;9296.0;4060.7068493150687
ZigZagOverNSN;20;16;203.0;1699.0;3293.0;4518.0;8746.0;3322.3356731010276
ZigZagOverNSN;20;2;453.0;2255.5;4453.0;6835.5;8489.0;4512.979991996799
ZigZagOverNSN;20;4;453.0;2359.5;4627.5;6994.5;9398.0;4706.608167082294
ZigZagOverNSN;20;8;453.0;1867.5;4058.0;5236.0;8486.0;3855.1935217660407
ZigZagOverNSN;20;16;452.0;1471.0;2936.5;4291.0;8457.0;2982.1712216771784
ZigZagOverNSN;20;2;123.0;2349.0;4981.5;7616.0;9855.0;5007.493527508091
ZigZagOverNSN;20;4;123.0;2343.0;4984.5;7638.0;9878.0;4990.371983210913
ZigZagOverNSN;20;8;123.0;1826.0;4013.5;5948.0;9824.0;4162.676287051482
ZigZagOverNSN;20;16;123.0;1642.0;3418.0;4585.0;8970.0;3370.692319438082
ZigZagOverNSN;20;4;56.0;2660.0;4371.0;6360.0;9821.0;4530.58723784025
ZigZagOverNSN;20;2;56.0;2983.5;4909.0;7159.0;9826.0;4992.294494922501
ZigZagOverNSN;20;8;56.0;2539.5;4233.0;5674.0;9838.0;4222.824375473127
ZigZagOverNSN;20;16;55.0;2320.5;3488.0;4501.0;7507.0;3419.876097132826
ZigZagOverNSN;20;2;379.0;2244.0;4485.0;6743.0;8635.0;4514.954303931987
ZigZagOverNSN;20;4;379.0;2453.0;4738.0;6735.0;9409.0;4671.10835811034
ZigZagOverNSN;20;8;379.0;2226.0;3809.0;6005.0;8590.0;4008.6686428117723
ZigZagOverNSN;20;16;378.0;1798.0;2762.0;4164.0;7656.0;3039.9306380290586
ZigZagOverNSN;20;2;371.0;2211.0;4494.5;6877.0;8626.0;4581.107309486781
ZigZagOverNSN;20;4;370.0;2060.0;4371.0;6373.0;8599.0;4188.238919870854
ZigZagOverNSN;20;8;371.0;2086.5;3945.0;5952.5;8605.0;4008.057142857143
ZigZagOverNSN;20;16;369.0;1904.0;2814.0;3914.0;6918.0;2902.8678924072183
ZigZagOverNSN;20;2;332.0;2181.0;4957.5;8075.0;9632.0;5004.624079915878
ZigZagOverNSN;20;4;331.0;1843.0;4669.5;7276.5;9635.0;4647.263039568345
ZigZagOverNSN;20;8;332.0;1656.0;4459.5;5824.0;9608.0;4167.808478802993
ZigZagOverNSN;20;16;331.0;1674.0;2878.0;4600.5;8836.0;3152.2975917431195
ZigZagOverNSN;20;2;310.0;2442.0;5570.0;8898.0;10841.0;5634.325301204819
ZigZagOverNSN;20;4;309.0;1815.0;4169.0;8695.0;10862.0;5229.927689594357
ZigZagOverNSN;20;8;310.0;2239.0;5415.0;8166.0;10844.0;5148.130472600754
ZigZagOverNSN;20;16;310.0;1656.0;2985.0;4835.0;9493.0;3408.743703134013
ZigZagOverNSN;20;2;464.0;2799.0;5839.0;9026.0;11271.0;5946.857908847185
ZigZagOverNSN;20;4;464.0;2710.0;5850.5;9005.0;11258.0;5910.181270536692
ZigZagOverNSN;20;8;464.0;2803.0;5757.5;8527.5;11246.0;5638.745844875346
ZigZagOverNSN;20;16;464.0;1800.0;3755.0;5865.0;11253.0;4127.674624566808
ZigZagOverNSN;20;2;147.0;1579.0;4573.5;7534.0;9009.0;4562.278609625669
ZigZagOverNSN;20;4;147.0;1409.0;3999.0;7118.0;9027.0;4143.045149754135
ZigZagOverNSN;20;8;147.0;1406.0;3904.0;5766.5;9035.0;3780.7532434495038
ZigZagOverNSN;20;16;146.0;1360.0;2530.5;4005.0;7890.0;2743.078790238837
ZigZagOverNSN;20;2;214.0;2564.5;5001.0;7987.0;9805.0;5096.688166311301
ZigZagOverNSN;20;4;214.0;1728.0;4669.0;6435.5;9815.0;4493.20177383592
ZigZagOverNSN;20;8;214.0;1732.0;4339.0;5921.0;9810.0;4299.707596513076
ZigZagOverNSN;20;16;214.0;1686.0;3017.0;4672.0;8953.0;3268.4870014532535
ZigZagOverNSN;20;2;581.0;2188.5;4784.0;7509.0;9017.0;4805.595894111291
ZigZagOverNSN;20;4;580.0;1951.0;3663.5;7243.0;9002.0;4479.131221719457
ZigZagOverNSN;20;8;581.0;1946.0;3651.0;6311.0;8987.0;4184.9162913907285
ZigZagOverNSN;20;16;580.0;1625.0;3252.0;4577.5;9006.0;3249.8799771656913
ZigZagOverNSN;20;2;475.0;2638.5;4742.5;7075.5;9017.0;4810.422376873662
ZigZagOverNSN;20;4;475.0;2891.5;5220.0;7184.5;10162.0;5088.413138108429
ZigZagOverNSN;20;8;475.0;2297.0;3800.0;6212.0;9042.0;4164.331684457173
ZigZagOverNSN;20;16;474.0;2074.0;3241.0;4480.5;7728.0;3363.0982521186443
ZigZagOverNSN;20;2;293.0;2599.5;4841.0;7174.0;9412.0;4885.486282947822
ZigZagOverNSN;20;4;293.0;2626.0;5219.5;7329.0;10495.0;5135.801924619086
ZigZagOverNSN;20;8;293.0;2312.0;4094.0;5616.5;9415.0;4114.180129032258
ZigZagOverNSN;20;16;292.0;1830.0;3591.0;4523.0;8454.0;3418.7154598271222
ZigZagOverNSN;20;2;328.0;3096.0;5335.0;7067.0;9708.0;5084.335893497184
ZigZagOverNSN;20;4;328.0;3085.5;4995.0;7049.5;9675.0;5067.692845615922
ZigZagOverNSN;20;8;328.0;2808.0;4204.0;6292.0;9672.0;4510.920314547838
ZigZagOverNSN;20;16;327.0;2518.5;3686.0;4850.5;8001.0;3790.8527588813304
ZigZagOverNSN;20;2;434.0;2229.5;4187.5;6150.0;7958.0;4217.129838709678
ZigZagOverNSN;20;4;433.0;2069.0;4072.0;5668.5;7960.0;3940.2245614035087
ZigZagOverNSN;20;8;434.0;1927.0;3528.0;5062.5;8003.0;3623.2366302986943
ZigZagOverNSN;20;16;433.0;1748.0;2743.5;3668.0;6477.0;2802.9744072678927
ZigZagOverNSN;20;2;535.0;2711.0;5769.0;9387.5;11025.0;5797.282340311326
ZigZagOverNSN;20;4;535.0;2714.0;5772.0;9396.0;11018.0;5848.388147357181
ZigZagOverNSN;20;8;534.0;2725.0;5062.0;8146.0;11032.0;5445.113253749618
ZigZagOverNSN;20;16;534.0;1830.0;3462.0;5619.0;11008.0;3909.558679945323
ZigZagOverNSN;20;2;14.0;1940.0;4775.5;7746.0;9692.0;4844.624064171123
ZigZagOverNSN;20;4;14.0;1367.0;3794.0;7124.5;9688.0;4392.071365248227
ZigZagOverNSN;20;8;14.0;1476.5;3776.0;6371.0;9694.0;4114.961851475076
ZigZagOverNSN;20;16;14.0;1356.0;2847.5;4096.0;8083.0;2922.602423542989
ZigZagOverNSN;20;2;179.0;2958.0;4512.5;6550.0;8864.0;4568.764705882353
ZigZagOverNSN;20;4;179.0;2960.5;4798.0;6665.5;9745.0;4782.226639344262
ZigZagOverNSN;20;8;179.0;1896.0;3987.5;5184.0;8862.0;3865.9949212798374
ZigZagOverNSN;20;16;178.0;1853.5;3279.0;4288.5;7849.0;3200.8624476987447
ZigZagOverNSN;20;2;217.0;2531.5;5365.5;8245.5;10552.0;5390.630669546436
ZigZagOverNSN;20;4;217.0;2289.0;4609.0;7640.0;10585.0;4845.386796632698
ZigZagOverNSN;20;8;217.0;2501.0;4799.0;6994.5;10597.0;4813.805719339623
ZigZagOverNSN;20;16;217.0;1859.5;3177.0;4709.5;8691.0;3441.756684491979
ZigZagOverNSN;20;2;394.0;2612.5;5324.0;8153.5;10273.0;5380.368942157374
ZigZagOverNSN;20;4;394.0;2477.5;5316.0;8053.5;10269.0;5319.618332470222
ZigZagOverNSN;20;8;394.0;2472.0;4906.0;6867.5;10247.0;4750.515021459228
ZigZagOverNSN;20;16;393.0;1997.0;3599.5;5331.5;10290.0;3847.4452214452213
ZigZagOverNSN;20;2;50.0;2082.0;4011.0;6259.0;7987.0;4062.942261427426
ZigZagOverNSN;20;4;50.0;1734.5;3771.0;5718.5;7981.0;3773.217937481741
ZigZagOverNSN;20;8;50.0;1243.0;2770.0;4222.5;7976.0;2908.8673433048434
ZigZagOverNSN;20;16;50.0;1320.0;2503.0;3655.0;7054.0;2553.7545320921117
ZigZagOverNSN;20;2;168.0;2212.0;5377.0;8805.0;10596.0;5448.821146764861
ZigZagOverNSN;20;4;168.0;1906.0;4798.0;8447.0;10594.0;4947.416629213483
ZigZagOverNSN;20;8;168.0;1938.0;4883.0;6889.0;10559.0;4685.45220695703
ZigZagOverNSN;20;16;168.0;1747.0;3408.0;5361.0;10558.0;3633.4682569496617
