161
0 40 20 3 23 99 54 108 15 46 
159 105 88 92 111 102 134 147 50 155 
49 47 115 89 84 83 33 43 160 148 
120 138 86 80 12 37 129 66 95 90 
61 97 2 112 58 9 59 26 52 70 
57 158 78 31 4 53 21 91 151 116 
68 73 45 104 139 29 119 5 30 28 
38 114 44 94 16 124 132 100 87 126 
76 110 1 98 62 64 106 35 7 113 
101 36 71 81 135 133 22 72 75 157 
77 11 96 121 141 60 127 13 74 51 
82 17 152 156 63 65 149 109 145 107 
118 153 10 128 130 140 131 19 142 103 
42 117 55 122 32 144 154 150 67 18 
8 27 123 93 56 14 41 25 69 6 
39 85 137 48 79 34 125 24 146 136 
143 
