501
0 307 327 71 280 37 152 236 57 102 
481 347 406 156 491 81 136 162 339 204 
206 349 201 483 407 161 58 305 221 284 
90 290 467 274 109 410 98 248 477 233 
96 128 287 154 194 183 500 255 418 302 
386 55 332 384 182 178 489 397 44 392 
424 399 175 7 492 231 235 200 353 278 
442 360 226 106 49 433 60 335 375 497 
153 299 435 430 47 334 69 315 65 113 
18 319 466 472 380 196 277 36 203 267 
261 414 366 344 155 372 456 465 103 441 
270 53 401 404 35 463 496 250 303 218 
342 464 269 68 395 487 100 127 478 378 
147 356 494 354 230 260 181 328 498 446 
234 257 134 31 151 438 460 45 130 471 
320 108 137 361 388 291 82 382 394 316 
362 209 357 145 86 462 455 374 373 293 
94 292 110 115 310 469 129 369 403 213 
40 256 265 363 279 208 461 219 296 202 
170 59 252 101 193 488 232 241 259 133 
266 121 164 454 486 27 346 91 228 288 
350 385 217 166 449 95 251 24 11 207 
211 283 34 224 30 93 391 20 21 227 
452 323 220 408 1 75 191 239 88 398 
64 371 165 262 329 46 377 427 225 124 
77 326 67 198 205 29 112 171 317 237 
6 425 76 457 210 26 322 72 490 387 
138 422 66 16 295 79 383 190 61 15 
458 143 297 318 258 355 17 423 173 38 
186 83 436 168 238 263 10 50 434 340 
249 324 180 125 412 92 417 14 132 411 
314 475 381 426 447 195 212 214 480 32 
160 308 428 43 99 42 105 148 89 300 
9 286 246 120 247 396 192 117 336 142 
172 84 437 245 343 473 445 476 243 126 
3 139 370 285 337 122 429 325 311 421 
306 376 368 135 440 321 253 409 365 197 
229 341 185 301 56 275 159 13 23 118 
223 405 176 54 41 78 358 163 157 364 
348 87 216 453 402 390 333 450 359 345 
39 74 111 188 97 254 367 289 22 312 
52 73 144 177 482 431 19 499 451 495 
33 264 420 62 5 439 389 273 63 413 
80 222 272 282 25 12 48 416 8 244 
119 379 242 294 419 4 351 131 114 276 
141 116 70 459 104 179 484 309 330 474 
2 338 444 51 158 169 150 468 215 240 
479 281 485 448 187 140 167 443 313 400 
189 470 493 331 268 146 28 298 107 415 
271 304 199 174 184 85 123 149 352 432 
393 
