501
0 94 198 427 192 332 443 455 351 77 
213 197 333 172 17 337 388 370 391 101 
404 296 322 488 214 31 60 263 423 304 
341 318 37 185 353 286 475 396 218 492 
321 40 35 447 170 201 145 437 10 336 
433 93 74 125 80 354 308 58 41 259 
131 383 25 403 462 115 154 267 297 46 
326 269 237 468 152 246 284 306 103 499 
56 339 262 317 175 139 435 356 424 29 
482 114 463 484 417 465 409 86 376 420 
448 334 146 183 27 328 303 485 385 359 
229 251 127 155 21 398 428 120 295 298 
283 167 52 123 392 89 142 193 202 54 
386 132 42 456 310 102 203 430 277 47 
50 79 316 397 273 416 252 249 38 144 
405 313 162 34 16 414 147 188 429 413 
493 104 357 62 311 325 168 211 236 186 
299 48 309 324 109 369 305 419 390 73 
121 12 373 292 256 440 6 477 239 319 
137 387 287 442 11 90 243 394 444 122 
138 28 126 362 268 491 2 410 231 415 
302 59 20 82 234 219 450 393 242 451 
452 425 100 407 18 3 335 331 345 238 
4 149 314 209 36 457 92 105 449 374 
181 342 261 381 408 294 116 66 130 156 
160 227 163 143 274 208 61 39 260 191 
151 226 441 111 67 45 26 225 190 244 
395 217 8 7 112 87 78 84 19 412 
161 15 124 293 422 343 128 264 470 1 
129 377 30 24 178 179 164 13 489 494 
141 97 117 177 361 368 23 106 210 348 
113 199 320 281 204 490 72 453 360 107 
384 439 346 400 184 153 329 315 367 434 
402 312 366 250 461 76 266 245 358 189 
33 411 301 495 5 473 276 454 280 380 
483 176 421 136 469 195 22 68 240 253 
187 140 500 135 14 233 399 96 49 55 
426 255 352 182 258 401 88 372 323 235 
480 375 223 205 51 486 119 290 285 458 
338 241 64 32 75 247 478 95 166 43 
474 382 196 171 224 349 279 272 206 174 
496 248 98 307 445 118 232 194 265 278 
230 472 344 53 436 365 69 91 282 275 
134 270 460 350 432 44 158 498 340 471 
330 148 215 459 347 378 200 65 173 431 
288 476 207 406 467 487 446 464 165 371 
379 159 271 221 355 291 257 364 438 254 
110 169 479 157 81 85 466 71 289 327 
497 150 133 220 70 481 99 63 389 418 
9 228 216 83 300 108 222 57 363 180 
212 
