161
0 90 60 63 105 44 71 54 28 151 
128 5 10 160 33 51 50 117 37 67 
41 127 72 11 45 49 107 81 135 6 
94 85 31 149 15 66 38 93 103 147 
125 8 136 113 82 108 121 111 84 131 
61 29 64 137 3 13 155 86 39 148 
158 35 133 78 114 16 124 144 154 30 
138 150 4 42 132 27 141 74 56 99 
143 43 9 110 153 19 7 79 23 159 
46 96 139 130 17 98 20 59 40 47 
14 156 101 75 73 97 106 83 91 55 
69 142 92 115 88 109 34 134 89 123 
146 57 12 122 1 95 52 26 22 2 
65 104 102 21 119 80 126 25 24 129 
145 53 68 36 58 116 152 18 100 48 
87 32 76 120 77 157 112 118 140 70 
62 
