251
0 199 221 36 46 125 160 37 8 80 
211 205 102 245 110 119 118 216 65 25 
66 227 155 208 63 236 134 178 115 107 
51 2 18 47 147 162 156 52 55 225 
181 180 54 249 177 169 242 83 241 140 
85 165 237 163 71 206 12 94 49 35 
88 220 104 89 166 201 64 105 72 207 
59 246 158 95 219 159 146 70 173 93 
20 126 87 86 197 202 172 240 101 109 
43 100 209 234 218 212 141 129 58 231 
7 11 133 228 187 90 78 161 76 148 
112 15 189 122 81 57 186 62 4 113 
204 196 10 22 135 9 193 235 174 69 
248 42 3 167 175 74 79 75 124 171 
222 48 168 190 73 5 223 153 127 84 
123 179 229 96 92 232 68 150 136 164 
217 23 14 203 29 26 144 170 198 103 
121 142 191 1 138 98 250 224 6 128 
233 33 130 32 145 16 50 40 244 152 
111 24 210 34 17 157 108 226 214 41 
192 182 247 230 19 194 38 82 44 213 
154 60 243 27 114 185 188 137 53 132 
215 67 45 61 77 28 30 143 106 149 
238 39 200 139 184 195 176 117 56 97 
131 239 21 99 91 116 13 31 183 120 
151 
