251
0 49 139 116 32 18 206 148 80 70 
19 193 21 93 26 199 120 94 43 101 
110 78 63 54 209 39 74 221 234 59 
117 175 160 229 68 6 98 214 92 2 
155 40 159 192 200 133 204 105 48 222 
172 208 56 71 114 246 153 179 210 180 
61 35 132 64 249 82 91 140 28 188 
89 217 107 135 79 47 99 186 10 108 
131 66 34 100 84 157 90 20 146 128 
88 81 194 109 181 250 60 185 138 244 
213 142 130 235 182 96 37 86 168 151 
170 167 103 119 150 187 50 112 211 13 
190 25 121 162 123 36 8 224 212 12 
27 236 67 115 95 164 44 17 228 198 
87 72 245 122 137 16 83 4 111 216 
191 15 233 174 158 65 248 176 106 102 
154 11 240 76 173 141 171 62 129 202 
237 52 5 225 227 178 239 104 23 125 
85 143 124 55 97 195 7 126 33 232 
243 161 24 31 219 136 220 189 197 147 
247 215 127 183 165 201 207 152 134 118 
223 238 205 77 58 145 231 45 149 38 
230 242 41 22 53 163 218 144 69 30 
73 184 226 156 196 29 46 169 9 113 
42 3 75 241 1 203 166 51 177 14 
57 
