251
0 217 199 116 15 58 203 19 38 191 
101 133 61 183 222 237 233 20 236 178 
11 170 163 91 126 23 100 216 16 245 
74 134 53 13 119 225 73 189 114 63 
214 168 78 106 124 148 81 250 95 190 
221 141 52 179 228 145 57 131 76 111 
175 223 206 143 244 154 79 84 12 77 
14 207 218 42 128 224 226 26 27 70 
193 202 65 43 234 167 34 248 238 28 
89 98 174 113 235 161 6 160 136 169 
186 87 153 144 162 212 86 48 246 187 
121 99 176 36 242 21 104 115 94 107 
46 137 66 213 60 117 120 130 30 22 
230 24 72 39 185 243 51 210 240 112 
177 173 201 8 82 45 172 47 197 10 
83 142 41 219 208 152 67 229 158 32 
140 3 49 31 138 192 122 150 227 85 
147 166 110 132 62 103 194 54 164 90 
75 18 127 151 139 88 195 171 55 188 
69 220 149 155 180 205 108 40 198 156 
165 50 247 232 181 17 4 204 159 33 
200 211 196 68 56 25 182 2 1 64 
157 37 97 239 7 80 146 135 29 118 
92 102 231 9 96 59 105 93 129 215 
109 209 241 184 71 249 125 123 35 5 
44 
