1001
0 856 722 415 114 119 656 617 396 873 
971 864 488 486 80 686 311 609 825 787 
173 842 700 586 677 969 492 528 164 168 
390 709 983 422 182 872 409 198 22 120 
91 855 110 234 447 638 571 103 102 464 
205 99 321 265 697 469 754 28 871 266 
765 132 899 14 721 121 963 213 877 646 
504 730 535 336 400 9 111 267 242 191 
657 251 937 830 759 582 5 163 459 291 
972 47 814 910 901 576 154 196 577 148 
407 781 742 919 981 309 763 978 961 362 
493 271 228 740 39 930 879 4 244 779 
128 543 348 611 364 849 323 34 310 683 
30 200 72 733 892 194 412 806 133 248 
56 859 256 181 837 166 786 417 746 795 
282 428 124 342 357 455 581 222 883 408 
171 524 556 20 648 659 12 209 13 512 
37 378 374 596 717 889 792 81 688 994 
117 431 949 881 539 606 876 40 241 614 
526 791 371 130 273 675 49 324 534 716 
647 884 433 559 566 350 75 268 891 427 
860 760 260 439 243 237 349 616 880 826 
476 23 84 939 882 706 445 498 875 558 
373 83 150 702 3 690 522 778 338 93 
863 945 663 230 105 26 386 999 836 944 
304 167 997 426 299 25 853 358 42 622 
178 546 449 187 870 392 284 890 739 951 
160 51 585 799 231 584 803 928 821 138 
405 632 995 383 911 847 751 852 665 707 
874 687 810 651 517 434 898 726 180 544 
294 293 525 833 274 296 92 239 247 238 
115 947 235 88 394 503 851 906 354 142 
538 671 904 153 905 15 562 770 547 615 
696 958 140 448 926 815 11 177 341 681 
735 125 664 828 752 737 508 599 790 667 
317 467 970 432 487 52 854 672 379 980 
416 511 68 840 151 106 975 308 356 985 
327 429 50 452 277 560 943 989 610 612 
436 694 831 269 676 545 85 685 758 33 
63 406 587 580 112 801 643 423 807 303 
175 924 305 991 639 753 572 679 604 201 
141 605 89 583 635 962 461 502 172 319 
723 946 738 594 441 451 703 834 48 533 
920 494 532 300 109 257 98 18 868 940 
960 246 832 24 953 771 372 573 984 593 
185 414 35 58 777 603 126 129 314 761 
211 337 755 401 363 861 236 82 53 747 
159 2 780 224 245 169 841 424 846 551 
974 734 998 137 626 210 29 345 927 1000 
923 134 693 216 157 220 775 162 131 813 
804 719 380 444 768 212 226 823 902 756 
470 45 465 276 811 523 255 968 325 66 
988 782 808 290 557 95 720 223 822 90 
699 973 952 569 369 936 343 640 466 992 
280 896 645 188 64 460 965 623 190 263 
530 907 249 548 104 674 60 913 67 561 
669 195 316 174 55 404 454 491 1 845 
365 421 633 101 397 16 549 411 306 410 
925 79 555 542 718 229 253 86 366 62 
77 621 886 155 684 941 437 21 812 123 
206 903 598 827 113 773 312 143 270 118 
158 933 462 501 19 816 987 318 895 858 
7 692 221 479 908 381 774 625 537 197 
232 254 850 513 145 438 689 328 932 54 
281 97 387 745 550 326 724 731 673 649 
315 800 65 839 32 567 419 579 107 70 
333 355 601 442 61 375 929 794 652 554 
435 624 347 520 957 69 769 695 564 227 
712 668 322 917 313 514 279 8 382 283 
900 298 161 678 574 96 766 335 149 385 
370 425 6 628 844 757 217 108 956 250 
959 334 636 817 578 954 192 483 565 41 
592 862 219 608 395 802 176 788 818 552 
762 955 732 510 351 472 420 819 515 878 
521 750 888 893 122 331 798 165 74 691 
474 87 481 292 912 500 258 964 478 866 
589 446 634 704 887 921 783 867 329 600 
225 495 590 838 993 78 339 597 894 10 
301 440 403 529 986 650 897 346 848 796 
100 144 475 457 485 286 789 46 116 767 
531 499 976 938 540 805 184 139 613 641 
368 977 413 259 824 297 289 591 73 330 
344 809 748 31 736 653 967 146 655 218 
708 389 660 728 418 776 575 948 361 458 
527 658 654 193 183 320 797 59 450 715 
482 480 497 496 443 430 982 727 203 620 
57 820 990 285 553 36 456 772 71 918 
287 240 744 536 922 377 252 627 506 453 
509 233 170 261 713 262 490 631 199 352 
94 602 680 670 916 764 135 642 698 743 
784 630 359 857 785 189 829 915 835 725 
516 885 484 147 869 619 340 468 541 288 
391 477 629 207 588 353 711 637 595 398 
749 518 996 264 931 295 384 935 741 202 
136 43 519 204 186 332 399 644 568 471 
505 27 570 865 272 38 376 302 705 710 
179 393 507 17 127 607 208 76 966 793 
402 934 307 714 489 463 682 44 618 473 
278 661 662 666 909 942 214 843 360 367 
156 979 729 914 215 388 950 152 275 563 
701 
