161
0 103 144 76 87 91 6 137 129 88 
34 154 143 138 160 7 148 78 127 45 
50 135 150 139 89 122 55 70 24 153 
100 96 33 35 66 93 14 118 16 9 
60 105 3 98 99 82 32 51 5 27 
158 47 61 41 26 114 111 53 37 157 
113 74 36 15 69 147 56 146 117 63 
25 75 10 107 58 12 46 54 31 2 
95 85 64 86 72 131 17 112 19 151 
1 57 109 115 62 106 44 120 83 102 
29 40 48 132 136 145 20 28 128 125 
108 49 124 42 18 23 134 121 123 11 
39 80 65 21 71 77 67 73 13 116 
140 43 130 142 133 30 126 101 152 79 
159 97 84 94 22 141 59 104 4 149 
92 8 119 81 90 155 38 110 156 52 
68 
