1001
0 368 207 294 958 734 405 68 551 615 
529 178 174 718 590 216 541 848 913 585 
686 677 152 714 764 84 561 130 55 147 
120 763 995 667 494 768 41 746 491 798 
442 125 239 506 339 415 518 485 143 262 
827 725 166 513 675 274 398 788 774 497 
119 443 438 411 181 74 695 794 769 553 
191 382 51 709 780 881 826 552 312 286 
771 812 520 568 985 809 362 745 293 287 
880 563 533 661 252 159 96 158 91 523 
317 134 636 460 94 841 279 157 260 88 
249 345 843 684 138 436 124 836 276 702 
691 223 455 644 334 11 819 412 375 4 
569 184 698 904 426 581 732 324 480 521 
105 14 604 112 699 198 505 139 25 301 
797 710 673 997 584 183 979 748 624 357 
219 354 215 927 109 30 99 208 818 741 
63 52 535 855 924 176 651 638 976 259 
829 142 195 12 169 783 500 591 706 445 
451 753 122 952 932 967 116 437 327 113 
247 61 931 921 711 735 544 302 972 707 
957 586 346 278 678 65 669 490 427 177 
53 773 901 857 493 509 6 430 802 938 
944 472 19 227 668 676 171 853 73 770 
473 666 318 393 996 750 123 652 376 26 
890 336 214 963 407 574 271 237 731 536 
998 534 803 796 862 264 739 515 78 974 
254 477 946 95 688 378 950 288 805 133 
131 602 373 390 420 983 634 92 498 592 
690 369 817 9 749 524 232 631 738 425 
381 655 696 672 452 700 43 742 388 150 
29 791 429 13 370 948 918 779 448 466 
854 888 993 285 185 785 545 16 987 380 
385 875 973 27 314 446 296 903 48 925 
256 757 991 38 277 761 837 701 729 936 
106 674 76 331 593 342 46 685 845 305 
295 211 424 600 316 435 146 269 611 633 
54 956 917 117 606 659 916 507 160 930 
542 526 907 457 978 649 306 100 825 618 
765 341 372 465 272 418 39 693 363 940 
118 462 481 24 7 221 49 421 321 905 
988 579 733 222 891 683 850 469 56 82 
432 822 188 230 846 275 126 679 923 392 
928 245 662 384 582 723 292 637 479 36 
467 813 889 777 168 349 885 919 625 954 
470 18 189 434 580 906 202 562 194 315 
782 187 832 23 565 886 807 851 250 815 
575 330 860 205 555 417 645 681 605 492 
588 165 179 31 167 97 386 350 419 428 
608 982 289 70 808 401 594 164 356 648 
811 291 355 251 532 343 320 935 231 715 
461 990 310 842 726 450 787 389 220 560 
559 900 268 128 87 713 3 175 89 538 
37 929 273 396 101 501 961 352 626 519 
511 728 878 712 981 895 422 200 196 66 
911 423 62 754 201 439 847 33 303 994 
899 744 204 413 537 897 852 40 476 756 
86 72 872 190 284 893 653 121 613 240 
730 151 234 59 383 943 801 217 371 258 
458 814 21 486 489 597 556 170 270 281 
703 646 692 145 747 834 79 488 849 395 
800 471 902 937 856 704 867 933 248 71 
840 665 959 622 650 873 671 620 806 404 
522 114 629 527 992 656 359 767 986 960 
795 441 687 874 599 58 45 876 108 722 
598 664 781 861 540 464 69 786 607 81 
115 475 962 572 387 839 173 47 67 789 
64 379 135 156 864 908 325 192 566 828 
361 571 778 406 639 804 557 546 920 766 
632 892 609 459 939 999 558 5 266 141 
603 337 914 32 776 182 610 394 516 953 
942 22 236 10 499 719 391 793 218 810 
823 85 550 8 483 759 504 643 503 647 
77 512 934 724 282 431 226 313 871 865 
103 968 246 199 587 564 969 965 212 163 
241 90 265 468 323 689 333 752 366 347 
784 57 209 833 694 340 510 949 129 332 
589 402 80 595 751 213 868 528 283 830 
180 578 720 444 970 257 351 884 870 554 
127 298 162 297 654 721 525 496 319 35 
547 137 2 17 909 449 657 238 577 835 
335 517 229 614 453 367 44 225 717 866 
543 233 364 612 799 635 149 42 244 107 
154 760 263 894 619 630 640 144 567 898 
20 947 877 863 951 280 400 311 365 482 
408 161 955 910 98 792 971 60 772 308 
172 290 329 844 743 322 824 484 975 478 
307 821 670 617 197 831 110 708 601 539 
153 102 658 474 882 736 255 228 414 727 
530 869 508 883 879 111 762 966 682 816 
267 261 984 1 980 28 621 34 358 235 
858 642 977 964 433 627 374 299 300 447 
344 186 531 399 309 573 242 697 775 912 
514 132 15 83 945 377 1000 755 104 628 
549 326 338 737 583 50 859 224 410 576 
616 623 456 790 148 203 548 663 926 93 
360 941 353 896 740 397 502 989 348 409 
193 304 440 140 641 210 463 887 716 596 
416 758 838 915 243 253 705 495 328 570 
155 136 75 454 487 820 680 206 660 403 
922 
