161
0 96 18 52 29 74 73 23 83 100 
9 116 63 90 125 22 56 117 16 95 
10 160 31 42 98 89 38 148 123 24 
154 41 112 51 126 64 65 139 138 102 
39 159 137 72 30 157 54 127 57 40 
35 7 79 155 14 49 119 107 141 147 
146 153 97 105 82 92 128 118 71 152 
17 75 135 60 33 21 12 69 133 66 
28 1 114 99 76 32 15 85 101 88 
13 11 142 151 87 81 55 70 58 134 
124 130 53 110 61 113 94 93 140 25 
80 37 149 145 8 150 19 143 109 103 
67 144 77 129 121 27 136 4 86 78 
2 62 91 5 111 50 44 20 156 3 
104 46 26 6 131 59 115 36 120 108 
48 68 132 47 34 158 122 84 106 43 
45 
