501
0 342 48 333 122 304 183 491 378 471 
451 308 418 200 12 250 327 282 477 343 
448 423 209 407 245 141 427 155 158 165 
413 380 31 175 127 322 474 464 284 409 
468 285 373 406 220 142 436 292 475 222 
340 91 358 21 495 163 216 260 210 108 
484 174 324 189 253 169 166 302 447 98 
178 190 5 367 79 121 291 421 375 2 
25 261 72 208 7 352 57 400 154 75 
350 107 76 498 236 34 213 278 354 238 
106 62 101 197 237 383 387 397 59 140 
33 392 389 172 112 196 42 332 173 256 
493 55 225 270 295 54 465 164 411 43 
307 349 488 279 339 398 312 63 499 176 
425 353 240 185 390 415 78 198 20 377 
66 420 160 156 44 4 405 37 269 22 
74 410 281 372 467 144 457 132 247 186 
267 310 56 147 39 384 489 255 151 243 
246 242 444 469 296 449 500 93 429 376 
368 157 288 403 180 146 305 191 249 268 
394 212 226 396 430 161 232 82 88 371 
338 97 416 331 100 171 85 330 401 313 
150 227 192 319 50 69 99 379 145 473 
369 497 129 170 440 385 143 360 19 113 
366 32 194 359 15 214 94 494 453 215 
388 30 205 461 439 36 490 204 286 16 
290 217 306 452 336 258 89 230 58 10 
40 386 128 274 29 6 184 233 70 125 
443 87 90 118 95 280 434 316 86 51 
315 73 110 399 480 496 207 365 321 325 
104 446 428 13 357 283 463 248 117 96 
84 422 437 179 103 382 193 262 273 162 
81 472 68 482 254 317 257 17 299 105 
252 454 168 414 45 309 470 356 115 46 
433 135 116 455 35 334 244 134 229 370 
263 130 136 460 137 476 235 8 301 67 
83 234 195 442 341 328 432 131 199 277 
458 320 345 52 18 466 293 65 391 188 
148 344 53 61 412 123 133 393 450 219 
64 92 111 374 221 435 431 346 202 239 
167 298 287 224 3 259 114 119 314 251 
402 462 272 139 424 201 206 326 311 276 
361 478 41 364 11 211 149 487 120 381 
438 80 289 181 486 303 419 159 395 177 
203 228 49 14 483 218 27 347 241 152 
28 223 355 417 271 297 479 337 481 126 
102 445 485 348 363 408 9 441 265 318 
335 23 153 300 294 109 492 138 329 362 
264 351 77 26 323 60 459 1 266 426 
456 71 231 275 187 182 38 124 404 47 
24 
