161
0 142 2 106 43 90 24 108 109 77 
56 13 44 57 95 96 60 115 33 159 
118 153 38 6 22 98 21 40 131 140 
28 42 41 4 97 91 145 105 117 155 
129 99 138 121 73 148 54 3 83 49 
144 27 1 78 5 84 76 67 119 68 
19 158 47 31 116 149 126 51 8 101 
10 114 35 89 59 61 123 94 82 100 
86 32 130 50 125 12 152 36 141 156 
87 88 65 17 63 37 55 25 160 128 
16 127 150 15 146 154 120 137 85 107 
26 52 14 75 34 11 135 58 93 157 
46 104 9 74 18 7 122 79 39 113 
134 112 80 81 66 151 23 139 20 136 
132 45 111 53 29 30 70 102 143 71 
110 133 62 69 92 147 103 72 124 64 
48 
