251
0 92 87 94 24 172 167 60 99 157 
67 119 146 182 102 232 76 195 104 111 
216 17 143 201 95 190 151 105 247 128 
57 153 246 11 138 183 48 233 36 226 
240 78 66 77 152 221 96 103 170 133 
239 56 136 207 213 242 241 185 2 116 
6 175 50 173 33 108 205 222 123 215 
129 7 10 106 223 114 228 220 176 230 
55 187 155 134 174 51 61 75 144 163 
12 45 137 234 243 180 154 44 26 65 
211 217 189 52 124 9 101 145 22 23 
125 210 214 41 16 4 46 147 13 236 
192 158 229 249 162 81 117 139 113 219 
179 29 196 248 235 244 38 25 178 98 
31 225 224 227 198 127 245 193 131 150 
74 15 35 3 93 21 62 238 148 91 
84 142 191 140 20 161 231 5 194 97 
32 188 83 110 199 100 54 120 63 1 
53 107 69 204 202 218 28 88 203 73 
250 59 79 89 149 70 237 43 42 141 
109 122 47 71 212 126 112 90 165 132 
19 160 82 121 181 86 169 115 18 72 
159 164 58 8 14 85 39 80 156 206 
34 184 166 186 200 68 130 30 171 168 
208 118 49 197 27 64 40 209 177 135 
37 
