501
0 177 192 308 483 152 134 58 338 176 
136 106 321 114 64 246 350 334 118 179 
43 175 108 289 399 477 327 359 281 273 
462 110 316 30 237 162 353 343 442 337 
491 411 224 232 275 364 282 465 431 387 
490 140 123 481 260 389 286 51 300 276 
66 17 236 202 274 105 362 500 184 164 
349 249 47 52 109 59 412 218 499 342 
113 259 379 383 245 489 354 332 376 460 
182 62 258 348 133 432 314 12 381 170 
143 32 1 243 141 124 322 330 50 39 
154 42 395 67 13 84 352 488 229 424 
444 382 18 200 326 74 79 112 437 252 
253 70 401 161 261 23 284 190 429 360 
203 206 487 107 69 438 298 216 307 248 
463 380 73 72 456 265 247 328 443 139 
355 325 345 158 366 469 250 425 83 205 
288 211 117 472 75 370 149 151 278 129 
297 142 238 14 40 181 419 372 57 101 
188 476 214 452 119 367 470 464 213 210 
97 269 317 277 38 311 2 358 430 336 
11 390 201 302 402 410 423 132 426 457 
55 408 309 404 369 225 86 375 68 36 
262 76 212 363 135 270 111 227 34 474 
397 100 283 461 41 93 299 240 320 267 
398 271 187 148 285 417 403 482 44 90 
445 102 24 45 496 418 128 16 166 303 
173 63 378 77 103 266 174 450 223 346 
427 287 357 420 377 3 347 26 498 37 
228 204 193 185 341 471 220 155 459 6 
333 405 467 116 391 304 195 157 81 194 
436 324 15 89 351 78 138 433 313 406 
145 234 294 208 455 180 88 96 254 235 
279 53 396 126 374 153 497 156 27 344 
233 242 340 46 56 263 371 435 85 60 
219 295 449 413 447 159 178 61 125 222 
104 122 292 373 329 421 147 356 95 440 
251 5 495 4 186 71 392 368 169 478 
215 361 49 31 29 28 394 99 20 385 
331 80 439 217 120 130 318 386 197 466 
296 115 94 272 494 264 8 458 19 244 
183 10 230 257 199 339 209 131 160 468 
239 54 323 486 454 485 446 312 150 198 
189 422 473 409 414 163 91 434 305 207 
191 35 493 453 231 255 475 335 241 451 
98 146 301 167 280 407 165 21 416 310 
268 365 384 393 256 400 9 479 48 22 
196 448 480 388 144 33 221 127 428 306 
25 484 7 65 441 121 226 92 137 293 
172 82 492 87 415 290 315 319 168 171 
291 
