501
0 417 464 214 497 211 145 447 106 93 
165 180 37 289 168 440 342 123 468 281 
63 250 196 69 32 60 490 247 359 14 
470 203 10 370 5 332 174 99 9 357 
48 3 369 462 66 125 181 20 104 84 
200 268 312 379 167 264 433 138 499 156 
338 127 137 293 407 4 162 65 1 398 
411 425 21 57 26 471 149 261 404 409 
372 452 392 375 397 355 314 384 142 218 
344 39 54 76 256 206 330 150 448 223 
280 178 255 477 500 161 263 128 160 367 
68 353 252 12 282 31 34 157 235 465 
38 498 114 251 143 308 347 183 253 89 
445 430 17 171 298 107 239 122 388 25 
140 110 412 458 188 146 258 8 245 288 
170 424 75 112 232 459 195 23 443 163 
473 435 300 438 351 463 450 292 62 285 
496 228 83 456 108 350 413 246 78 115 
431 421 454 85 216 434 400 446 415 16 
197 346 159 269 453 313 121 120 275 105 
169 98 133 318 55 40 257 79 177 475 
373 394 44 74 364 476 401 198 116 210 
371 11 423 126 482 175 274 86 50 213 
295 386 230 179 479 19 182 259 222 405 
164 129 266 231 333 279 287 301 395 441 
396 191 56 309 77 385 297 467 6 387 
305 109 376 284 103 217 272 226 278 377 
225 495 299 323 96 489 277 483 349 135 
117 432 102 267 13 381 45 92 356 173 
204 304 303 408 362 339 220 207 474 310 
366 2 209 422 184 260 354 243 271 326 
262 360 187 491 306 201 186 393 49 215 
270 205 248 494 315 283 481 212 427 119 
460 41 478 237 492 340 43 134 219 469 
322 193 325 18 95 436 80 320 53 113 
118 61 28 227 151 64 378 331 176 363 
229 294 307 341 189 236 449 199 302 402 
158 111 22 437 94 419 374 316 100 221 
154 365 7 136 484 153 329 488 286 224 
139 152 276 420 383 457 29 273 147 240 
406 141 416 67 311 52 337 185 70 352 
444 238 47 42 439 461 144 368 148 91 
233 208 336 35 442 487 97 51 30 319 
358 88 33 345 190 480 382 418 234 455 
101 130 334 410 426 403 72 485 414 296 
27 291 82 486 242 244 73 328 172 321 
451 428 155 46 15 166 194 361 324 327 
87 399 24 429 391 132 241 192 389 380 
317 335 59 124 343 390 265 348 71 131 
58 466 493 36 249 254 202 472 290 90 
81 
