161
0 7 50 15 94 106 88 101 130 21 
64 132 157 40 29 42 103 147 41 61 
138 8 148 92 19 28 136 99 72 133 
43 100 139 121 12 119 45 34 160 49 
144 137 27 56 93 131 67 79 9 26 
102 82 53 57 129 86 96 87 81 44 
78 153 124 143 69 113 141 22 14 52 
4 36 112 37 70 116 3 117 159 118 
109 97 62 158 33 32 25 66 111 38 
73 140 10 156 120 127 142 31 51 2 
17 46 1 76 47 39 16 146 59 65 
60 58 6 134 122 83 77 84 98 114 
152 95 24 48 11 18 150 89 85 128 
91 13 115 110 90 108 75 104 126 123 
71 63 145 135 151 107 125 54 68 80 
154 20 149 23 35 74 5 155 55 30 
105 
