501
0 220 254 450 420 7 98 218 114 389 
492 16 14 331 455 18 63 208 372 345 
273 212 97 329 414 266 133 44 96 61 
262 188 363 70 336 440 223 161 312 157 
334 338 442 68 485 171 209 427 291 180 
380 55 400 429 250 365 243 459 170 493 
56 369 62 282 203 424 465 366 353 53 
256 211 138 27 383 121 71 25 415 268 
279 105 479 430 88 381 399 297 475 318 
370 75 186 137 463 190 36 327 3 2 
265 305 489 371 1 95 428 224 260 46 
227 351 487 183 340 81 100 289 466 335 
174 86 470 393 32 438 245 402 483 179 
124 225 319 359 104 269 202 205 29 278 
434 11 103 43 280 230 410 500 339 421 
143 232 431 405 162 164 22 151 332 342 
467 472 119 498 79 120 176 12 19 354 
210 346 200 24 49 445 328 469 404 285 
64 60 126 150 246 300 248 276 477 395 
382 47 453 494 42 33 439 175 83 142 
10 448 154 69 204 313 474 28 408 376 
480 488 111 140 109 144 67 337 165 316 
134 92 51 422 99 496 199 172 216 277 
166 257 358 413 239 476 182 241 17 213 
226 34 35 141 31 45 288 173 255 398 
397 283 484 59 274 193 235 187 168 152 
145 368 306 259 314 221 125 392 102 5 
390 388 416 446 215 355 290 4 356 458 
341 129 252 497 37 261 409 54 153 146 
364 23 158 229 391 181 348 401 52 197 
80 222 107 317 406 30 286 66 116 6 
437 21 298 238 149 57 308 377 131 275 
361 177 122 185 26 362 85 323 113 456 
350 167 387 330 82 234 237 118 478 462 
374 481 74 407 9 258 417 91 128 242 
375 198 443 423 301 385 461 201 147 360 
206 127 263 251 101 178 93 58 117 460 
464 299 394 194 396 228 333 435 315 48 
155 244 41 87 490 441 90 304 192 347 
325 293 367 148 379 457 106 73 302 310 
50 436 468 207 267 320 270 8 311 284 
139 303 272 495 384 77 76 264 378 357 
454 132 432 123 38 309 419 195 136 296 
219 40 452 449 89 343 271 473 253 491 
240 344 78 373 214 135 499 189 184 444 
169 411 191 281 386 13 130 486 247 412 
249 294 159 217 321 65 196 403 115 287 
425 84 94 352 156 326 233 39 231 324 
72 112 160 307 236 292 447 322 110 418 
15 20 108 451 295 163 433 426 471 482 
349 
