321
0 23 229 238 236 53 22 68 217 212 
183 44 176 291 107 7 175 306 252 145 
271 243 89 245 239 40 29 75 58 242 
157 308 149 77 41 116 231 211 260 194 
48 250 237 214 204 10 171 174 64 9 
106 136 94 83 112 135 244 203 95 208 
294 167 143 178 262 305 16 313 69 128 
151 257 312 127 246 4 130 180 258 192 
79 152 19 52 14 241 249 264 30 277 
100 118 65 254 187 86 158 3 74 102 
201 76 5 154 13 146 101 173 253 12 
97 259 296 251 21 78 20 99 319 280 
226 240 43 303 290 134 17 216 62 42 
31 205 299 261 273 57 223 292 8 189 
301 311 54 88 46 129 234 213 49 105 
142 35 275 172 266 288 51 140 197 233 
256 268 297 85 156 293 80 309 45 318 
93 109 103 33 198 50 38 155 283 284 
195 1 114 282 113 218 248 150 289 199 
119 117 162 90 181 55 228 27 196 193 
235 247 25 314 316 18 190 26 47 104 
98 224 310 161 278 82 124 232 122 206 
267 92 24 73 274 185 70 227 209 15 
123 184 315 279 285 139 169 28 63 60 
144 84 219 276 272 302 304 138 186 91 
286 11 36 164 295 72 265 132 263 71 
220 159 225 207 111 170 307 32 2 6 
168 66 141 115 59 221 177 230 191 61 
317 210 153 160 166 110 56 148 222 34 
67 200 179 126 300 163 320 120 125 269 
281 165 255 133 131 96 202 137 182 215 
108 81 87 37 39 270 298 147 121 287 
188 
