1001
0 620 54 193 994 354 694 816 721 351 
766 80 33 482 462 531 400 556 949 819 
435 471 404 578 182 236 45 505 183 772 
189 917 224 87 983 754 786 138 665 322 
283 627 727 185 99 717 614 638 709 778 
359 390 533 783 235 560 50 125 884 498 
898 411 298 523 843 646 127 514 432 850 
245 338 356 12 718 495 628 810 106 439 
784 30 425 272 542 397 613 376 921 911 
559 491 670 824 724 263 558 936 788 961 
606 436 807 210 96 480 220 91 157 508 
275 105 168 122 681 703 804 901 781 693 
871 521 297 934 381 254 213 582 846 372 
456 679 546 930 345 746 885 398 324 864 
569 20 968 752 94 875 760 629 564 791 
93 914 282 67 172 331 647 677 859 517 
171 728 116 353 731 134 967 225 76 314 
309 37 684 222 984 509 278 982 769 139 
227 749 892 603 142 455 998 1 716 567 
651 201 406 790 284 367 940 327 581 907 
119 153 483 576 738 711 844 893 344 870 
205 131 854 524 164 3 497 623 199 47 
975 516 28 313 368 62 17 643 52 950 
340 440 520 882 956 710 467 216 639 229 
89 530 98 36 431 526 136 518 527 865 
977 969 690 366 551 682 379 391 307 226 
878 618 795 401 662 186 989 648 625 630 
266 566 619 200 696 747 916 995 706 543 
963 979 615 7 388 877 88 649 745 708 
673 187 427 86 258 801 173 974 232 306 
261 202 595 22 472 8 586 860 996 373 
453 383 459 809 249 165 82 303 831 371 
133 814 640 689 507 570 817 195 945 830 
24 970 897 550 84 838 145 607 590 418 
883 900 217 794 215 74 700 135 430 972 
663 888 596 55 286 947 823 2 233 894 
840 412 862 993 42 600 924 751 448 918 
797 32 179 81 170 836 487 163 714 350 
56 63 604 608 654 532 58 955 181 362 
687 248 598 146 756 981 943 267 593 637 
903 212 460 767 973 683 361 337 14 300 
332 10 808 175 602 664 159 641 726 420 
196 299 375 428 247 287 525 652 966 779 
281 910 342 211 486 243 584 450 162 886 
393 330 553 937 208 475 985 271 452 417 
656 536 69 53 66 913 147 194 109 492 
149 78 594 680 239 561 339 334 946 545 
148 815 889 336 426 304 515 317 852 701 
909 782 725 674 444 695 259 986 77 458 
792 686 563 25 489 6 863 571 265 965 
104 755 221 800 117 274 534 832 506 442 
585 732 715 811 364 499 730 16 774 612 
288 110 951 987 631 622 454 293 97 511 
874 311 360 158 552 537 691 494 771 743 
812 423 941 178 347 61 268 321 574 111 
26 759 688 290 650 434 540 129 144 733 
155 302 484 666 65 496 953 611 740 632 
476 466 793 369 735 386 18 415 451 27 
591 748 1000 802 318 473 130 493 992 188 
866 310 387 661 744 488 256 960 112 572 
818 399 573 123 601 31 971 285 699 479 
269 485 101 474 592 234 905 895 635 942 
713 422 433 152 143 741 839 329 92 253 
358 177 912 856 720 535 935 385 395 938 
357 777 698 519 214 867 161 775 548 876 
326 206 923 192 879 64 528 13 835 333 
424 166 419 405 565 541 757 976 825 959 
396 238 219 915 230 954 46 301 978 246 
929 457 107 180 103 169 323 999 39 685 
948 658 126 441 583 461 121 925 575 481 
312 933 805 539 980 23 737 653 421 617 
504 240 255 750 837 128 829 904 273 292 
257 34 990 100 510 73 160 407 821 35 
108 763 931 355 19 847 657 260 408 378 
409 958 920 11 463 952 621 858 40 636 
410 346 633 776 820 773 478 477 826 363 
377 277 140 796 568 374 513 780 899 806 
668 736 848 443 667 707 384 932 787 464 
252 132 712 529 490 828 655 124 868 890 
176 289 589 919 761 723 343 315 671 739 
988 957 554 873 352 587 722 437 151 869 
70 392 209 822 962 597 676 765 928 734 
429 616 349 291 320 799 939 251 380 167 
156 141 154 927 319 348 768 588 813 624 
678 113 4 626 881 150 174 887 44 29 
557 547 190 764 502 228 642 500 21 549 
501 264 580 922 15 370 184 544 857 469 
645 880 827 328 231 308 512 120 191 906 
659 861 705 851 803 522 944 114 503 280 
5 335 669 79 697 577 753 68 872 672 
43 762 845 115 48 449 849 997 610 414 
991 675 294 242 964 295 276 95 197 204 
279 41 59 719 250 316 644 599 445 834 
470 742 389 49 102 842 891 241 237 305 
51 57 75 758 403 118 562 207 72 855 
218 853 798 365 634 223 660 833 555 785 
262 702 438 447 9 413 579 729 465 789 
244 692 908 468 83 203 296 538 926 841 
325 605 446 896 394 38 85 137 704 382 
198 770 90 60 902 609 416 71 270 402 
341 
