251
0 75 134 59 131 225 156 103 152 177 
243 250 48 14 183 209 222 22 248 102 
158 99 146 81 92 197 44 234 186 184 
133 85 79 16 83 171 192 27 24 178 
195 30 112 18 68 164 238 135 11 114 
116 61 122 121 226 50 19 124 117 223 
206 111 140 63 64 94 246 161 17 142 
148 203 221 29 205 141 109 145 78 138 
108 56 95 190 204 123 20 98 247 91 
220 26 46 196 144 230 106 58 115 162 
9 212 180 179 72 41 160 15 49 227 
82 107 37 207 154 224 45 129 150 182 
208 157 118 105 62 3 130 31 6 43 
151 90 202 187 211 54 249 214 35 245 
126 42 242 53 235 163 170 201 169 52 
28 175 232 239 25 228 76 4 2 77 
88 110 167 185 233 218 216 240 12 165 
87 70 119 84 153 65 229 120 244 155 
210 93 8 23 174 7 217 200 125 34 
13 166 86 168 40 113 80 147 237 39 
69 137 193 55 176 1 199 191 32 231 
127 96 136 241 128 66 47 100 104 236 
173 5 89 213 21 143 71 101 215 189 
33 172 188 74 198 181 149 159 36 139 
67 38 57 10 132 219 51 97 194 73 
60 
