701
0 306 671 293 21 280 244 597 299 132 
696 238 408 497 312 152 473 54 83 171 
564 553 302 423 566 645 383 64 58 62 
589 627 468 274 139 166 379 579 675 388 
31 231 586 567 393 680 69 32 218 555 
118 168 289 76 260 664 140 119 434 628 
127 371 580 626 583 554 251 421 403 369 
245 478 610 71 665 355 133 187 97 256 
387 607 570 442 320 471 653 123 310 240 
315 334 667 380 450 173 11 392 288 614 
41 574 357 545 436 394 47 39 49 131 
246 663 410 443 202 562 359 519 219 612 
50 407 536 6 398 188 489 267 385 26 
262 141 351 584 679 225 253 283 270 43 
647 341 153 600 208 517 642 216 164 87 
431 309 576 248 486 639 181 203 48 222 
366 24 110 426 510 602 591 689 466 354 
682 313 33 17 28 344 656 107 15 342 
318 661 559 598 46 670 322 298 207 66 
453 404 547 44 51 484 1 563 537 479 
539 239 22 177 543 229 324 60 4 391 
115 526 117 360 261 169 193 655 186 503 
59 167 13 527 134 183 327 242 200 61 
658 42 588 190 146 212 617 446 346 135 
472 158 390 243 515 476 184 23 372 603 
521 356 111 130 623 549 560 204 223 89 
88 568 693 609 501 358 277 698 70 491 
451 314 448 544 668 195 622 427 365 65 
124 151 447 646 542 565 103 275 432 254 
316 377 198 654 52 93 370 35 331 633 
480 674 604 643 490 456 233 211 217 79 
657 363 265 230 235 278 457 305 676 221 
7 269 101 364 620 541 102 321 595 19 
374 144 252 53 581 149 25 317 592 659 
499 522 236 122 613 319 332 128 452 615 
112 477 226 470 199 636 343 174 362 534 
213 286 481 214 635 185 228 255 435 116 
386 330 57 292 155 271 506 624 389 691 
606 651 669 339 205 629 108 142 469 264 
505 38 650 295 474 335 599 180 378 2 
425 72 329 686 649 465 494 100 608 55 
577 429 487 368 192 29 75 78 297 285 
80 529 688 307 303 290 197 345 96 528 
14 176 637 77 361 535 495 196 504 201 
411 215 105 611 250 68 557 396 232 67 
182 677 120 462 488 530 601 401 533 498 
156 582 538 412 437 99 697 159 220 340 
493 258 673 272 551 662 179 284 104 279 
145 27 695 514 524 441 328 338 511 304 
247 81 415 18 373 294 641 409 287 575 
518 56 444 548 402 82 349 594 502 520 
337 150 652 439 395 194 550 37 268 381 
91 458 406 136 325 45 92 175 455 249 
40 63 147 281 558 109 172 308 678 405 
440 189 129 496 449 483 375 376 460 86 
699 273 492 424 237 640 516 433 666 660 
571 266 95 143 227 634 5 585 540 311 
74 512 34 500 94 98 523 569 508 572 
209 507 685 165 690 467 417 400 618 684 
631 692 632 291 413 333 160 16 648 113 
681 36 162 163 532 397 126 157 382 138 
353 12 210 257 73 459 367 106 336 485 
438 84 414 694 644 234 552 384 687 154 
672 638 621 121 241 463 422 348 9 420 
525 282 323 326 593 556 546 352 137 683 
276 3 259 10 296 561 475 350 700 224 
464 114 399 587 578 263 445 418 300 428 
616 161 573 30 482 8 148 206 85 625 
596 531 430 590 125 605 419 513 90 347 
509 454 619 461 191 630 301 416 20 170 
178 
