501
0 339 293 127 464 233 36 56 201 173 
130 101 12 182 215 30 245 340 457 71 
81 450 226 382 326 500 205 357 189 151 
195 196 220 385 144 148 310 140 52 21 
178 363 113 97 402 58 262 171 41 34 
174 14 155 437 276 98 235 319 390 478 
281 94 219 251 440 125 250 422 5 118 
283 63 8 376 265 378 345 445 66 86 
286 214 208 307 350 243 295 344 360 40 
300 253 443 434 487 216 453 365 38 168 
69 99 1 3 111 398 264 32 225 327 
129 469 492 328 490 325 48 308 185 46 
75 470 433 122 224 425 411 413 116 166 
139 26 72 61 53 242 351 128 115 238 
78 137 49 131 304 396 298 472 57 370 
498 70 10 421 100 392 96 266 254 417 
404 410 255 88 22 301 497 282 332 475 
459 65 424 43 259 364 186 389 234 209 
491 495 161 147 180 124 165 412 108 149 
306 134 223 79 150 393 42 336 249 62 
448 246 400 432 324 33 447 31 395 387 
338 261 333 159 167 240 172 114 297 146 
362 355 192 229 407 280 456 170 305 121 
7 493 296 104 285 291 28 451 107 232 
337 19 444 408 200 465 299 202 452 455 
439 92 204 217 126 60 334 346 316 17 
379 102 442 257 486 213 218 284 105 231 
73 89 163 348 169 237 51 269 427 136 
199 142 489 135 13 133 496 494 320 397 
198 179 83 274 414 45 275 330 6 248 
278 485 154 436 460 74 260 152 263 177 
371 272 292 190 399 138 343 85 160 76 
11 383 210 311 228 302 358 287 380 37 
384 386 35 361 289 321 482 409 375 347 
359 59 110 181 406 227 341 435 458 449 
277 145 84 477 388 206 461 488 423 39 
29 314 416 294 374 322 271 290 67 268 
312 16 120 446 112 377 342 430 273 9 
141 313 236 474 239 403 438 309 27 244 
441 368 369 23 25 373 315 401 203 20 
329 349 54 132 24 191 258 247 473 91 
4 426 270 211 95 331 317 80 184 394 
18 381 221 256 463 162 431 391 87 499 
481 212 143 50 187 68 106 109 372 197 
44 366 415 175 47 82 119 222 323 230 
123 479 468 15 157 462 103 241 158 2 
176 194 90 153 288 164 77 471 303 335 
454 318 64 55 428 405 418 156 193 367 
279 466 183 429 420 476 207 188 419 93 
117 352 483 354 467 353 480 252 356 267 
484 
