251
0 118 208 148 153 43 39 8 197 239 
73 216 193 99 84 115 192 156 119 222 
72 234 136 125 9 63 183 44 134 250 
142 139 4 97 62 157 171 53 166 246 
49 138 50 94 176 247 19 71 24 218 
137 177 212 225 113 2 151 95 202 51 
140 104 29 1 109 121 182 36 214 64 
88 77 135 180 11 98 130 244 124 131 
28 93 16 60 20 37 90 133 198 100 
164 196 219 209 76 249 167 79 189 61 
38 238 147 204 170 91 185 144 92 17 
65 75 186 129 203 114 213 46 102 231 
58 107 169 111 56 215 7 207 110 220 
122 168 89 32 154 42 241 47 81 132 
67 158 127 236 181 205 85 163 143 54 
25 128 141 161 173 152 146 232 68 55 
184 87 227 34 165 30 233 6 174 33 
200 48 191 78 86 26 103 108 59 228 
69 145 245 126 243 221 159 123 45 10 
190 27 41 150 240 210 112 40 230 188 
223 116 175 162 106 82 248 226 23 57 
179 172 117 178 74 194 22 224 242 80 
35 217 206 155 15 160 12 70 18 13 
96 235 199 14 83 101 237 105 66 229 
120 31 21 195 211 5 187 149 201 52 
3 
