501
0 72 183 452 239 113 95 314 210 373 
155 328 344 414 439 450 92 16 209 149 
258 340 426 482 100 144 166 489 326 319 
162 77 460 175 20 243 139 244 190 147 
357 298 177 339 402 321 17 349 325 194 
242 285 257 84 217 25 148 383 76 70 
227 163 245 413 490 405 330 132 355 394 
249 462 315 475 85 365 22 75 295 428 
176 310 111 391 458 396 395 253 378 477 
422 381 36 481 267 427 90 225 73 220 
230 19 472 313 213 98 261 359 451 272 
1 341 453 137 126 195 302 377 480 287 
152 424 50 138 30 345 165 82 488 360 
476 12 216 367 32 109 318 42 8 425 
342 102 106 83 300 31 273 233 240 408 
7 487 500 89 180 469 252 290 492 447 
467 372 122 478 338 498 172 96 415 323 
124 241 343 382 431 44 34 299 64 208 
260 140 496 479 404 436 442 112 91 281 
336 157 141 271 127 61 448 303 293 71 
200 201 4 33 29 168 224 430 193 135 
63 198 221 214 68 429 406 203 207 322 
386 58 461 181 384 28 43 432 399 218 
99 27 419 418 403 246 329 390 182 5 
354 347 238 443 286 497 277 468 185 39 
24 457 10 269 88 473 15 474 327 499 
115 150 234 56 350 308 3 191 361 247 
392 353 103 173 26 97 493 79 363 197 
446 14 161 316 410 116 288 235 332 397 
311 387 18 385 388 105 292 266 94 121 
74 379 307 333 199 441 306 305 484 255 
289 412 301 187 189 52 433 223 466 146 
119 118 186 81 65 35 456 324 278 60 
317 444 120 45 420 409 368 40 178 279 
55 282 256 455 46 130 196 110 59 309 
142 133 205 364 440 2 362 41 13 66 
417 304 265 211 179 464 375 263 145 270 
131 421 380 449 351 78 264 159 184 438 
296 167 67 57 202 222 23 231 434 445 
459 136 154 471 262 465 356 153 51 268 
188 334 437 108 6 411 123 335 107 371 
283 228 369 192 11 215 416 274 87 423 
389 352 250 348 226 495 346 174 370 276 
483 80 463 485 53 151 284 248 486 206 
232 156 160 358 470 49 236 374 280 259 
170 169 219 294 54 407 128 48 398 47 
104 454 297 337 320 491 366 254 129 393 
171 494 164 134 158 38 331 101 400 143 
204 291 117 62 376 237 9 251 114 93 
212 69 312 21 229 435 275 86 37 401 
125 
