1001
0 658 121 453 742 799 720 571 906 813 
285 317 341 778 739 793 187 303 815 621 
541 278 3 400 606 386 752 176 39 58 
239 151 112 325 502 438 153 774 63 256 
854 849 706 28 897 933 201 925 273 649 
362 88 850 16 998 344 142 46 72 79 
837 61 875 498 848 591 826 164 676 50 
163 661 289 802 879 20 237 731 107 376 
23 81 618 540 831 252 859 712 90 980 
209 725 745 503 566 149 981 506 687 775 
459 224 762 962 596 262 983 767 29 684 
280 333 210 719 893 2 562 387 274 688 
855 671 385 6 667 364 817 721 788 839 
272 435 587 789 800 997 760 627 567 505 
993 909 563 985 188 232 247 73 221 115 
37 784 840 977 550 335 314 390 928 632 
13 416 75 507 446 823 920 193 551 677 
770 80 462 444 544 319 331 960 456 704 
810 929 518 872 524 403 91 898 522 711 
559 743 41 253 934 616 217 228 165 891 
449 952 26 170 47 588 5 192 421 921 
835 636 668 348 223 480 992 703 582 931 
10 59 102 124 160 766 521 191 301 919 
526 520 109 546 670 493 215 122 71 349 
607 294 21 847 791 565 908 173 623 32 
245 773 491 495 461 360 792 391 806 509 
648 525 31 593 177 158 558 297 659 258 
782 642 365 134 132 17 610 178 769 184 
900 372 971 683 363 754 874 572 718 868 
733 709 768 736 912 366 322 62 410 175 
68 204 758 530 384 794 359 866 555 685 
918 412 647 996 888 777 605 765 947 581 
595 515 844 467 295 30 871 19 169 873 
494 399 140 932 329 240 804 805 97 723 
959 751 440 234 594 785 380 458 194 552 
425 254 967 437 542 54 358 812 674 67 
641 923 833 302 470 949 36 869 532 851 
665 159 954 263 211 600 395 166 853 666 
77 33 48 825 939 757 589 517 951 634 
300 846 38 944 570 406 499 66 560 976 
171 45 116 964 199 370 637 814 764 945 
290 575 337 465 53 340 744 645 244 460 
528 354 86 536 639 728 624 318 779 481 
678 87 96 270 327 40 529 207 896 500 
347 905 24 474 488 482 313 613 226 457 
44 95 338 574 543 680 361 85 692 309 
428 972 227 183 913 538 608 42 892 128 
561 899 339 578 277 436 374 568 689 330 
156 76 999 963 167 196 614 598 862 597 
808 145 265 922 200 646 404 241 283 434 
824 235 968 464 519 368 747 511 750 250 
715 392 881 246 432 345 975 537 512 994 
34 807 970 389 643 740 423 746 367 451 
845 202 452 738 501 753 82 94 910 956 
7 995 179 49 622 651 852 104 411 475 
615 357 242 838 161 950 429 547 729 454 
749 356 212 445 316 279 222 508 601 553 
430 60 162 292 190 883 619 640 11 472 
801 78 657 686 943 9 724 907 820 89 
531 938 110 131 557 155 431 154 697 821 
248 857 119 914 310 323 427 328 261 343 
915 220 476 895 448 113 415 484 533 656 
672 402 100 197 424 664 523 602 255 394 
693 620 168 22 288 726 741 886 691 663 
705 958 580 669 827 485 682 186 809 238 
264 231 477 611 695 675 965 836 966 324 
924 652 819 298 130 1000 941 299 413 185 
527 714 612 172 143 986 990 894 463 106 
514 152 396 375 635 157 930 98 320 487 
422 858 208 860 12 105 628 43 961 377 
393 236 650 903 146 698 275 27 732 351 
306 937 496 117 795 510 14 708 534 65 
405 548 631 786 381 926 889 147 311 332 
722 599 225 150 696 644 286 832 206 455 
927 545 378 103 133 315 267 84 948 284 
479 114 942 654 126 564 439 216 308 662 
781 834 125 74 382 864 604 52 863 441 
18 936 876 243 398 350 447 699 796 418 
818 877 213 118 469 379 409 776 483 141 
304 816 516 144 783 426 260 1 617 57 
388 490 772 870 885 293 287 251 69 433 
957 955 271 233 148 305 414 419 690 583 
592 8 218 450 214 586 988 798 843 979 
229 127 917 761 710 882 259 887 880 569 
268 987 585 92 625 219 129 573 759 755 
471 468 679 51 198 352 701 638 953 716 
790 355 182 282 346 734 321 904 137 584 
336 249 780 397 935 633 408 56 373 653 
629 401 763 15 901 556 4 576 99 342 
797 727 856 681 828 822 969 189 911 64 
266 579 123 135 702 55 513 984 609 291 
111 497 296 655 577 504 884 442 353 735 
989 982 25 829 830 369 136 417 203 443 
974 93 890 730 717 973 811 539 230 737 
489 861 916 276 269 787 326 535 700 101 
803 603 707 138 70 841 407 748 205 756 
878 83 660 554 842 940 466 673 865 371 
420 478 902 549 492 281 120 630 334 257 
946 195 867 590 978 108 180 383 771 626 
473 312 991 694 713 181 307 174 139 35 
486 
