501
0 49 209 116 39 341 33 149 435 66 
386 57 137 456 266 496 18 145 311 374 
265 9 430 404 119 327 260 202 489 210 
314 329 133 492 378 328 338 394 458 214 
55 473 463 467 388 60 264 227 204 323 
348 19 443 212 221 490 259 67 379 248 
178 319 447 107 282 332 91 357 354 495 
83 3 179 451 372 304 161 325 352 21 
219 185 313 295 158 485 171 482 309 1 
188 34 409 469 256 177 419 287 65 487 
445 288 466 46 146 362 87 175 71 405 
31 70 36 441 448 62 384 155 326 340 
486 368 123 12 438 380 50 381 353 142 
77 17 153 181 141 61 173 213 432 13 
150 245 481 134 79 189 56 322 30 25 
497 344 476 382 292 246 261 434 23 346 
424 317 271 299 371 433 274 343 68 88 
475 203 347 58 428 37 413 223 453 373 
103 356 415 100 160 376 285 69 93 26 
459 104 303 273 52 254 156 135 108 54 
252 425 211 339 112 78 431 377 427 24 
498 426 421 102 76 297 110 22 281 464 
243 41 222 226 318 263 390 358 452 63 
494 307 200 180 250 298 172 85 385 334 
196 208 98 389 140 229 162 28 126 280 
262 283 131 462 152 233 114 416 414 366 
167 238 279 183 470 230 20 231 461 417 
402 296 401 201 420 124 151 403 406 218 
43 330 449 235 300 228 240 408 111 94 
499 32 42 247 165 157 349 11 284 159 
500 199 73 316 471 143 80 27 115 289 
375 232 195 258 393 444 333 342 10 128 
92 383 454 423 244 216 488 345 97 190 
331 275 234 315 220 437 446 15 411 387 
198 276 86 191 267 290 113 395 255 217 
321 442 480 407 45 84 367 465 8 249 
6 182 224 312 109 477 130 483 225 301 
241 291 336 251 14 138 351 361 47 75 
99 418 355 64 148 269 186 257 136 176 
96 184 5 436 168 147 48 163 310 170 
4 38 468 127 206 491 306 169 236 457 
51 272 29 472 197 478 324 132 365 205 
399 72 439 369 215 118 117 82 144 337 
139 193 460 412 286 302 40 450 89 493 
270 101 129 474 174 308 440 239 397 484 
7 305 106 400 364 207 277 194 359 44 
81 2 90 125 192 278 455 370 335 74 
242 360 429 166 105 294 187 122 268 237 
120 16 391 121 422 154 59 363 35 396 
479 293 164 320 398 95 410 53 350 253 
392 
