251
0 82 104 233 113 54 9 103 206 196 
194 10 42 101 29 163 152 33 143 74 
12 162 250 99 18 85 100 59 61 179 
214 95 245 224 24 161 27 211 48 215 
40 151 19 145 116 35 112 56 209 84 
64 205 80 17 53 107 41 178 127 184 
69 228 217 183 220 50 160 46 22 86 
133 140 135 141 91 68 110 55 131 248 
168 219 230 247 4 192 58 39 37 89 
71 79 238 190 123 11 208 246 231 198 
124 249 38 172 63 199 43 26 23 134 
155 16 14 15 114 117 195 81 3 173 
166 60 47 121 93 106 57 149 75 176 
200 52 242 62 36 70 185 232 174 146 
97 5 187 186 223 115 147 144 108 66 
171 197 202 67 207 216 120 78 72 44 
126 165 244 175 235 136 237 90 31 226 
92 240 169 188 158 96 130 73 241 128 
138 65 34 150 1 243 28 148 51 125 
8 102 156 25 222 32 221 7 193 212 
213 181 21 229 88 189 236 177 94 98 
105 6 109 122 129 87 204 218 132 30 
239 182 201 159 164 2 49 167 234 77 
180 83 139 20 225 119 76 170 154 13 
203 142 45 111 227 210 157 191 153 137 
118 
