321
0 15 294 304 289 73 141 101 238 192 
45 37 187 31 135 226 188 165 235 158 
42 272 90 52 66 219 281 307 269 18 
33 76 303 32 179 91 145 41 266 319 
293 74 157 317 291 125 82 29 170 151 
144 232 35 169 78 205 9 177 191 245 
105 43 248 250 249 54 228 171 268 149 
46 121 94 96 98 71 88 44 146 207 
267 122 282 274 106 181 58 290 277 99 
156 320 286 5 39 221 288 204 81 21 
114 167 126 240 178 287 163 301 24 310 
25 138 162 295 69 175 253 6 315 318 
260 252 64 262 83 263 142 306 198 77 
140 93 308 85 231 119 17 285 255 79 
258 210 300 174 49 92 86 254 309 196 
276 7 97 297 233 22 14 202 120 203 
12 36 299 95 123 279 11 209 278 130 
84 201 133 208 182 26 100 28 16 225 
30 148 4 34 244 211 172 112 63 314 
227 313 271 3 131 147 40 53 185 10 
215 159 154 190 55 13 1 222 220 166 
283 47 316 265 236 110 305 251 137 264 
195 218 273 243 136 51 280 27 275 118 
217 65 116 164 2 193 234 257 80 50 
270 139 206 60 103 104 173 89 183 134 
160 194 143 161 152 184 129 155 72 102 
48 292 38 229 87 237 107 216 124 256 
246 115 61 56 117 57 127 153 23 75 
197 150 212 132 186 109 239 296 20 68 
230 168 59 113 214 199 298 200 261 224 
189 242 284 247 213 108 19 128 223 70 
312 111 67 311 259 8 176 180 62 302 
241 
