501
0 136 487 445 141 228 332 366 33 484 
356 288 358 235 210 251 169 15 483 460 
370 283 142 293 90 232 81 233 479 411 
429 273 382 124 379 240 186 490 399 264 
161 365 454 4 428 91 164 434 32 206 
70 304 495 224 349 19 24 28 221 246 
97 138 149 404 117 25 389 391 6 421 
208 37 74 403 451 45 80 172 230 22 
44 215 184 146 225 433 238 23 173 71 
331 64 446 295 489 103 368 500 257 108 
8 390 491 217 102 261 363 245 203 262 
114 284 362 307 92 1 493 106 207 271 
244 247 462 105 82 308 299 99 151 408 
29 496 85 270 2 216 47 109 10 241 
448 326 63 350 26 263 383 330 285 67 
243 409 190 335 89 339 287 456 191 100 
193 398 425 234 324 260 58 302 252 140 
497 59 463 158 494 202 9 477 131 498 
364 325 55 227 274 291 438 226 323 48 
218 300 387 442 309 111 201 121 115 145 
486 57 137 17 13 46 401 480 39 49 
125 195 414 373 212 123 155 296 128 443 
198 21 469 378 467 163 279 458 73 69 
375 310 133 282 397 237 219 197 474 150 
36 222 135 183 65 381 278 337 204 154 
327 78 320 35 54 75 436 156 392 345 
53 388 179 306 116 255 56 62 40 417 
256 407 259 286 342 488 450 418 471 120 
464 311 18 466 380 340 107 353 317 104 
236 213 426 400 416 160 174 321 361 395 
384 152 38 357 5 441 329 242 93 129 
343 144 122 88 377 298 113 20 84 147 
42 290 341 336 168 476 354 269 369 192 
50 61 14 268 459 96 355 319 178 209 
175 348 101 301 170 447 77 214 435 34 
267 276 94 430 127 180 338 316 328 12 
394 475 412 376 250 254 292 182 3 11 
396 68 318 110 7 258 181 322 393 51 
112 452 420 413 143 171 157 372 265 386 
60 432 194 297 253 200 86 166 440 220 
351 31 344 239 439 367 315 492 455 312 
126 402 359 83 334 461 27 153 405 205 
277 478 444 352 449 167 470 281 118 139 
346 66 415 314 374 333 196 41 423 165 
211 187 457 249 248 473 427 275 289 72 
468 272 76 229 148 159 231 485 98 294 
52 162 465 176 347 303 360 499 223 188 
410 43 371 482 132 134 481 385 453 199 
189 119 30 406 437 266 472 305 16 431 
313 422 130 280 79 95 87 419 424 185 
177 
