251
0 65 92 219 182 180 159 25 14 75 
137 74 21 54 220 84 42 229 106 217 
7 28 100 55 113 195 240 59 175 248 
250 1 128 231 215 50 112 121 170 204 
13 93 166 228 221 109 2 107 209 49 
52 72 102 135 208 238 8 188 119 41 
190 183 161 142 158 126 73 203 68 17 
16 167 60 192 120 48 115 57 177 53 
101 87 205 246 178 38 27 39 245 216 
207 61 186 32 29 172 199 164 249 157 
77 82 56 194 160 171 198 69 26 63 
224 241 154 44 234 78 11 15 99 94 
132 139 124 152 90 244 129 156 114 218 
191 9 31 247 89 163 37 95 189 146 
174 4 141 143 162 86 127 233 36 3 
22 45 10 187 185 227 23 123 108 150 
173 237 149 62 20 130 103 33 169 43 
104 6 225 222 118 179 51 236 201 196 
122 155 85 88 153 98 67 223 40 91 
181 83 184 81 232 200 105 19 243 168 
202 76 64 12 212 136 144 242 71 34 
239 151 230 96 140 134 30 213 18 97 
226 110 70 176 147 58 235 111 117 80 
206 148 193 211 5 79 131 66 210 165 
116 133 138 46 214 47 35 125 197 145 
24 
