251
0 196 92 48 23 141 120 128 173 102 
101 88 65 79 37 216 96 56 145 28 
125 47 64 16 249 157 236 155 108 89 
100 132 156 17 77 220 144 211 148 224 
170 62 209 154 55 223 67 161 199 38 
219 152 71 166 177 73 126 245 227 137 
238 10 66 130 90 162 14 212 175 78 
231 110 34 29 7 150 115 214 213 248 
240 151 20 15 174 61 68 192 171 114 
169 117 143 146 80 69 218 164 179 82 
5 87 135 111 198 8 176 40 167 188 
84 113 246 6 25 233 30 229 140 131 
93 235 72 63 168 119 163 222 54 46 
244 242 239 26 70 165 33 94 241 2 
178 129 24 43 134 136 158 172 127 225 
12 138 205 52 247 44 103 116 190 86 
105 118 124 215 210 195 207 27 234 193 
122 160 58 41 107 197 21 237 180 53 
153 194 185 50 202 159 191 19 1 51 
123 91 221 250 22 57 49 243 4 183 
109 83 142 81 95 186 217 39 203 121 
201 76 182 60 99 230 133 3 13 139 
98 226 9 106 85 35 184 228 74 189 
42 31 75 187 200 45 32 232 97 208 
149 204 206 112 18 147 11 104 36 59 
181 
