321
0 64 141 6 159 104 48 180 202 50 
137 232 68 240 65 191 4 88 177 244 
210 309 90 256 73 106 80 204 282 31 
298 316 211 165 241 284 89 250 43 51 
54 35 93 245 152 305 163 304 190 153 
186 25 278 216 127 148 83 272 185 32 
293 57 224 286 125 276 12 237 297 119 
60 149 161 280 121 33 200 98 273 292 
306 84 221 290 145 173 266 8 91 158 
217 99 95 111 258 181 77 143 205 285 
1 312 140 81 315 37 260 147 120 179 
21 102 291 136 9 203 236 75 114 308 
41 86 113 49 206 175 76 219 52 16 
214 296 129 233 174 313 300 164 17 58 
55 261 183 24 135 251 126 74 46 267 
82 223 139 7 97 108 176 18 134 96 
44 242 70 193 268 226 178 303 63 53 
116 66 270 115 71 109 144 39 151 302 
264 130 22 274 56 220 295 227 34 195 
213 281 170 208 11 150 218 262 105 172 
85 310 252 198 201 133 199 20 87 307 
14 72 92 320 279 30 259 247 207 229 
138 27 94 2 155 230 40 184 122 131 
283 238 10 248 196 187 45 117 142 168 
69 162 23 154 36 271 235 160 269 157 
146 234 215 189 197 182 318 79 128 13 
288 62 275 78 257 5 67 194 231 299 
253 225 166 239 188 254 317 156 192 301 
169 15 123 255 294 249 103 19 59 167 
112 228 319 100 289 209 26 314 29 212 
118 47 263 246 38 42 287 3 265 110 
101 243 107 171 124 311 28 277 222 61 
132 
