1001
0 685 223 892 528 640 994 679 809 46 
947 754 643 391 992 889 810 738 782 345 
4 9 595 222 952 930 593 358 650 959 
426 255 837 37 725 90 591 106 711 461 
636 38 349 503 40 596 378 740 733 615 
620 634 762 477 148 137 237 848 598 459 
70 888 678 274 173 484 687 928 727 977 
741 214 231 499 905 201 443 759 132 5 
940 623 362 81 297 857 672 941 882 707 
472 639 852 914 614 538 794 92 343 847 
944 697 753 296 962 858 605 917 403 526 
824 956 242 510 689 546 468 559 435 718 
915 108 445 134 488 841 731 734 240 622 
671 427 565 663 513 819 136 88 171 993 
317 985 91 421 817 625 41 12 263 178 
121 122 680 637 166 542 367 570 177 253 
699 624 212 256 543 658 1000 288 769 54 
919 715 97 180 420 555 567 895 501 886 
761 522 558 688 444 945 107 224 320 487 
999 556 462 901 491 835 43 314 766 922 
197 912 225 578 30 371 618 732 899 475 
228 96 599 104 684 63 313 796 948 26 
328 818 632 781 375 739 842 147 464 411 
714 628 294 365 829 664 158 337 971 649 
647 125 105 600 141 213 667 630 483 610 
336 925 140 995 997 161 884 471 187 514 
143 60 511 602 356 98 763 291 877 604 
85 117 21 469 677 50 978 505 351 579 
869 139 537 28 724 278 392 25 582 127 
422 541 626 151 162 846 142 935 982 374 
853 551 470 11 155 801 723 597 285 312 
72 456 506 65 698 447 960 860 826 974 
957 16 876 669 865 286 908 871 726 638 
249 611 478 123 765 315 633 703 205 862 
872 183 508 933 758 33 607 939 386 553 
389 170 301 774 721 589 425 700 539 319 
485 2 439 160 346 580 211 787 384 863 
316 778 393 621 696 267 344 474 52 799 
10 135 368 512 820 986 662 586 814 495 
581 406 706 179 290 295 536 990 404 243 
712 552 399 342 68 436 798 163 449 23 
980 719 937 130 238 29 334 149 6 234 
473 379 803 34 665 603 752 302 831 868 
903 246 775 259 138 906 601 448 825 916 
47 722 492 902 131 261 113 258 153 331 
390 282 232 283 629 438 874 768 851 209 
949 77 152 309 184 53 276 84 590 515 
75 190 749 608 588 428 112 500 490 44 
176 284 414 442 686 217 236 8 923 87 
245 15 281 893 215 969 42 159 210 432 
656 970 287 110 498 250 39 827 191 257 
557 424 89 154 748 683 204 79 967 692 
878 681 466 264 751 771 973 370 251 168 
690 972 55 61 218 566 900 907 548 918 
929 691 167 844 99 496 521 934 35 642 
760 729 554 833 789 509 482 612 219 617 
981 708 408 943 101 519 913 292 322 694 
335 377 845 409 654 357 220 32 58 772 
704 812 172 756 535 983 380 651 402 69 
806 271 275 585 592 996 777 1 74 946 
998 76 327 412 387 486 407 227 823 540 
206 48 382 659 811 730 755 419 791 572 
360 987 80 119 453 235 660 150 182 549 
675 840 318 736 676 631 310 49 653 24 
126 454 460 417 185 330 861 396 114 797 
324 494 200 188 695 953 94 822 963 609 
502 880 306 961 523 3 165 720 779 446 
120 870 376 942 230 415 606 359 989 576 
86 433 964 156 268 873 194 289 434 128 
910 299 896 270 22 561 465 103 767 416 
786 115 195 20 832 293 144 951 78 808 
693 713 938 517 394 988 401 795 304 13 
51 544 66 354 372 45 405 627 451 56 
836 887 198 463 619 575 793 326 455 584 
481 670 573 418 966 854 181 300 568 73 
849 133 504 145 109 59 909 742 27 17 
701 890 385 307 757 547 353 308 716 737 
325 728 186 646 867 273 118 838 655 272 
920 954 64 745 921 383 366 216 866 950 
839 926 747 645 530 62 984 577 248 480 
479 410 175 192 71 776 531 369 95 196 
305 340 991 924 347 262 489 7 164 507 
363 975 717 958 821 333 352 430 157 83 
746 348 682 583 770 668 790 834 423 254 
265 657 207 644 203 883 571 936 534 613 
146 802 93 616 661 911 564 652 431 927 
710 904 673 830 898 792 533 279 437 339 
783 550 100 14 816 497 247 516 773 855 
785 805 864 395 169 321 587 976 298 31 
67 124 36 648 518 221 527 381 199 18 
332 116 266 594 524 440 750 338 856 968 
879 373 807 875 303 174 233 429 350 800 
102 202 388 452 239 891 666 458 743 635 
19 843 226 493 709 260 560 804 529 129 
897 788 532 398 569 323 252 208 244 329 
57 355 574 859 111 705 784 361 457 562 
277 341 674 520 563 280 881 476 955 764 
641 450 744 932 828 979 311 545 525 467 
813 815 189 400 229 885 413 735 894 269 
241 931 702 850 397 82 780 965 364 441 
193 
