1001
0 602 315 878 391 12 868 531 402 922 
851 336 186 600 621 465 942 395 476 735 
424 144 659 539 972 352 279 472 513 533 
870 173 207 786 43 275 959 938 217 994 
530 606 908 3 53 518 711 54 459 192 
367 926 727 591 287 230 909 850 864 981 
954 654 257 866 223 280 879 630 52 515 
696 205 896 650 680 356 278 969 900 971 
252 469 199 227 484 916 746 121 242 555 
541 888 421 477 311 34 559 973 433 285 
733 241 543 692 616 859 936 589 369 183 
947 832 935 209 934 100 393 631 387 877 
759 431 80 16 455 267 837 974 785 438 
923 791 613 567 403 647 979 712 766 676 
758 715 245 798 332 815 277 660 440 640 
346 195 475 162 801 846 444 165 233 166 
159 793 44 493 32 282 261 806 544 585 
738 288 767 957 323 962 775 249 794 494 
965 57 943 56 341 784 592 413 699 498 
128 927 897 224 561 51 495 899 522 306 
102 534 523 782 66 842 118 145 805 45 
856 325 138 414 490 989 825 549 6 333 
501 136 147 254 215 272 626 105 545 114 
235 156 682 705 188 983 38 931 262 873 
869 155 179 840 698 576 807 528 804 579 
386 380 220 701 337 540 81 1 519 412 
999 872 537 504 755 565 176 635 251 748 
274 78 256 201 482 89 397 629 958 237 
874 721 580 997 987 977 623 771 443 737 
146 305 64 828 566 789 497 803 607 912 
719 59 995 411 603 726 478 605 35 646 
742 597 673 422 858 689 745 512 451 906 
509 385 91 562 560 125 204 584 153 681 
732 381 342 736 291 292 149 553 107 773 
181 980 750 21 902 588 741 229 283 108 
546 952 298 353 436 521 92 50 123 535 
30 967 26 142 73 308 783 426 890 503 
480 259 373 458 152 191 663 740 702 619 
479 460 359 624 303 161 809 691 310 418 
255 853 83 271 228 645 415 860 817 226 
58 446 876 216 778 163 200 684 838 887 
247 764 880 618 448 324 408 925 797 823 
250 312 946 818 998 379 151 609 358 751 
340 236 328 687 749 399 15 79 552 368 
841 527 175 774 929 22 608 582 930 788 
41 432 700 861 949 2 917 554 632 366 
240 714 993 913 986 463 542 334 924 461 
671 677 857 184 110 322 158 447 827 410 
703 510 74 641 638 835 234 47 221 662 
508 752 920 709 77 5 354 231 961 370 
830 364 326 208 171 940 642 781 720 558 
4 348 270 187 653 378 266 996 728 232 
881 452 536 852 984 772 769 829 779 875 
718 93 357 177 697 492 507 517 96 491 
42 883 760 19 39 652 889 29 388 474 
506 573 104 787 941 524 757 140 365 953 
593 964 425 891 376 313 904 246 529 666 
489 382 505 320 471 299 598 314 394 833 
189 575 722 371 86 658 300 122 707 392 
816 72 796 296 844 963 470 409 743 481 
116 160 345 317 780 685 139 182 723 756 
948 819 990 538 599 604 824 420 319 268 
570 430 520 690 800 442 665 434 885 55 
485 795 614 834 11 730 141 101 790 134 
865 976 487 450 404 557 516 417 500 944 
937 622 276 587 761 762 281 219 49 483 
167 569 243 655 634 777 355 428 799 70 
907 383 62 511 863 812 329 991 350 814 
400 577 222 331 210 901 729 212 765 185 
992 344 826 966 725 586 590 178 445 135 
970 263 85 131 169 170 120 269 695 214 
225 792 615 90 564 25 137 31 335 7 
945 644 688 439 548 374 571 17 928 330 
295 398 831 309 468 882 437 664 754 98 
48 253 911 595 343 65 674 157 499 63 
574 194 845 377 717 429 302 960 813 822 
244 612 639 112 464 284 892 265 855 985 
37 454 502 693 968 148 132 848 473 955 
657 982 193 811 115 568 61 40 686 339 
596 550 238 164 731 124 556 617 202 656 
293 716 260 710 551 60 84 932 884 362 
97 724 802 196 423 919 918 384 910 905 
304 126 810 903 127 174 648 109 87 651 
933 416 532 67 143 620 849 921 88 583 
406 486 419 578 572 206 563 496 770 33 
198 435 453 20 672 327 99 763 914 8 
661 734 457 301 130 119 239 526 915 351 
950 427 625 611 273 1000 129 678 264 649 
68 668 898 347 13 396 307 289 27 836 
18 821 95 951 449 894 704 361 706 637 
405 627 316 111 847 75 601 895 318 154 
401 820 28 338 71 753 683 190 744 893 
669 218 525 82 197 389 203 488 297 839 
747 76 739 213 675 113 594 768 975 106 
103 643 808 633 407 360 46 349 867 390 
372 610 978 375 441 168 36 321 670 456 
628 286 581 713 24 939 290 776 9 172 
14 69 708 636 466 667 94 988 467 514 
462 547 133 871 862 854 248 956 363 180 
843 886 258 294 117 10 150 23 694 211 
679 
