251
0 6 176 197 242 25 161 224 245 107 
226 35 228 64 86 237 61 184 130 220 
217 141 23 222 232 83 249 28 104 1 
235 53 174 3 134 227 65 238 84 13 
14 7 18 159 115 79 97 46 189 147 
135 239 151 192 142 52 145 146 37 81 
170 80 24 41 96 121 195 34 160 55 
233 93 214 157 11 133 29 208 45 108 
70 124 95 12 57 74 58 90 193 38 
30 129 49 168 231 120 191 201 67 47 
158 207 21 213 8 199 102 188 179 225 
144 215 139 247 172 180 19 248 92 114 
128 175 210 119 218 166 15 75 209 111 
63 20 27 40 33 204 153 187 32 246 
244 177 54 186 165 77 59 43 183 125 
178 126 68 123 196 22 44 240 162 206 
203 182 127 56 10 116 140 9 39 60 
112 85 143 42 181 194 69 138 98 223 
250 169 109 36 51 219 211 5 185 212 
164 230 136 118 72 163 103 73 101 2 
229 16 99 234 167 71 100 173 26 131 
62 89 198 137 156 241 87 76 17 221 
236 106 50 205 82 149 154 122 4 190 
200 31 113 110 150 216 243 202 117 94 
48 66 132 88 171 105 155 78 152 148 
91 
