501
0 466 161 314 353 36 438 356 496 416 
150 223 117 391 120 296 220 198 11 346 
157 116 93 138 273 243 338 419 89 125 
455 182 183 180 72 259 390 270 20 498 
155 277 211 172 415 175 422 257 115 19 
202 407 128 222 412 13 252 388 359 191 
396 245 213 99 233 65 232 192 249 469 
303 242 147 362 284 14 48 49 352 58 
470 4 376 336 266 18 57 107 392 66 
203 109 169 95 383 21 305 124 24 160 
485 149 206 163 361 304 377 101 264 30 
461 188 289 393 133 32 489 247 474 410 
382 83 430 473 43 323 135 464 311 227 
491 235 403 156 429 199 306 312 265 318 
3 217 171 350 100 409 131 186 102 196 
434 401 129 112 447 145 363 500 225 35 
258 42 38 143 357 255 189 439 15 370 
44 168 488 499 22 454 212 98 140 374 
105 71 292 181 239 459 139 127 46 91 
193 142 263 332 495 428 92 164 424 144 
340 84 27 241 431 283 78 443 324 307 
348 420 317 194 423 355 141 271 335 106 
56 399 190 75 440 481 309 389 417 405 
293 53 366 31 483 2 207 379 360 272 
321 85 96 384 497 250 209 467 373 59 
28 371 468 108 86 41 165 162 492 478 
294 167 319 351 7 51 290 322 490 33 
40 119 446 178 457 37 70 200 394 81 
234 282 230 118 320 90 166 177 331 173 
347 64 176 287 104 291 137 54 254 214 
380 368 201 344 251 387 426 113 493 94 
471 67 256 158 69 358 310 472 487 16 
205 341 146 406 288 238 10 103 23 240 
421 185 402 269 122 298 61 418 441 342 
132 73 274 267 386 333 427 444 476 152 
215 337 411 433 334 25 354 121 74 452 
63 45 134 34 328 39 349 329 299 111 
136 17 170 1 494 231 246 327 148 82 
367 385 261 50 451 308 413 316 204 345 
436 463 197 184 276 154 55 484 229 218 
9 449 174 80 435 330 400 465 87 77 
62 88 450 482 281 364 126 432 179 425 
6 29 458 123 301 130 195 159 79 226 
343 339 210 262 300 248 219 68 5 52 
375 475 315 365 445 378 325 8 76 60 
187 228 12 395 97 221 151 381 480 397 
460 326 408 369 302 285 437 442 26 456 
372 453 275 295 268 286 479 244 153 297 
237 477 280 279 47 216 224 114 236 448 
486 110 278 414 313 208 253 398 462 260 
404 
