501
0 238 307 232 377 204 287 28 58 147 
341 416 60 355 463 344 212 65 491 370 
61 322 356 428 95 475 454 1 2 350 
22 431 320 369 130 330 269 241 171 202 
45 175 41 149 495 270 59 417 434 486 
274 338 11 380 62 167 497 271 482 441 
285 436 255 382 480 326 458 38 461 336 
262 404 198 97 189 245 134 400 214 421 
422 8 17 221 98 10 483 27 474 471 
337 78 251 7 425 36 371 432 253 418 
179 412 136 139 244 467 264 321 180 302 
399 393 295 156 317 286 76 249 16 305 
288 119 426 493 133 328 346 323 332 100 
361 479 71 14 427 447 384 494 108 312 
473 281 423 177 183 208 121 284 84 111 
394 152 415 290 25 489 334 260 246 24 
419 247 236 89 313 207 54 64 460 39 
485 234 161 353 63 462 116 29 118 376 
138 453 230 358 301 215 446 395 225 224 
406 233 131 182 324 340 407 235 165 273 
4 283 243 349 352 209 318 372 363 492 
35 268 142 92 169 176 191 390 67 157 
359 77 150 203 256 360 276 488 129 34 
252 219 258 226 125 500 222 388 335 279 
168 213 114 18 445 306 12 278 424 160 
185 327 48 172 195 69 374 444 79 448 
484 163 391 91 401 30 33 277 128 373 
5 331 310 210 122 263 201 123 354 211 
254 105 242 309 132 103 466 487 113 410 
153 267 308 200 90 55 387 73 499 140 
265 143 440 292 124 468 414 455 110 178 
231 145 239 26 173 398 229 144 470 68 
151 57 44 117 40 315 379 464 164 86 
187 378 220 193 325 299 120 450 375 72 
348 451 137 237 56 75 282 112 99 476 
339 96 343 170 196 304 438 248 240 257 
106 93 148 80 135 186 411 217 53 181 
397 300 218 296 347 472 21 50 159 94 
408 298 88 275 329 291 87 392 289 319 
280 227 52 437 127 413 66 381 396 174 
449 250 293 192 47 46 368 216 452 107 
162 13 364 70 205 115 197 82 104 481 
83 367 6 409 20 109 37 420 403 272 
155 402 469 81 9 357 141 199 389 3 
43 126 429 85 498 333 457 490 433 101 
430 345 456 206 314 465 351 49 365 266 
51 294 496 261 405 362 259 31 190 228 
188 194 311 439 154 435 15 223 478 383 
23 158 303 74 32 316 477 442 342 19 
459 386 42 297 146 102 184 385 166 443 
366 
