501
0 4 155 227 275 466 382 189 366 473 
358 486 378 138 57 322 417 26 463 133 
102 180 383 429 455 279 294 137 448 219 
214 160 326 198 85 389 199 47 77 422 
84 45 61 110 75 135 95 32 28 249 
100 140 136 434 341 347 467 365 60 432 
487 298 146 35 284 412 212 200 484 209 
124 261 375 394 80 345 158 109 431 115 
171 12 307 96 278 152 14 342 76 343 
149 303 169 482 25 147 178 71 283 122 
268 103 177 296 248 371 465 113 83 290 
348 381 65 210 201 101 74 367 31 453 
194 62 430 213 170 55 286 443 305 428 
337 479 59 288 73 151 56 131 340 226 
37 435 299 318 111 452 16 311 10 480 
105 162 369 70 397 388 238 254 246 461 
330 433 490 167 42 260 176 224 324 33 
414 120 320 182 370 187 387 391 148 117 
34 476 218 87 112 139 315 468 78 374 
6 302 470 313 15 204 350 426 402 247 
312 346 386 51 89 216 409 309 424 406 
63 130 207 460 175 293 126 445 273 353 
462 361 488 300 58 277 94 119 328 24 
269 145 241 493 36 186 97 393 121 127 
351 196 403 264 271 258 128 410 223 496 
451 267 46 274 297 191 399 398 197 317 
172 335 316 8 287 49 339 474 355 356 
18 421 22 7 165 395 156 129 29 99 
390 252 236 244 338 98 90 454 118 107 
469 416 53 27 17 464 483 206 143 255 
188 9 477 427 48 153 282 333 471 181 
308 349 372 292 319 262 459 266 174 193 
79 304 40 436 164 91 50 183 163 69 
3 141 30 360 400 404 257 184 498 92 
456 411 259 334 52 306 203 211 66 234 
86 441 13 104 405 444 132 485 270 253 
88 41 289 161 478 439 392 396 256 472 
1 225 81 458 38 208 377 310 407 385 
229 321 442 185 215 280 142 380 168 323 
166 202 217 301 190 228 497 134 354 123 
368 352 68 116 291 192 233 327 235 492 
20 408 413 420 11 440 144 500 359 457 
205 401 329 243 150 272 242 54 376 5 
357 82 64 295 332 240 495 230 44 19 
437 379 106 425 114 232 415 2 344 419 
231 423 373 237 173 489 384 222 39 108 
159 239 67 336 220 491 331 475 221 265 
154 418 250 125 93 438 23 362 157 276 
499 179 263 245 481 325 43 21 364 314 
72 363 195 251 446 494 449 450 281 447 
285 
