251
0 192 127 167 51 218 133 233 206 225 
186 44 33 15 21 204 104 243 150 65 
4 213 214 227 82 152 5 46 29 122 
69 193 80 211 144 220 137 50 71 184 
123 10 151 217 48 64 40 121 37 43 
101 60 237 38 79 178 27 96 91 128 
173 228 132 140 112 93 205 175 9 62 
139 172 201 196 158 165 148 187 143 207 
215 238 22 58 14 110 18 244 180 231 
42 78 11 56 119 224 153 156 16 124 
136 88 85 240 183 92 219 26 7 35 
190 162 197 97 154 118 111 107 55 236 
86 181 229 74 200 235 113 47 54 95 
6 61 68 24 100 177 105 52 36 98 
114 230 23 63 188 94 73 109 223 19 
129 245 76 13 2 198 208 189 179 77 
182 34 134 99 108 210 8 239 116 221 
66 115 59 25 67 209 199 138 89 17 
216 234 166 160 194 49 41 28 159 191 
250 72 145 157 125 163 226 117 12 171 
3 103 203 149 141 106 32 120 1 241 
142 249 75 247 90 242 185 31 57 174 
161 202 147 83 131 155 102 84 126 87 
81 70 222 195 30 164 53 246 212 39 
135 248 169 176 146 232 45 168 170 130 
20 
