1001
0 363 612 506 855 79 296 995 810 884 
772 217 41 767 899 693 57 150 950 983 
527 42 688 936 719 804 547 981 89 35 
307 830 842 602 828 365 189 222 466 595 
961 609 472 256 252 147 903 986 493 585 
164 384 370 267 853 990 395 15 470 813 
48 292 677 559 960 318 478 586 176 129 
338 975 142 732 700 617 442 219 416 390 
704 239 255 699 652 691 234 707 229 630 
72 368 216 793 511 521 978 415 271 369 
727 542 755 795 121 786 898 892 994 132 
175 457 281 43 375 47 890 337 742 597 
260 803 87 962 187 788 948 46 215 353 
100 651 188 643 718 861 169 323 85 34 
329 396 293 655 210 21 439 73 563 784 
173 847 160 942 453 197 600 538 382 921 
345 349 737 385 916 306 204 417 25 618 
277 297 312 294 372 242 101 513 420 811 
849 156 497 49 149 22 628 388 179 623 
301 394 889 97 464 59 756 114 55 391 
236 268 724 196 731 106 32 639 520 112 
399 726 355 7 610 317 725 178 88 507 
754 800 247 768 929 984 335 573 398 568 
957 523 791 826 662 664 380 167 590 37 
499 409 70 541 18 831 91 359 110 843 
689 220 841 76 616 411 653 798 505 357 
509 63 33 619 65 592 309 280 218 818 
13 438 392 203 789 446 625 425 274 629 
191 29 607 880 54 261 761 166 779 900 
764 235 44 93 410 875 611 627 171 224 
407 765 183 52 554 937 927 956 138 980 
362 702 837 829 766 715 997 928 172 78 
945 649 95 966 9 989 246 495 846 816 
194 858 108 324 988 739 208 517 325 949 
125 486 896 865 116 510 572 971 451 266 
161 601 195 867 508 424 746 799 373 760 
757 213 682 524 833 494 199 144 839 783 
408 740 787 287 221 414 467 3 51 418 
930 780 393 634 279 887 181 115 569 701 
514 686 109 893 532 923 733 184 487 346 
845 182 907 631 136 305 364 856 107 894 
200 911 351 985 137 165 501 854 539 38 
104 801 881 528 620 785 419 583 637 492 
860 17 308 832 661 614 500 5 844 973 
123 348 474 327 8 339 94 868 120 744 
202 27 98 735 914 982 946 939 776 671 
684 692 888 4 902 582 808 404 310 565 
83 207 269 910 866 556 587 1000 302 482 
777 430 557 941 835 374 148 366 14 918 
254 987 891 993 435 913 257 405 99 397 
943 68 591 131 143 650 552 299 519 289 
743 319 86 273 354 908 447 608 62 122 
979 389 567 959 379 162 69 794 711 852 
193 695 934 484 105 815 953 827 721 81 
708 593 577 571 796 575 36 512 358 298 
238 648 635 570 491 168 284 967 778 763 
952 958 226 496 870 782 198 548 402 316 
127 270 636 716 458 536 180 361 834 729 
352 481 906 206 872 286 641 690 477 455 
531 925 656 683 212 264 873 400 240 276 
243 638 751 775 341 253 646 589 231 553 
225 66 822 877 526 20 862 440 26 530 
797 103 383 463 774 622 621 515 964 738 
283 75 50 473 201 706 433 465 817 529 
441 336 824 413 781 331 883 676 525 174 
734 878 745 67 976 703 603 74 657 920 
874 360 562 248 332 124 304 762 613 736 
343 96 673 102 12 476 640 752 214 479 
537 209 320 134 326 584 674 245 434 145 
679 821 422 624 448 663 838 954 223 460 
45 749 970 709 717 645 456 825 426 904 
347 126 564 130 146 490 328 654 428 659 
879 551 141 502 909 113 730 377 480 544 
249 696 574 152 823 92 944 315 814 177 
992 705 437 454 545 140 560 668 558 876 
576 713 974 836 39 53 340 748 423 566 
291 991 233 412 6 485 241 60 431 919 
660 859 895 24 186 1 330 258 259 303 
543 965 972 694 681 488 518 244 863 461 
300 951 886 771 82 117 288 905 155 747 
935 758 159 598 922 642 498 387 371 714 
947 228 555 40 333 588 915 840 262 135 
313 118 436 386 685 119 61 812 871 139 
64 71 807 342 403 23 819 809 133 672 
549 969 912 2 10 367 427 680 250 232 
170 968 84 675 272 192 665 443 469 697 
720 30 56 857 185 792 626 561 322 615 
723 158 633 790 882 770 596 205 848 802 
712 77 452 237 285 722 31 773 805 698 
429 977 278 750 157 350 154 227 533 504 
432 28 938 606 658 753 376 579 378 963 
153 594 483 471 503 741 344 16 550 666 
667 534 996 940 314 90 516 710 578 190 
449 295 489 321 459 820 80 580 356 19 
769 999 885 421 251 263 406 11 163 311 
632 211 759 687 282 644 540 647 605 581 
678 955 462 897 932 901 851 475 128 599 
522 58 111 917 933 334 401 924 670 151 
535 381 864 445 546 468 931 806 998 728 
869 926 275 444 265 230 850 669 450 290 
604 
