501
0 24 327 390 261 46 458 342 379 442 
368 447 471 335 49 240 6 346 282 386 
167 156 13 348 391 48 85 226 480 68 
347 158 133 448 166 159 424 373 94 444 
251 45 90 18 426 461 332 477 258 103 
238 290 397 220 186 130 353 233 64 118 
481 189 401 364 22 337 482 303 65 236 
276 457 155 237 193 465 443 19 209 91 
361 387 402 407 2 135 182 343 152 301 
44 217 463 265 329 20 88 292 227 248 
111 420 371 207 161 115 437 385 389 249 
405 467 422 235 83 284 441 438 283 416 
324 165 147 381 241 455 436 256 341 41 
174 84 429 243 326 475 117 281 183 500 
145 198 262 206 123 169 74 96 56 39 
395 374 350 403 286 199 272 195 316 184 
264 93 42 234 334 164 82 9 313 306 
124 384 278 187 359 69 196 485 435 116 
36 171 127 370 150 425 279 7 190 35 
312 304 107 411 250 252 499 50 449 205 
380 1 409 109 289 29 141 8 483 412 
317 191 318 97 295 432 38 492 134 80 
338 331 192 223 297 244 4 470 497 320 
101 129 484 12 310 137 136 466 33 170 
92 218 149 340 60 180 269 275 254 53 
453 434 163 267 498 478 72 294 79 201 
354 181 215 336 344 360 185 104 61 89 
298 23 57 270 315 62 452 495 242 489 
40 211 259 146 119 293 113 153 188 214 
154 86 366 32 175 43 393 204 210 307 
78 333 126 456 246 319 413 87 263 280 
486 157 431 392 358 404 26 231 365 394 
273 410 122 95 362 474 70 406 178 10 
446 460 472 462 479 222 423 408 139 58 
352 27 125 440 16 52 66 151 194 396 
372 128 75 208 138 47 21 454 399 162 
345 71 459 309 266 37 314 430 202 120 
321 179 328 260 28 229 112 34 63 108 
106 433 494 76 439 287 421 322 67 351 
213 140 311 172 376 55 367 415 216 271 
369 102 17 121 464 253 3 382 468 73 
414 323 349 144 378 288 496 427 330 230 
114 450 224 228 221 296 197 239 291 11 
325 285 419 490 383 168 15 277 355 31 
305 105 54 203 51 219 255 428 418 245 
176 357 247 30 142 491 388 473 488 445 
417 81 225 487 177 398 25 274 493 302 
148 363 356 299 99 469 375 132 212 77 
131 200 339 59 257 476 143 5 400 100 
232 377 14 308 98 160 110 451 300 268 
173 
