1001
0 428 399 737 278 416 106 738 638 769 
91 456 578 889 609 955 199 95 525 897 
426 292 965 172 321 507 60 76 642 326 
916 380 71 405 88 628 993 329 632 921 
350 706 863 904 240 471 557 109 94 364 
340 482 699 930 588 495 816 876 51 270 
703 527 488 293 42 202 494 541 874 475 
201 634 684 610 143 214 515 520 152 40 
720 45 820 86 28 623 366 669 286 259 
445 492 157 668 188 960 864 969 761 466 
849 253 564 596 516 125 707 290 315 716 
196 561 747 829 587 17 193 611 524 589 
723 932 331 285 903 375 862 990 670 139 
693 226 877 858 941 325 128 355 232 496 
378 767 401 615 121 708 67 161 358 807 
651 656 31 909 252 374 933 624 385 386 
3 122 975 265 662 110 509 276 682 997 
155 382 518 953 302 297 502 566 898 743 
318 434 963 470 39 879 614 271 581 548 
113 872 334 751 354 552 776 472 602 491 
946 363 750 847 80 261 759 256 510 728 
249 18 704 260 595 866 304 151 746 134 
582 659 834 505 664 910 49 935 195 309 
884 156 542 690 983 117 765 429 717 813 
449 964 35 446 248 59 9 177 166 931 
713 760 605 677 460 538 93 692 828 192 
47 882 637 559 313 790 498 621 838 108 
550 306 940 522 273 54 714 264 236 560 
558 231 942 768 805 450 351 788 649 989 
224 586 729 755 514 211 787 83 781 137 
162 308 394 1 12 890 185 817 648 343 
851 198 149 911 131 48 977 289 616 944 
885 988 32 24 850 129 631 335 336 567 
749 34 107 825 406 504 556 404 583 421 
322 410 778 724 644 855 19 574 830 881 
141 104 650 8 730 100 85 565 837 861 
580 554 718 266 526 4 339 324 962 58 
283 272 843 763 73 431 361 739 182 84 
463 722 413 592 998 269 992 132 821 702 
647 601 486 111 432 735 517 741 344 464 
221 868 124 53 532 348 663 120 826 652 
403 176 591 384 499 479 793 44 917 255 
521 852 818 764 440 487 97 462 383 89 
439 939 452 244 966 317 163 841 533 835 
165 833 906 949 553 346 643 959 29 437 
584 183 600 926 622 597 241 173 92 789 
599 773 625 577 791 217 511 370 423 617 
148 823 980 873 919 490 657 279 801 779 
147 61 284 30 711 991 43 842 170 590 
288 443 427 127 233 454 987 307 407 169 
905 160 345 839 799 784 245 301 408 263 
671 207 64 814 667 485 280 961 968 420 
691 777 603 694 267 547 338 62 895 523 
436 179 985 81 555 75 422 356 447 158 
33 209 893 880 216 483 38 23 878 451 
357 314 298 222 435 918 697 579 213 234 
295 782 519 535 208 913 725 754 146 476 
927 853 658 848 681 299 415 797 417 508 
673 16 857 167 26 733 397 840 934 247 
575 775 400 952 87 218 206 359 191 727 
184 758 376 695 736 7 10 700 994 710 
666 679 388 683 90 951 680 534 937 978 
310 291 341 457 237 970 981 424 362 859 
748 70 372 798 312 303 72 204 55 101 
268 639 25 972 832 902 995 709 275 57 
189 337 114 390 52 41 391 277 594 21 
37 943 69 6 367 409 153 65 123 803 
512 239 674 701 576 688 398 389 258 762 
766 999 915 56 923 925 973 78 66 809 
425 136 771 892 689 824 242 178 433 396 
1000 323 82 282 536 79 956 215 901 539 
831 705 68 796 305 794 608 254 119 171 
360 812 316 402 296 287 531 846 792 675 
549 174 220 126 672 598 11 569 468 257 
229 870 330 371 15 721 444 678 112 461 
860 130 332 320 465 500 772 891 732 328 
197 210 118 392 281 785 528 453 540 815 
954 489 327 138 810 353 888 235 740 687 
414 920 948 979 922 573 22 477 867 243 
497 347 645 98 745 142 604 442 914 971 
996 481 181 223 187 899 379 607 612 333 
757 430 46 387 636 228 311 947 448 563 
756 36 50 262 660 654 572 103 459 618 
105 203 135 854 593 676 731 619 974 133 
200 780 545 537 908 698 653 950 395 369 
219 513 883 294 27 467 896 770 469 190 
365 115 585 986 150 646 274 907 856 613 
63 419 655 99 20 501 238 480 800 225 
802 140 154 627 568 640 806 696 474 900 
712 5 352 635 685 795 742 661 458 620 
845 102 804 571 368 924 543 411 871 887 
630 819 869 186 144 175 205 251 503 875 
246 984 957 562 982 438 2 493 629 886 
349 626 230 822 546 606 393 250 808 13 
116 786 14 641 530 319 342 865 894 686 
159 928 967 529 455 145 77 412 836 719 
753 551 938 544 726 373 164 473 811 168 
936 715 744 441 827 958 665 212 945 377 
381 484 783 774 180 418 194 929 96 976 
300 912 734 752 844 570 227 74 633 506 
478 
