251
0 201 68 150 53 143 5 230 73 250 
47 87 169 104 140 29 59 179 165 236 
56 20 109 7 70 17 212 77 156 222 
141 164 13 157 241 173 234 242 223 225 
121 137 78 221 170 35 114 139 200 48 
38 64 133 91 39 243 34 162 209 27 
41 147 240 138 12 210 204 108 45 65 
126 122 220 213 168 159 171 208 198 57 
9 231 190 144 46 226 22 96 166 155 
28 167 245 188 246 118 158 16 203 81 
182 32 86 175 174 186 30 181 103 129 
43 4 206 207 117 62 71 130 67 187 
131 21 205 100 195 149 93 31 50 239 
97 151 74 153 216 69 219 90 112 106 
237 163 6 238 82 247 72 52 98 8 
3 14 37 61 145 229 102 24 99 94 
40 154 178 58 113 160 80 54 136 228 
26 199 83 185 128 36 176 116 110 227 
79 125 75 95 66 196 19 76 63 60 
184 92 127 11 123 51 180 134 189 42 
192 33 218 232 135 1 211 23 177 224 
214 119 142 18 85 115 105 215 202 44 
194 233 89 120 191 15 132 172 217 244 
84 2 148 10 197 183 152 235 25 55 
193 107 111 249 146 88 124 161 248 101 
49 
