501
0 207 448 214 88 171 322 285 252 335 
358 342 16 219 85 31 269 159 388 96 
433 301 386 304 313 290 196 384 195 224 
485 38 182 391 336 82 406 138 326 412 
221 34 146 324 199 114 176 95 273 294 
306 140 270 404 262 217 444 129 178 125 
168 480 456 15 282 42 267 99 124 151 
173 127 396 491 202 27 174 100 429 3 
408 79 60 256 300 55 367 395 387 486 
437 102 73 244 242 430 458 11 357 382 
8 353 398 43 319 393 77 425 489 492 
7 438 497 126 469 237 163 399 116 70 
390 185 303 249 143 498 369 156 475 192 
133 208 453 428 446 22 460 466 132 18 
411 128 476 454 162 305 472 80 205 264 
212 91 186 189 228 327 172 359 112 417 
431 339 421 311 108 250 436 361 51 351 
295 9 432 496 345 442 101 136 76 368 
144 500 293 165 474 123 152 33 238 67 
52 226 381 209 310 21 26 193 241 362 
6 317 234 59 109 121 147 254 257 467 
239 54 328 107 375 379 83 19 482 30 
89 230 184 434 155 338 118 309 349 424 
488 141 37 64 131 298 253 333 401 206 
20 455 10 180 122 191 415 271 481 494 
145 170 397 279 468 45 245 75 374 493 
277 461 377 63 251 58 137 240 35 457 
465 330 177 130 227 392 204 148 402 347 
287 48 154 56 223 231 197 175 188 473 
164 308 464 470 103 340 403 246 142 255 
418 483 420 413 158 169 94 115 17 366 
161 318 259 297 343 355 332 341 211 134 
334 135 29 236 2 243 365 314 337 86 
149 248 113 426 57 32 272 139 220 229 
389 263 312 97 354 323 373 111 104 346 
331 47 348 179 23 183 66 291 275 216 
478 40 222 93 106 484 110 74 427 445 
344 84 463 92 81 385 350 268 274 215 
363 150 39 232 25 120 288 72 449 225 
218 201 364 261 462 190 405 380 265 292 
203 69 302 495 283 200 409 372 447 320 
98 280 62 487 105 371 12 439 278 235 
360 325 53 210 422 423 452 441 14 119 
44 1 378 299 407 296 233 276 419 181 
289 117 266 153 13 471 376 400 416 260 
5 281 435 41 286 167 160 4 356 90 
258 284 166 24 36 194 65 307 477 187 
247 352 394 459 321 410 68 450 61 28 
78 451 46 50 329 157 383 479 316 370 
414 213 499 49 87 71 315 440 198 490 
443 
