301
0 171 285 252 198 71 87 49 269 159 
96 290 196 195 224 38 8 11 133 208 
192 43 77 156 143 22 128 162 249 185 
70 116 163 237 7 126 68 61 28 78 
46 50 247 187 157 213 65 194 36 24 
166 284 258 90 41 286 167 4 160 260 
5 281 276 233 296 181 299 44 1 119 
14 53 210 278 235 12 105 62 98 280 
274 215 268 81 92 84 74 110 106 93 
222 40 216 275 66 291 23 179 47 104 
111 97 263 183 21 209 6 109 59 234 
241 193 26 86 149 248 113 229 220 139 
272 32 57 2 243 236 135 29 211 134 
115 94 17 161 297 259 169 158 255 142 
246 103 164 188 175 197 231 223 56 154 
48 287 148 204 227 130 177 35 240 137 
58 251 63 277 75 245 45 279 170 145 
206 253 298 131 64 37 141 147 121 254 
257 239 54 107 226 52 67 238 33 152 
123 165 293 144 76 101 136 72 288 120 
25 150 39 232 225 218 201 261 190 250 
108 112 69 203 265 292 200 283 289 117 
266 153 13 172 228 189 186 91 212 264 
205 80 30 19 51 295 9 83 230 184 
155 89 118 18 132 20 10 271 180 122 
191 55 300 256 60 79 3 100 174 27 
202 127 173 151 124 99 267 42 15 282 
73 102 244 242 270 140 294 273 217 262 
168 125 178 129 95 176 114 199 146 34 
221 138 82 182 31 85 219 16 88 214 
207 
