1001
0 119 505 466 724 25 644 921 504 86 
595 680 494 773 553 221 267 594 128 688 
82 53 427 230 742 900 198 132 129 296 
917 939 366 401 84 36 15 895 158 322 
596 972 829 335 34 598 139 828 348 951 
448 79 690 857 814 793 408 885 248 615 
851 622 617 748 192 363 72 400 787 697 
39 338 825 547 277 731 824 311 241 152 
171 837 45 782 850 728 803 532 729 461 
700 458 577 111 503 662 77 1 410 14 
709 760 135 883 653 107 256 88 28 412 
893 997 406 11 913 402 487 334 652 944 
730 437 91 340 583 331 835 309 501 78 
548 517 421 812 454 261 564 988 943 83 
121 26 738 593 9 291 433 763 681 628 
480 358 23 492 245 518 846 223 542 98 
330 527 572 304 643 752 676 56 257 849 
839 47 940 833 781 35 807 186 2 513 
512 827 235 886 404 464 434 692 721 896 
665 148 329 242 860 989 975 560 704 447 
4 996 446 762 281 842 682 58 52 866 
206 280 255 934 289 556 210 407 94 510 
708 507 722 195 686 822 415 295 779 140 
986 516 604 134 878 19 61 529 38 30 
693 640 274 623 904 449 606 535 751 746 
634 707 259 106 684 303 306 233 172 236 
297 368 343 443 655 399 599 565 694 561 
383 570 698 608 63 624 13 283 661 903 
484 113 667 767 8 910 105 298 579 844 
357 927 810 333 656 610 515 672 541 218 
360 332 142 392 506 791 750 485 361 24 
197 726 965 620 270 830 377 163 841 187 
308 202 884 456 852 491 758 287 205 67 
490 840 536 832 525 539 776 375 646 936 
589 942 994 909 985 70 371 820 481 411 
470 847 575 919 800 960 215 33 445 16 
12 734 962 179 167 888 278 75 789 613 
177 727 258 43 859 390 282 326 161 116 
188 5 603 254 123 576 85 29 247 149 
95 770 971 159 931 268 799 569 754 450 
365 212 48 657 706 435 124 420 630 912 
216 120 521 60 155 660 911 563 568 240 
137 64 786 71 227 344 659 440 858 359 
370 819 998 44 881 151 905 125 59 479 
948 614 166 947 549 104 40 848 626 811 
143 519 265 385 780 933 862 817 101 453 
877 869 580 173 272 244 432 641 219 788 
441 396 964 224 520 356 559 442 138 108 
629 477 110 914 147 144 204 314 982 816 
632 460 545 777 471 957 229 290 621 679 
805 639 938 260 429 808 469 145 865 757 
342 769 468 213 379 42 725 253 890 571 
102 55 861 574 293 193 203 384 336 92 
823 663 744 898 459 74 961 616 372 405 
677 17 526 718 959 950 117 534 584 328 
376 882 409 100 350 478 978 573 636 920 
845 821 362 319 96 27 367 284 566 935 
302 651 264 642 369 705 112 37 185 533 
194 834 766 674 605 425 587 969 633 483 
897 958 873 90 18 181 922 984 871 875 
239 664 918 502 908 467 426 387 736 269 
174 499 169 157 127 234 976 32 378 702 
323 625 164 585 522 592 818 638 209 57 
612 983 974 761 364 980 552 930 66 557 
391 262 540 279 968 103 928 80 317 916 
654 813 741 222 609 10 141 232 946 228 
987 774 906 431 388 544 831 739 238 992 
313 907 723 133 543 889 482 211 670 294 
318 97 217 457 455 339 627 184 497 54 
509 977 438 87 162 703 423 691 590 81 
208 635 180 307 530 768 183 894 500 493 
838 225 118 967 901 511 955 892 22 864 
546 712 792 941 796 320 685 352 601 597 
650 756 783 932 562 695 214 733 397 337 
538 324 131 714 804 422 815 472 288 299 
251 263 747 252 393 995 675 355 109 790 
243 395 275 611 200 354 853 49 462 191 
418 474 452 778 301 785 737 341 923 201 
759 551 428 993 196 716 380 419 150 647 
743 797 671 285 689 981 178 668 582 300 
386 514 382 160 979 963 417 130 489 591 
413 764 717 715 444 795 794 784 924 669 
398 887 735 156 3 719 802 891 637 745 
929 870 954 286 740 389 226 696 836 558 
915 956 867 581 424 550 21 276 315 567 
879 945 439 991 753 115 403 524 93 207 
952 65 349 588 523 801 476 351 62 658 
868 345 713 189 749 316 966 970 76 495 
190 436 648 990 114 69 720 631 926 292 
394 41 475 874 176 498 271 347 925 711 
531 809 325 346 99 237 199 872 899 20 
416 374 220 856 826 699 231 165 953 451 
250 732 649 146 528 414 683 687 937 619 
666 50 246 463 578 854 182 168 373 68 
999 586 321 7 973 486 136 880 678 855 
266 755 701 1000 771 555 902 170 843 89 
607 473 645 772 175 381 806 465 775 312 
273 508 46 153 327 949 430 488 249 73 
765 31 618 154 496 876 305 602 798 600 
51 126 673 122 537 710 554 310 6 353 
863 
