701
0 481 108 495 682 497 673 221 145 253 
575 444 634 539 396 323 468 674 163 341 
326 93 440 175 578 644 32 691 340 483 
629 127 176 194 241 125 330 361 66 342 
532 511 122 614 298 604 556 528 219 31 
56 140 546 567 325 136 467 579 525 234 
269 113 52 447 587 656 71 148 542 564 
303 150 436 43 385 198 266 690 12 696 
169 305 533 72 395 237 585 297 665 464 
222 613 381 370 498 547 461 158 514 29 
427 79 118 386 364 290 655 244 235 249 
171 365 516 285 44 102 197 687 400 550 
561 68 624 679 434 601 508 7 638 677 
182 630 458 131 292 313 368 685 610 133 
672 104 327 588 439 286 346 649 670 101 
26 161 232 402 39 59 371 57 193 152 
54 635 599 121 332 85 366 231 581 410 
324 257 378 265 519 383 375 86 354 89 
53 597 555 80 173 172 459 208 20 502 
486 98 88 376 661 683 437 372 109 407 
223 130 490 264 608 430 667 203 582 159 
401 47 636 61 95 111 49 584 455 393 
187 4 492 657 96 425 548 572 487 600 
277 70 322 153 499 207 128 309 633 15 
480 228 179 363 660 308 137 183 445 527 
51 216 450 389 100 543 522 144 35 592 
476 559 63 191 472 553 615 374 256 617 
355 651 236 177 270 14 423 390 284 243 
213 446 413 524 463 138 283 571 523 123 
103 62 280 626 359 252 154 387 625 143 
451 201 462 106 405 184 619 526 239 419 
166 10 34 151 217 294 349 259 67 124 
238 227 321 229 315 310 580 466 460 512 
33 55 560 681 135 317 42 662 168 678 
218 488 16 307 627 5 267 99 1 493 
115 196 421 156 676 570 291 50 248 540 
273 669 426 694 603 276 594 240 344 40 
611 609 36 210 668 675 141 643 209 45 
551 288 21 641 119 595 666 566 530 583 
92 403 87 28 392 621 693 339 304 631 
485 279 557 60 250 352 569 471 83 429 
214 347 11 465 192 454 9 606 134 448 
544 411 233 306 247 116 162 452 457 520 
417 700 531 312 648 428 224 94 650 654 
331 225 181 358 25 618 91 563 509 204 
139 409 598 58 272 484 684 664 281 637 
515 129 612 671 477 167 251 258 628 78 
6 73 299 367 205 23 607 504 379 199 
314 698 646 110 503 278 334 335 415 697 
185 338 160 529 549 620 37 568 107 565 
377 470 295 356 8 442 699 316 84 616 
65 105 537 186 404 663 513 443 590 552 
586 282 274 287 518 418 659 27 202 353 
149 357 424 350 230 90 501 81 589 394 
112 190 695 438 77 506 505 337 534 189 
215 24 469 500 632 246 521 536 262 474 
602 391 120 545 268 496 293 541 453 645 
397 576 596 591 22 170 142 30 333 577 
435 46 491 647 398 517 329 408 157 558 
319 432 622 399 431 41 473 165 422 261 
271 17 38 348 510 146 689 132 351 406 
164 147 478 254 362 507 174 97 680 301 
686 384 76 114 302 382 414 494 412 380 
19 263 562 211 416 260 360 479 420 69 
74 642 188 336 658 75 692 255 482 195 
48 573 688 489 212 369 640 200 535 242 
275 345 433 300 289 623 475 245 13 574 
653 343 538 373 206 64 318 180 441 82 
554 593 456 605 639 388 178 18 328 155 
117 220 226 296 2 320 311 3 449 652 
126 
