1001
0 876 706 452 843 739 457 499 904 590 
546 565 967 85 942 20 338 717 342 796 
462 836 600 396 890 562 699 947 643 584 
576 239 196 219 410 873 877 781 282 341 
315 524 426 883 950 934 789 292 722 412 
686 591 931 436 148 811 368 143 941 901 
459 957 162 94 230 242 269 392 134 138 
786 35 792 467 569 291 44 508 893 5 
741 956 370 975 160 647 919 884 928 644 
955 703 871 838 986 243 671 220 422 939 
683 740 246 637 743 745 867 340 142 571 
16 21 926 159 15 948 753 610 302 343 
485 437 577 350 180 366 329 417 99 477 
678 863 137 454 965 701 961 557 622 687 
172 446 709 505 502 794 95 822 161 815 
953 411 167 394 210 273 651 449 563 470 
614 827 820 256 333 656 90 130 235 336 
347 413 122 906 617 181 755 566 626 500 
22 1 481 245 312 300 133 96 772 800 
634 977 380 301 187 556 729 757 60 109 
461 221 946 594 587 759 310 428 416 951 
831 872 905 238 52 809 382 510 885 542 
244 194 882 18 780 70 744 650 763 12 
599 778 545 738 81 618 696 870 325 427 
997 981 672 153 471 658 788 601 682 710 
732 418 25 636 518 146 375 723 387 910 
970 31 620 26 438 652 511 126 211 886 
549 798 866 588 881 19 434 979 973 790 
286 460 606 386 202 258 962 825 47 361 
966 868 144 771 121 349 409 57 583 681 
362 54 516 435 486 769 151 595 805 668 
147 38 469 155 217 728 925 4 408 6 
478 279 488 895 149 655 875 862 105 834 
996 205 440 371 321 733 692 921 278 132 
101 817 34 954 613 676 93 348 110 247 
515 225 127 989 492 53 756 972 923 484 
661 226 677 139 764 157 420 538 136 736 
918 319 445 458 307 209 309 537 30 720 
857 39 326 229 357 625 270 767 261 982 
233 742 92 224 475 657 804 213 251 385 
646 675 707 89 429 404 87 659 42 894 
345 56 654 748 812 969 285 74 580 762 
232 592 544 116 504 391 339 306 700 103 
483 691 920 46 795 648 82 295 523 86 
517 88 572 560 156 373 547 73 689 623 
964 102 166 897 501 260 616 80 816 383 
559 83 421 914 758 609 28 854 529 597 
193 41 574 69 993 550 65 431 602 688 
204 853 783 902 297 909 353 405 267 37 
381 175 735 191 444 199 135 64 525 430 
334 638 908 271 797 298 456 489 227 433 
234 324 971 669 442 808 289 249 152 664 
841 995 760 541 670 978 288 856 36 839 
984 123 837 236 536 207 263 332 125 465 
930 424 75 296 494 185 399 206 845 120 
512 200 118 323 528 803 195 585 880 660 
667 367 145 987 940 611 593 182 851 531 
76 693 173 257 665 43 860 284 303 356 
377 944 751 150 277 952 170 943 140 695 
331 398 791 58 23 61 335 231 553 495 
507 287 960 128 62 10 372 51 401 586 
49 490 666 40 24 497 509 777 859 927 
994 680 223 766 874 828 214 589 305 976 
364 476 259 201 503 124 55 197 111 784 
727 685 801 959 899 896 393 293 165 29 
864 11 799 630 917 718 721 598 171 570 
498 532 313 603 988 819 641 322 154 679 
441 903 248 582 479 192 810 374 228 826 
915 395 814 887 78 900 506 407 453 272 
389 898 968 924 628 13 415 178 328 621 
359 649 527 765 889 555 916 715 702 237 
91 119 320 327 71 113 629 539 938 482 
203 369 564 252 183 451 861 747 533 158 
254 922 450 2 354 635 414 963 468 491 
730 351 813 164 704 365 463 98 642 749 
390 186 746 568 581 179 355 787 190 77 
281 802 558 752 829 605 604 448 266 840 
141 579 785 612 48 850 892 388 264 608 
84 163 358 400 846 423 168 439 615 117 
222 639 530 596 684 27 891 212 627 869 
849 824 32 308 653 72 63 9 775 983 
397 262 913 725 330 189 474 129 768 198 
713 521 177 607 991 218 773 865 698 847 
540 1000 958 663 712 793 911 131 879 216 
447 754 513 936 68 337 314 241 858 455 
835 830 114 719 935 990 255 980 250 45 
697 888 280 188 674 633 561 640 100 534 
318 711 932 724 624 59 878 104 705 912 
419 823 378 67 265 7 344 619 268 108 
522 750 551 806 761 855 112 714 184 240 
496 276 299 543 3 169 708 215 115 379 
176 403 770 690 473 833 842 316 79 443 
949 734 554 992 937 311 514 567 363 526 
848 8 998 406 466 782 945 821 737 731 
487 290 33 632 776 807 304 974 376 208 
352 360 106 999 578 346 645 907 253 283 
97 779 673 985 480 832 402 520 535 472 
432 774 519 14 933 716 552 464 548 694 
66 107 852 726 575 384 425 17 818 317 
174 274 573 493 275 50 294 662 929 844 
631 
