251
0 4 155 227 138 57 26 180 102 133 
77 47 199 100 249 136 140 198 85 160 
214 219 137 113 83 10 111 16 105 162 
70 238 246 59 187 182 120 167 42 33 
176 224 112 87 218 139 34 117 148 55 
170 213 56 151 73 37 226 131 31 74 
194 62 46 128 223 204 15 6 78 247 
51 89 216 196 127 121 97 36 186 145 
241 24 119 94 58 181 126 175 207 130 
63 174 193 79 40 164 91 50 183 163 
69 30 141 3 184 92 203 211 66 52 
234 86 104 132 88 41 161 1 225 81 
38 208 231 237 173 244 236 98 90 118 
107 53 27 13 48 153 17 9 188 143 
206 129 156 29 99 80 158 109 115 171 
12 165 7 22 18 96 14 152 8 49 
191 197 172 201 101 65 210 177 103 248 
122 71 178 147 169 25 149 76 124 209 
200 212 60 35 146 23 157 242 54 93 
125 250 154 221 220 67 239 159 108 39 
222 5 82 64 240 230 44 19 202 166 
106 2 114 232 229 168 142 215 185 68 
116 192 233 123 235 20 134 228 190 217 
11 144 205 150 243 179 245 21 72 195 
43 75 135 95 32 28 84 45 110 61 
189 
