251
0 152 107 110 15 55 70 188 119 68 
181 226 32 25 128 118 89 95 5 208 
46 168 73 29 146 199 18 34 115 197 
169 143 8 40 31 142 159 57 228 139 
170 23 61 49 202 84 60 117 111 133 
171 101 75 203 90 88 149 58 20 96 
174 230 9 92 104 64 185 200 217 4 
215 209 161 50 13 183 99 246 53 86 
121 191 2 122 236 194 81 1 33 98 
172 37 192 187 156 12 160 109 249 47 
237 22 148 6 175 238 231 221 190 136 
135 97 233 222 56 165 3 78 124 28 
150 42 207 179 19 206 178 213 248 167 
223 36 39 100 102 79 210 240 51 11 
177 154 153 35 130 193 140 132 176 186 
250 76 7 44 123 234 94 224 10 116 
204 180 151 85 48 114 235 125 59 218 
131 245 189 212 216 120 105 38 242 163 
52 103 247 82 198 24 113 155 43 243 
219 62 214 41 195 30 93 145 196 54 
225 158 173 80 126 65 71 201 239 229 
77 182 83 26 69 211 220 162 112 138 
91 166 244 144 87 27 137 67 21 232 
227 164 205 45 72 106 66 16 147 14 
127 134 184 17 108 157 241 141 74 63 
129 
