501
0 149 20 216 157 399 18 343 313 357 
365 132 48 375 402 107 112 333 238 419 
499 319 136 54 408 315 9 42 220 271 
352 143 189 165 340 76 147 156 287 249 
234 225 222 478 251 361 460 22 75 438 
305 359 12 351 2 325 433 312 62 358 
267 306 246 439 168 211 253 102 256 24 
374 134 224 259 395 386 397 308 60 381 
441 209 167 497 56 344 444 405 468 129 
282 279 111 159 139 291 19 482 466 191 
495 110 181 426 456 73 264 484 64 377 
117 321 7 176 250 180 118 257 230 349 
217 169 71 281 240 32 72 153 455 92 
413 185 353 38 297 1 130 120 35 214 
155 346 40 437 183 307 379 202 290 500 
218 236 59 394 16 372 65 36 242 88 
388 474 424 383 304 227 204 114 488 369 
476 298 223 498 432 384 221 41 94 286 
10 404 272 473 178 171 184 428 263 335 
138 158 194 416 142 360 326 309 28 201 
188 53 336 464 84 235 277 451 288 269 
127 459 164 339 125 350 148 104 113 485 
366 29 276 448 481 122 243 487 274 15 
392 368 21 52 79 418 170 354 443 261 
463 301 356 74 494 245 57 420 154 44 
219 462 207 370 252 63 39 197 265 160 
27 283 205 80 215 151 140 398 401 34 
51 203 193 33 190 480 45 105 30 93 
385 289 175 187 338 106 414 371 237 378 
99 96 440 496 389 50 430 284 467 376 
303 172 150 210 367 323 231 67 479 347 
334 81 280 87 177 324 103 152 70 208 
25 213 472 226 198 55 37 328 145 454 
403 373 119 13 421 425 475 278 61 380 
108 109 296 410 78 255 320 310 17 415 
137 6 489 199 232 450 229 363 128 31 
434 239 331 275 86 273 131 241 248 492 
452 258 292 411 206 162 4 332 47 97 
174 247 254 445 101 435 262 446 46 89 
407 66 422 26 442 436 390 493 49 337 
196 124 294 471 449 406 91 470 98 228 
3 382 329 100 186 200 173 341 299 8 
23 483 192 270 163 77 244 391 314 453 
285 83 490 465 58 417 69 387 5 182 
116 409 327 431 260 345 457 458 144 166 
133 486 355 342 348 135 43 447 268 14 
429 179 469 295 316 11 115 427 233 491 
364 461 161 90 330 317 82 123 396 423 
300 121 126 68 95 362 477 85 393 141 
146 266 195 318 302 322 412 293 400 212 
311 
