501
0 476 424 491 329 220 14 305 259 283 
215 346 406 29 331 425 32 72 368 314 
443 474 367 50 417 202 292 472 248 271 
324 495 156 418 21 33 40 188 55 56 
347 343 34 362 46 426 449 163 482 11 
254 22 365 481 152 124 133 433 186 68 
166 99 18 489 370 453 190 408 93 407 
337 160 106 321 245 395 97 352 158 185 
89 206 153 159 405 484 301 247 194 284 
179 480 435 24 372 214 462 256 270 82 
242 394 75 15 25 448 91 483 243 318 
330 452 116 49 402 333 274 317 155 358 
310 109 414 196 111 461 74 38 313 456 
311 438 177 113 149 486 117 315 281 398 
466 126 183 278 107 429 392 450 376 173 
141 7 147 130 304 105 112 252 244 67 
115 496 285 349 234 287 119 387 84 470 
410 73 120 475 493 380 80 459 118 23 
357 204 110 200 103 323 193 57 212 253 
280 108 203 415 157 151 13 61 320 236 
88 154 427 451 1 6 423 146 184 251 
52 373 363 114 69 294 485 341 328 338 
19 241 98 391 95 128 469 138 58 79 
230 386 353 139 51 8 195 191 497 9 
172 430 87 86 180 192 30 265 96 181 
420 319 296 218 490 359 20 436 66 60 
361 104 165 419 498 235 171 447 76 182 
335 327 140 487 258 442 299 164 400 268 
454 227 264 2 232 308 463 428 210 142 
62 437 306 143 279 312 246 499 332 162 
239 276 90 468 273 134 39 479 228 464 
291 102 457 4 350 382 374 445 217 375 
199 354 399 378 467 148 37 269 267 325 
127 412 226 401 344 135 339 35 421 465 
422 125 492 205 266 17 145 10 167 48 
326 385 224 207 389 36 170 348 70 355 
293 322 334 384 336 249 174 342 136 298 
219 379 94 237 263 240 77 257 78 404 
209 123 150 211 446 231 364 260 189 413 
161 47 416 45 208 255 356 261 381 458 
132 297 397 12 42 351 309 434 121 471 
169 431 131 16 478 233 316 371 122 286 
477 83 44 41 396 288 28 187 366 340 
176 390 216 238 360 290 388 369 100 383 
272 43 221 27 250 54 455 262 494 137 
223 303 26 3 289 65 81 393 488 440 
129 201 101 144 178 5 409 198 377 53 
460 213 92 229 295 63 444 64 302 403 
500 277 473 441 282 168 307 59 222 275 
439 71 197 85 175 432 411 31 300 345 
225 
