321
0 151 287 106 135 82 195 278 223 26 
199 233 207 137 214 3 131 259 196 227 
261 291 192 311 132 123 318 100 308 101 
166 171 255 193 133 253 105 224 163 73 
299 267 66 182 47 200 63 303 34 112 
125 232 177 317 241 264 309 271 188 94 
313 114 306 217 45 257 13 305 79 84 
277 320 161 282 172 263 285 283 57 18 
304 145 143 15 91 230 243 170 293 231 
239 292 184 74 307 56 28 312 256 205 
102 64 178 27 134 203 176 208 215 43 
96 86 216 206 155 119 14 262 319 120 
22 288 236 7 37 169 280 157 244 52 
20 89 273 126 110 130 290 127 191 44 
5 221 148 168 8 146 213 99 118 289 
228 121 128 156 88 59 152 124 108 270 
269 83 279 275 4 179 301 41 189 284 
229 35 29 302 98 187 93 190 32 50 
242 111 298 310 72 316 159 175 160 17 
252 272 136 265 212 235 77 140 21 181 
201 167 183 90 67 197 2 286 246 30 
116 42 104 222 147 139 107 65 55 23 
39 6 60 158 220 25 225 237 109 49 
70 10 33 194 81 154 1 76 219 180 
117 40 274 209 174 173 122 54 254 16 
62 71 198 149 314 295 113 78 245 210 
31 80 87 24 61 296 19 142 138 204 
165 297 51 153 250 97 258 234 251 186 
226 249 260 150 315 48 9 294 12 46 
11 38 75 129 248 281 185 95 268 36 
144 238 115 103 240 162 276 141 58 68 
266 247 211 300 69 202 53 92 164 218 
85 
