251
0 15 67 98 225 39 226 190 134 64 
110 150 73 249 179 56 160 10 147 52 
126 26 107 118 243 51 174 5 228 54 
238 141 105 156 143 25 169 112 234 229 
145 216 24 167 164 142 89 244 79 47 
94 133 170 159 152 176 72 149 240 121 
157 175 111 28 135 165 125 29 9 219 
171 3 68 192 63 60 13 113 97 202 
117 58 173 193 184 168 194 77 215 181 
232 46 191 88 65 246 197 154 172 195 
247 20 186 224 196 138 42 120 59 158 
223 55 211 209 201 2 108 85 204 78 
114 220 92 71 75 91 61 239 34 203 
231 33 81 217 19 1 155 23 48 166 
180 109 241 128 37 230 16 32 84 31 
206 12 17 127 235 100 137 144 221 115 
27 131 18 130 69 146 185 210 214 189 
44 49 199 237 122 101 213 236 132 163 
119 250 248 104 43 116 183 136 106 30 
62 41 96 151 80 200 74 86 162 205 
153 140 93 103 7 8 95 50 207 14 
198 123 161 76 212 124 38 45 90 4 
188 222 182 242 87 22 208 129 11 139 
40 148 83 99 187 245 233 178 21 53 
57 70 36 102 35 66 82 177 218 227 
6 
