321
0 81 73 140 94 59 284 9 266 182 
41 37 170 22 158 79 34 88 176 63 
51 5 318 201 199 264 260 218 169 141 
71 283 249 240 156 292 300 33 197 43 
281 75 202 203 217 99 219 243 239 82 
91 287 132 259 270 316 143 229 83 301 
65 14 127 313 275 146 319 236 104 52 
223 149 100 262 222 8 183 38 155 293 
248 57 226 205 151 12 174 70 60 35 
204 193 244 116 251 190 206 32 74 171 
109 175 95 125 320 238 306 122 55 139 
138 211 179 303 31 209 184 257 4 308 
212 115 241 64 47 124 44 117 76 98 
163 165 224 160 230 256 107 268 123 130 
137 253 188 128 119 136 233 250 92 220 
121 294 295 54 317 232 19 11 286 2 
114 111 278 216 42 29 113 305 27 298 
280 147 314 93 228 85 254 86 133 164 
235 126 18 62 285 200 89 134 150 108 
118 185 181 72 110 142 178 263 25 277 
290 105 39 106 50 66 172 45 157 215 
166 255 68 187 288 194 6 7 279 198 
46 242 265 40 282 120 227 310 272 167 
274 210 309 237 36 152 177 21 77 131 
273 96 161 16 28 180 291 296 299 135 
196 307 302 214 101 221 267 90 3 49 
145 304 231 103 112 315 148 271 261 78 
1 247 26 56 159 173 15 154 162 192 
213 80 30 84 186 252 208 48 191 53 
129 23 225 195 207 67 24 58 20 153 
13 144 312 10 69 87 297 61 269 289 
189 17 311 258 97 102 168 276 245 234 
246 
