701
0 475 20 165 692 424 218 37 318 182 
334 205 79 376 599 451 28 215 554 279 
336 201 555 675 569 492 68 627 48 348 
603 541 347 478 249 368 477 134 659 103 
637 161 238 33 417 192 168 552 242 597 
51 596 425 410 445 306 406 398 698 585 
419 71 563 464 340 381 34 510 267 21 
523 583 273 323 222 162 181 268 439 233 
543 402 351 254 437 377 490 605 301 409 
236 623 304 517 26 277 55 582 453 488 
539 202 618 500 353 292 612 578 80 29 
391 299 314 125 614 535 349 116 468 89 
105 178 234 19 643 361 677 155 367 50 
524 16 198 124 390 39 434 364 685 135 
443 581 272 64 335 108 211 9 248 645 
356 278 668 332 416 189 148 527 673 27 
449 374 441 175 634 663 169 615 241 113 
429 647 531 397 573 70 69 259 173 642 
507 18 440 362 160 480 270 632 408 13 
454 508 235 638 509 287 127 502 289 298 
636 171 512 499 85 63 683 207 699 565 
52 56 380 315 102 337 258 556 132 588 
693 370 75 345 213 111 550 195 553 341 
689 170 221 12 560 369 59 455 293 40 
371 130 325 639 185 651 520 191 15 547 
43 357 544 525 312 586 619 534 163 109 
363 97 257 700 435 167 476 616 90 631 
489 286 667 625 641 22 635 528 46 688 
98 522 593 128 137 481 73 142 538 514 
671 458 579 57 606 193 470 302 594 515 
99 660 307 31 115 261 518 609 151 247 
474 310 640 346 542 225 696 219 227 389 
482 129 262 36 511 561 548 62 486 8 
571 428 672 580 396 394 567 17 256 382 
66 498 179 146 311 465 67 78 41 680 
196 303 504 101 558 327 684 228 280 58 
626 25 141 537 295 413 426 358 290 204 
176 144 276 112 386 253 319 405 300 209 
244 119 5 432 460 584 180 650 255 126 
395 359 491 403 197 284 265 77 110 575 
494 329 114 461 352 343 533 392 695 385 
572 118 401 53 375 296 237 459 106 93 
559 217 414 400 157 177 608 86 30 469 
11 326 446 308 697 333 420 452 117 226 
473 622 133 107 139 540 82 436 549 123 
84 664 305 91 495 313 212 240 562 4 
557 355 411 598 297 203 652 607 14 373 
466 229 467 243 95 271 223 104 317 316 
545 10 224 45 670 172 513 49 378 484 
404 423 682 646 566 96 339 47 35 145 
150 516 694 74 620 291 152 266 149 679 
519 653 388 65 592 628 147 505 60 136 
601 231 496 294 574 54 431 245 462 447 
430 208 418 471 214 100 644 587 442 589 
206 269 415 621 216 328 674 338 174 536 
551 633 686 610 250 676 529 246 274 186 
658 690 577 655 232 521 657 526 360 121 
44 156 457 42 143 239 456 309 158 485 
138 350 630 479 283 342 230 23 288 154 
6 681 140 602 501 7 530 76 662 83 
399 546 122 421 422 87 210 194 321 433 
166 568 393 591 450 463 366 251 88 153 
264 324 331 564 384 444 263 427 506 344 
604 487 624 617 611 412 576 691 666 281 
32 38 678 190 184 665 24 379 497 595 
372 438 687 669 629 2 383 322 354 252 
503 187 472 493 285 656 654 448 590 81 
320 94 483 72 532 649 92 183 3 200 
570 159 282 407 613 600 330 648 131 1 
260 275 188 61 120 164 220 661 365 387 
199 
