251
0 147 87 92 3 250 118 39 182 112 
185 172 67 235 77 93 144 10 242 68 
191 6 79 106 105 180 198 107 123 227 
36 129 15 44 210 103 246 84 18 14 
211 62 213 188 181 83 155 73 230 61 
125 204 86 120 154 233 173 26 238 149 
225 35 95 66 104 228 159 249 152 226 
151 166 143 49 21 5 214 13 212 192 
58 80 158 201 142 65 38 45 32 187 
179 50 34 247 157 200 209 98 113 9 
69 94 59 241 71 245 174 31 208 101 
108 111 122 2 186 23 115 88 116 215 
221 156 109 24 1 37 140 100 184 183 
42 76 177 237 199 63 243 102 121 133 
134 20 138 130 119 222 153 216 85 7 
171 202 193 70 72 231 131 207 48 162 
164 52 194 234 90 46 8 169 170 117 
224 54 160 27 60 89 110 57 29 244 
141 248 217 165 190 196 206 148 240 16 
30 75 56 167 47 4 12 40 53 11 
146 239 33 74 128 96 132 163 195 126 
55 43 51 22 236 124 229 64 223 220 
168 81 139 176 203 114 99 91 145 25 
97 41 178 82 19 28 135 218 78 189 
136 175 161 137 150 127 17 219 232 205 
197 
