1001
0 911 725 920 102 695 646 81 56 818 
932 593 132 437 321 561 256 144 138 859 
684 746 896 305 435 580 120 756 172 845 
265 799 490 995 62 832 247 198 899 935 
547 505 85 863 829 558 722 58 773 631 
451 421 97 583 152 816 95 462 570 749 
822 619 255 470 902 710 702 201 601 614 
285 339 308 268 560 91 370 341 454 486 
410 733 940 587 720 7 41 343 620 19 
852 166 682 786 323 730 329 352 882 846 
958 474 423 544 43 68 385 797 884 361 
245 603 904 919 131 716 494 605 727 916 
840 235 918 761 944 866 290 751 691 875 
755 326 148 298 929 492 60 708 948 272 
617 998 249 472 501 688 596 480 569 134 
310 427 187 194 891 455 703 795 735 701 
449 302 176 275 105 145 922 762 681 93 
288 403 809 349 153 376 865 649 426 870 
253 549 819 528 300 535 864 659 29 83 
185 889 860 46 524 106 174 186 906 637 
372 808 133 662 607 96 155 750 640 139 
512 432 164 871 789 316 413 177 165 952 
461 465 793 119 257 817 954 78 979 600 
674 879 635 260 429 263 61 416 736 301 
653 638 244 807 281 779 814 400 47 183 
98 324 280 495 636 744 530 476 520 44 
784 939 660 202 700 136 498 623 84 973 
320 170 827 212 812 250 383 737 234 966 
425 360 618 792 767 668 673 382 478 901 
364 182 964 92 531 277 269 532 499 718 
466 336 933 401 503 667 100 586 564 45 
224 613 14 731 602 800 64 562 571 438 
599 409 858 644 209 559 790 775 589 567 
72 641 406 585 538 664 243 99 527 732 
497 565 680 518 983 318 595 770 971 905 
676 447 458 26 883 109 629 982 670 572 
286 30 910 765 452 38 371 1 94 621 
179 274 878 231 912 650 24 785 417 150 
428 588 162 626 178 647 760 738 442 471 
757 196 39 683 377 798 242 551 388 404 
557 18 776 999 48 215 821 128 392 542 
624 609 337 856 510 648 135 189 390 193 
908 604 608 584 868 479 928 810 869 825 
934 36 433 957 791 90 307 976 226 689 
358 6 25 766 296 930 9 594 509 317 
574 55 440 411 332 225 444 110 469 675 
726 924 537 963 578 545 206 379 159 190 
468 678 953 705 553 874 590 946 804 826 
788 491 961 521 76 502 628 697 399 381 
805 77 441 782 632 312 325 941 967 27 
699 837 783 230 319 129 73 142 915 712 
996 522 236 740 895 88 579 977 988 115 
487 914 774 942 146 67 116 747 431 350 
5 728 184 287 125 436 823 147 820 806 
714 333 270 365 485 764 50 188 374 978 
508 42 513 525 227 778 219 51 334 309 
685 794 126 591 945 500 956 191 384 311 
516 598 687 630 65 550 57 706 346 713 
657 394 31 724 52 414 405 690 197 849 
327 843 677 824 71 74 419 514 855 796 
907 975 151 395 342 546 848 989 11 101 
955 723 984 881 453 347 127 686 616 103 
563 987 1000 246 493 267 692 158 251 459 
787 768 229 34 839 367 143 880 577 424 
259 758 69 237 86 70 947 271 851 815 
258 279 171 87 32 477 661 739 539 886 
208 643 566 627 838 407 802 154 434 925 
489 221 262 721 581 122 79 709 841 75 
356 533 665 555 313 753 483 130 386 363 
949 830 752 536 450 669 504 909 463 541 
943 248 111 123 719 35 993 397 218 473 
743 284 639 893 278 13 216 420 232 303 
938 2 217 931 398 981 654 694 464 264 
658 887 475 847 833 970 345 573 293 163 
876 169 297 937 238 642 393 772 328 645 
59 335 519 289 396 992 37 252 771 850 
997 972 295 430 315 167 831 338 439 54 
160 606 529 23 985 484 923 12 422 89 
540 63 679 446 811 707 576 118 210 633 
482 717 283 168 926 672 759 951 969 517 
610 282 801 254 663 266 991 488 366 80 
149 960 873 741 729 666 402 368 980 698 
534 199 292 781 348 375 704 803 373 40 
854 200 15 353 898 354 180 104 625 121 
192 49 857 294 844 523 203 543 693 223 
897 835 387 715 28 124 233 568 445 33 
936 962 777 671 273 17 515 900 415 205 
634 359 66 239 611 213 548 754 304 582 
322 597 161 443 113 467 389 276 612 195 
412 968 299 890 780 959 391 204 114 331 
828 656 20 990 418 112 655 651 892 927 
408 921 511 711 137 994 4 220 16 615 
575 457 885 894 696 748 769 986 950 888 
3 291 351 378 842 622 369 917 556 745 
362 763 108 872 507 742 214 552 82 460 
867 834 344 877 913 8 21 355 903 140 
813 22 965 222 156 175 207 481 306 526 
107 734 314 554 173 974 862 496 448 211 
380 241 592 53 836 157 228 240 330 340 
652 506 141 181 456 853 261 10 357 117 
861 
