251
0 20 74 92 138 199 223 142 54 8 
3 5 211 193 151 146 169 77 115 227 
238 126 221 23 215 210 83 34 85 181 
116 168 16 53 98 150 218 222 70 45 
197 65 178 56 163 228 7 208 66 177 
236 159 64 120 48 47 171 25 11 117 
229 44 130 242 182 40 207 160 245 1 
205 239 133 21 52 235 135 79 14 140 
81 104 250 125 196 101 216 144 35 175 
51 2 170 33 179 158 155 220 161 132 
86 107 148 188 58 111 22 203 37 38 
136 43 39 194 24 186 157 204 96 183 
131 80 190 185 121 63 241 15 30 114 
209 110 243 69 99 108 128 18 213 214 
212 149 249 153 90 95 50 112 68 102 
232 234 17 75 156 192 105 67 173 134 
226 191 224 59 217 200 97 118 230 127 
91 46 143 137 122 4 12 201 244 240 
164 103 42 9 246 180 73 152 89 147 
10 167 206 26 166 248 61 139 84 60 
202 36 141 82 106 174 49 123 94 145 
129 19 154 78 233 184 219 225 231 109 
62 119 55 165 87 31 71 195 88 247 
32 41 189 176 57 27 29 6 76 113 
124 198 172 72 13 93 100 28 237 187 
162 
