1001
0 421 615 453 568 433 648 836 6 698 
641 586 879 130 248 896 532 858 200 966 
111 653 15 495 138 32 562 304 218 871 
850 686 903 538 672 243 176 670 249 260 
198 284 835 611 179 167 158 155 19 542 
463 853 732 804 273 606 872 518 701 356 
341 416 462 384 782 960 305 826 255 907 
683 1 728 357 291 119 100 808 780 14 
596 467 161 285 318 682 102 407 183 706 
725 912 993 210 857 225 114 772 191 789 
991 190 408 269 785 930 855 589 881 180 
24 864 990 662 279 133 911 678 696 1000 
381 787 294 869 397 556 970 906 169 598 
779 944 261 954 88 127 271 360 754 262 
841 380 702 211 389 173 358 131 338 34 
700 361 714 797 265 515 307 664 669 571 
373 33 331 281 950 385 989 680 722 468 
99 339 594 184 574 693 932 751 531 627 
475 660 166 546 752 880 71 886 377 2 
50 511 235 711 544 417 980 793 423 497 
760 57 809 156 902 688 458 64 36 107 
548 236 563 525 387 807 18 286 852 972 
322 535 457 666 486 241 588 622 394 988 
363 227 196 959 159 78 585 293 971 986 
334 742 330 144 543 610 845 223 215 555 
239 690 352 229 459 796 67 375 12 369 
38 276 973 488 794 445 629 814 490 425 
253 149 56 41 919 510 473 580 446 296 
432 49 634 965 53 638 956 761 846 721 
26 893 847 905 480 118 204 137 347 943 
182 763 549 784 398 920 400 359 992 573 
427 840 736 115 915 16 491 439 250 17 
936 767 93 699 649 631 9 277 825 564 
837 52 46 776 818 150 811 460 403 63 
630 207 186 830 74 123 928 507 777 998 
642 438 62 466 859 806 768 765 953 894 
517 321 582 8 22 633 679 802 813 668 
762 452 766 410 892 545 790 632 212 345 
851 791 941 513 447 47 891 104 748 420 
984 405 85 694 579 557 861 30 520 713 
343 652 456 689 126 194 310 922 349 899 
185 875 374 815 581 800 908 514 597 504 
616 145 512 216 783 773 288 315 734 109 
324 812 376 96 429 139 530 705 65 344 
142 35 70 753 828 29 228 112 983 575 
883 419 890 153 283 91 21 559 337 217 
340 949 478 509 303 251 336 848 560 124 
718 519 967 89 553 76 272 245 626 247 
658 550 849 729 521 969 105 671 843 146 
346 939 226 601 37 985 607 947 482 769 
441 282 94 178 994 691 770 81 895 378 
924 703 134 578 329 646 567 199 645 831 
731 128 799 404 888 620 759 745 554 717 
925 367 465 268 697 252 219 39 873 844 
862 868 914 187 448 246 884 188 365 292 
810 148 506 667 650 372 503 602 889 733 
449 326 945 712 136 140 962 750 172 220 
399 982 355 313 587 275 461 10 570 66 
900 737 695 157 829 143 464 824 317 147 
323 319 659 940 723 113 351 110 918 170 
605 258 741 547 440 499 569 108 655 256 
613 603 709 917 955 238 637 901 75 59 
526 201 348 724 162 13 203 854 961 175 
817 865 168 192 786 860 720 121 942 975 
116 160 205 68 44 390 704 505 832 774 
904 406 778 681 600 493 566 856 665 23 
320 312 979 764 430 300 534 233 202 948 
120 863 295 758 451 923 401 838 332 221 
426 386 230 946 54 583 298 392 663 657 
40 823 827 833 781 311 474 995 551 558 
151 977 177 80 674 997 61 442 743 661 
132 595 539 174 584 604 730 413 536 479 
335 561 297 154 592 964 171 87 79 618 
411 516 656 621 301 798 628 129 141 577 
382 938 402 244 55 51 333 444 289 821 
231 97 42 232 687 744 654 342 240 437 
885 58 316 819 435 788 839 353 643 565 
749 492 527 775 98 677 537 428 237 314 
612 412 263 822 952 485 418 816 910 877 
45 738 193 181 481 206 422 502 913 533 
740 926 477 958 31 3 83 165 640 122 
494 529 951 489 209 617 125 755 92 710 
735 508 27 370 101 921 909 434 676 803 
651 935 7 937 608 280 484 72 931 647 
383 242 43 254 450 757 878 222 756 716 
968 25 117 309 299 747 234 424 792 393 
834 801 152 887 267 4 572 259 795 436 
487 164 379 11 981 48 746 987 60 414 
609 163 927 391 264 540 364 805 496 675 
590 278 591 501 366 692 929 290 431 84 
274 867 28 842 302 483 708 354 625 974 
471 874 522 208 707 308 327 635 715 524 
934 619 455 306 287 90 639 999 371 541 
916 195 614 898 976 469 257 673 388 727 
5 213 636 103 368 454 978 106 684 472 
20 77 197 396 552 350 897 135 957 443 
328 476 73 996 719 593 771 685 523 470 
214 870 933 866 325 189 82 69 395 739 
599 528 576 623 963 876 498 726 270 820 
415 644 362 500 266 224 624 409 95 86 
882 
