251
0 217 195 123 207 8 11 92 53 131 
211 136 163 48 7 216 44 2 67 228 
199 79 81 236 45 4 171 245 202 116 
47 54 15 160 198 31 106 17 219 29 
41 161 165 224 148 166 76 117 60 22 
187 237 227 196 94 63 218 103 231 14 
185 205 37 250 121 96 109 89 188 72 
75 86 34 21 6 141 194 5 97 184 
140 146 20 35 69 137 244 104 197 19 
175 101 50 95 155 74 25 229 192 100 
16 28 138 80 220 215 232 180 191 26 
214 70 170 42 164 157 156 210 213 204 
58 71 113 167 46 27 85 134 223 201 
144 56 93 186 162 91 158 105 59 52 
222 18 111 122 139 143 178 200 36 238 
125 49 132 152 124 57 33 118 115 130 
172 248 177 90 55 249 145 135 243 159 
235 13 108 23 1 176 247 153 99 225 
62 182 142 230 68 73 87 77 241 169 
61 234 82 32 43 209 240 126 64 190 
10 120 102 30 189 179 149 78 246 212 
233 39 183 226 128 154 40 239 66 119 
203 151 24 193 38 51 83 110 3 114 
98 12 208 206 147 168 107 84 65 174 
150 88 242 173 127 221 133 129 181 9 
112 
