321
0 170 18 152 115 177 289 29 95 318 
84 142 146 135 60 260 23 87 281 114 
251 122 102 174 67 191 280 283 295 103 
69 315 5 218 111 320 297 216 210 49 
240 28 63 42 184 254 16 13 163 192 
231 282 58 306 178 225 8 176 117 46 
267 244 14 314 82 9 246 293 243 301 
118 51 83 269 258 45 279 226 92 250 
241 186 59 256 86 30 220 162 187 199 
278 305 88 139 310 32 97 148 201 257 
38 128 61 304 107 31 119 132 206 307 
217 203 271 34 311 213 41 20 35 265 
27 221 188 138 64 296 62 294 171 270 
89 266 143 25 52 57 55 196 168 19 
110 4 54 185 112 26 127 277 239 180 
134 40 164 2 190 237 273 7 249 189 
56 298 275 126 252 200 287 21 108 153 
94 150 261 104 53 175 319 255 22 73 
228 159 313 100 208 91 292 182 229 70 
268 194 71 169 242 1 224 76 181 105 
151 202 101 98 156 160 212 235 253 262 
154 179 74 290 158 232 93 316 90 66 
205 193 204 236 129 247 172 136 157 259 
131 48 155 300 227 141 113 140 145 165 
24 79 15 99 125 33 116 207 245 303 
263 72 288 85 6 276 274 17 81 234 
214 37 248 121 12 195 44 133 149 299 
211 124 223 286 43 291 80 161 308 120 
68 198 197 36 65 272 238 109 173 106 
50 222 3 130 215 230 209 302 166 96 
11 317 264 183 123 39 312 78 147 137 
167 47 219 233 77 144 284 285 10 309 
75 
