1001
0 66 772 607 948 513 340 997 846 345 
869 849 901 376 804 694 177 295 635 775 
393 165 441 750 711 168 504 527 871 796 
618 939 347 529 350 723 182 935 171 138 
729 665 827 880 610 718 706 985 596 736 
40 342 159 349 230 494 487 41 897 875 
572 545 418 237 511 657 324 391 590 116 
416 632 107 675 710 471 316 137 823 327 
151 384 670 870 981 28 576 397 25 725 
962 445 259 534 459 450 211 865 160 455 
653 53 647 853 802 481 637 489 885 76 
859 63 365 717 83 532 697 219 586 904 
435 158 959 404 220 646 385 10 971 482 
133 882 531 132 363 163 75 278 126 845 
427 584 29 912 147 774 748 321 619 892 
614 580 743 420 782 15 928 780 100 454 
283 741 370 161 212 571 21 856 296 26 
597 560 512 493 360 577 310 771 515 65 
731 857 443 713 249 281 987 730 210 155 
806 826 186 73 509 261 105 684 39 644 
715 969 795 95 69 245 184 523 248 535 
546 676 424 200 642 990 751 156 557 828 
254 154 739 315 503 5 180 759 575 344 
381 252 157 135 438 323 446 950 331 721 
688 864 464 925 367 843 737 788 544 396 
914 840 46 104 17 92 56 941 411 867 
832 47 332 208 236 648 876 429 835 476 
651 305 7 299 98 346 284 770 554 877 
878 636 627 469 2 368 480 13 207 606 
497 860 921 123 587 841 756 74 152 175 
386 940 825 439 422 129 598 388 320 778 
124 262 490 276 740 139 27 899 708 279 
379 530 918 578 689 594 218 425 193 543 
814 538 574 685 954 917 243 341 99 268 
150 272 143 947 38 514 267 674 819 955 
473 960 989 757 351 86 120 944 406 300 
62 813 873 322 413 720 776 517 470 125 
33 754 858 973 561 358 256 23 524 417 
767 79 810 830 205 337 119 980 50 889 
533 395 172 661 807 791 972 528 934 643 
440 728 415 354 923 645 678 943 457 895 
818 668 838 106 966 131 49 911 824 191 
956 456 463 290 77 491 101 510 906 206 
652 909 961 238 738 88 839 540 539 681 
407 620 140 886 768 893 251 861 430 24 
786 599 408 640 359 228 115 548 812 110 
449 339 582 868 624 922 968 479 702 920 
727 722 16 377 475 519 626 900 611 719 
553 37 43 848 82 752 910 196 831 85 
478 202 630 621 549 453 817 798 289 32 
452 565 547 662 48 222 745 233 461 617 
884 937 550 862 273 118 552 556 409 460 
141 951 325 30 11 288 522 410 890 309 
847 693 280 507 799 297 176 436 958 833 
793 811 957 595 994 444 616 569 112 291 
19 380 605 241 602 692 633 789 447 967 
265 235 634 250 484 995 1000 559 302 192 
974 3 938 216 96 148 691 389 495 229 
992 805 820 401 573 215 242 189 183 179 
953 952 581 145 97 336 764 929 936 792 
306 258 927 153 134 631 93 458 520 304 
733 162 975 263 747 903 976 779 916 330 
797 650 142 9 563 704 431 61 501 638 
874 583 423 285 364 942 601 361 274 988 
472 483 72 732 615 766 462 888 809 333 
608 68 919 421 42 707 639 769 852 612 
753 486 742 850 746 591 387 203 844 313 
113 217 978 71 64 836 240 815 749 592 
314 257 303 468 398 102 311 622 91 428 
656 683 432 821 59 383 673 403 933 226 
879 234 136 232 726 834 787 977 784 701 
558 623 655 60 908 355 762 896 127 887 
246 551 913 499 373 352 564 924 855 641 
982 803 225 735 286 223 317 6 198 687 
318 931 629 54 4 209 369 277 45 783 
526 402 298 362 488 121 669 542 894 508 
502 36 816 353 357 790 698 800 266 474 
22 348 34 307 190 78 585 521 382 467 
260 87 14 197 221 319 12 516 709 498 
434 915 660 724 451 294 506 570 566 628 
891 326 70 773 51 755 518 448 114 696 
204 993 964 405 496 213 84 998 164 763 
329 485 588 58 293 562 716 671 537 677 
52 907 984 81 239 122 128 166 705 672 
214 244 173 930 187 593 609 390 794 854 
169 837 949 822 195 224 477 881 301 986 
777 667 400 57 851 872 103 983 271 178 
374 500 808 399 680 663 117 264 946 466 
194 604 282 1 682 781 287 714 130 181 
312 829 863 253 275 699 905 94 465 90 
55 392 505 437 536 492 932 979 167 654 
412 965 108 589 686 996 247 44 568 963 
89 703 375 898 579 433 970 926 185 394 
269 842 801 328 426 695 378 149 292 170 
734 555 991 270 80 664 18 613 525 188 
338 227 8 174 335 760 442 67 372 371 
31 712 600 231 690 603 659 35 199 308 
658 666 255 20 758 419 201 649 679 902 
366 144 414 744 765 761 883 567 111 785 
146 625 700 356 541 343 999 109 866 945 
334 
