1001
0 409 767 445 418 509 798 349 570 647 
860 486 946 848 711 965 189 95 121 439 
522 312 829 694 134 290 831 581 272 355 
371 5 999 4 141 560 44 556 29 191 
300 261 531 179 163 207 171 479 127 726 
616 110 803 88 383 370 193 624 468 602 
336 986 337 358 952 440 873 224 87 514 
499 1 137 919 10 751 547 811 471 313 
323 601 533 366 641 817 901 595 357 117 
697 173 264 741 885 187 131 961 54 35 
107 766 492 120 37 211 903 1000 405 256 
79 743 698 663 69 425 174 782 953 380 
699 240 208 589 276 169 940 113 561 922 
605 770 265 667 196 521 759 826 271 429 
210 36 381 354 406 523 676 8 415 623 
183 165 452 891 778 457 361 379 7 151 
652 46 771 619 205 519 849 882 101 875 
316 788 396 815 604 269 81 718 603 613 
222 568 15 621 980 583 693 507 571 732 
749 489 80 546 752 843 365 626 352 852 
969 991 872 978 793 949 883 880 413 315 
344 424 658 812 71 403 56 840 550 612 
863 679 392 194 735 503 801 168 448 534 
363 518 651 505 947 182 6 242 810 55 
620 764 89 913 198 695 223 60 669 27 
864 84 654 805 927 638 637 291 606 206 
112 958 774 116 643 795 108 800 2 650 
525 869 408 274 786 967 128 510 283 894 
877 745 99 584 400 702 708 631 870 73 
490 706 102 933 705 552 483 854 656 674 
148 730 233 918 390 156 172 17 993 118 
753 608 724 475 733 709 899 491 215 804 
576 769 528 742 842 474 226 671 838 548 
686 90 412 294 988 144 559 50 299 839 
909 497 246 49 558 33 124 219 832 850 
231 384 776 281 86 482 768 23 729 444 
431 410 727 994 13 105 508 992 625 981 
328 907 535 53 251 298 865 334 515 836 
135 373 32 51 277 861 781 955 802 516 
133 58 258 270 924 398 929 551 332 809 
754 39 818 597 634 820 263 63 738 201 
391 402 472 170 176 155 664 375 476 750 
575 996 807 260 855 824 912 675 936 288 
914 563 153 685 567 234 502 220 582 998 
939 739 789 529 973 713 744 856 921 977 
82 493 937 799 785 813 442 395 537 941 
426 453 923 126 614 333 130 419 966 511 
446 672 594 954 659 719 149 845 794 111 
797 104 247 540 282 579 564 513 85 93 
728 714 437 416 871 123 633 874 454 600 
204 214 983 615 783 506 984 464 834 34 
931 57 302 64 254 725 905 555 443 438 
200 237 327 229 97 611 324 98 228 640 
305 970 385 825 896 209 935 449 203 678 
292 895 72 420 557 345 974 158 188 775 
132 353 964 585 374 481 114 320 928 441 
350 690 960 780 772 125 451 41 21 399 
646 707 340 150 92 553 717 592 243 911 
311 329 139 160 279 639 959 146 591 422 
185 331 466 979 161 435 814 213 926 791 
433 12 321 257 682 532 762 898 106 822 
902 67 259 578 755 218 266 62 890 862 
275 382 684 938 190 542 262 968 819 945 
70 378 326 94 900 681 68 297 997 473 
244 232 784 859 335 844 48 293 574 195 
867 197 100 369 757 227 868 304 308 645 
447 307 143 590 830 434 932 841 338 756 
906 66 618 990 779 342 649 851 691 74 
423 461 607 962 538 250 554 828 629 666 
16 24 238 598 930 934 957 236 701 129 
787 908 289 660 164 982 539 20 746 881 
858 273 376 3 853 181 517 14 593 414 
948 30 122 360 76 527 252 530 712 456 
630 893 480 790 280 96 212 683 835 91 
569 341 704 765 487 692 642 460 892 145 
478 287 115 477 367 816 152 777 462 485 
19 389 22 963 566 28 458 876 157 580 
661 700 587 884 731 897 411 52 180 662 
348 235 356 83 715 857 498 915 38 78 
610 377 18 627 975 943 119 500 565 763 
985 577 436 241 253 459 217 428 186 455 
806 248 31 494 45 562 609 319 362 303 
421 734 687 278 388 351 544 142 427 995 
103 372 846 573 526 192 680 942 665 596 
572 821 77 394 823 722 971 670 827 888 
792 879 109 318 393 470 40 225 407 668 
920 386 677 178 167 301 249 465 504 833 
878 255 43 9 586 177 221 710 956 59 
721 359 322 599 653 889 696 140 11 245 
972 549 202 159 512 496 216 404 285 796 
450 47 987 364 387 296 736 25 61 75 
175 648 166 944 154 26 401 495 950 432 
417 635 138 239 147 162 761 520 910 866 
42 469 622 484 501 284 230 688 917 136 
720 463 636 309 330 267 904 837 314 339 
343 886 268 976 989 673 655 541 617 368 
536 306 286 346 747 430 737 628 758 543 
184 644 467 689 740 310 325 632 887 588 
488 657 199 397 545 295 317 748 65 347 
760 847 951 703 723 524 773 916 716 925 
808 
