501
0 494 48 230 473 118 416 153 232 149 
20 492 436 90 184 8 470 207 410 63 
377 296 83 136 399 425 329 497 132 270 
462 286 312 389 333 338 426 120 52 111 
277 71 500 481 406 35 308 342 181 452 
12 81 275 404 393 186 78 379 331 27 
108 341 417 279 364 339 343 201 220 291 
175 420 255 117 370 231 383 104 121 147 
299 164 282 409 465 215 137 368 391 165 
257 102 44 401 51 435 155 216 54 25 
99 369 228 87 443 303 218 361 356 170 
227 358 354 62 366 222 203 243 476 28 
91 156 240 258 261 300 146 484 456 113 
129 85 292 2 301 459 362 77 219 403 
185 107 159 314 419 441 496 41 74 259 
437 413 457 151 446 145 294 461 488 157 
205 141 402 178 191 13 381 332 353 24 
213 247 211 148 254 387 162 130 335 139 
5 260 22 384 400 430 450 98 298 166 
388 241 119 316 480 313 320 336 449 161 
293 84 322 89 289 140 123 225 412 440 
82 224 499 76 288 464 19 125 101 421 
23 67 167 97 196 327 323 150 482 487 
310 3 318 281 60 45 250 128 206 127 
11 295 16 190 326 267 53 234 73 363 
424 126 324 493 142 188 439 59 46 411 
349 283 209 239 249 109 380 390 110 179 
268 6 32 221 347 438 315 434 483 442 
252 287 337 176 64 177 448 359 371 307 
144 168 495 248 477 93 50 217 55 4 
309 305 328 378 198 135 382 200 193 325 
37 189 17 428 133 458 94 475 444 86 
408 284 395 95 468 373 251 360 414 269 
30 105 278 61 210 306 235 265 469 474 
199 42 100 116 163 34 345 351 233 173 
158 238 194 75 88 36 31 56 70 466 
154 115 460 432 463 344 169 271 68 350 
80 92 330 317 106 397 204 9 355 66 
245 1 29 447 183 290 40 171 472 72 
415 485 478 152 236 114 112 429 182 304 
237 396 47 274 266 407 57 490 103 33 
195 357 372 385 263 65 7 423 223 418 
131 21 311 180 79 398 197 253 453 340 
321 319 272 455 187 256 172 96 479 297 
273 202 392 122 143 352 18 26 285 242 
433 14 491 49 405 15 454 367 262 471 
346 214 280 39 69 422 43 348 138 124 
276 264 386 192 334 10 226 376 489 374 
246 174 394 212 486 375 38 134 451 467 
302 244 58 445 431 365 229 208 498 160 
427 
