1001
0 452 406 400 500 368 194 483 962 915 
387 995 952 337 44 777 679 577 765 115 
424 783 475 673 874 16 26 536 607 160 
206 901 435 889 247 992 706 941 505 231 
828 98 211 779 933 425 574 507 167 131 
989 380 642 919 902 185 82 753 493 112 
875 651 880 907 223 661 175 444 252 100 
159 727 56 544 35 497 489 272 246 163 
559 629 275 349 107 667 854 78 4 324 
336 604 733 165 950 460 373 409 936 868 
809 7 513 719 181 539 188 857 432 353 
45 714 414 918 897 202 10 369 29 637 
749 757 304 635 710 650 465 209 759 563 
17 367 964 1000 541 772 580 79 912 416 
567 467 501 724 171 162 788 572 53 402 
653 124 83 866 18 230 554 332 800 291 
914 930 855 742 878 257 522 798 363 566 
344 189 49 699 300 687 466 499 869 203 
184 780 638 438 601 431 827 802 383 477 
34 787 631 19 388 786 23 938 491 401 
774 502 294 595 321 91 256 778 845 60 
520 113 961 208 909 455 423 893 807 191 
763 134 506 280 244 235 210 173 213 197 
896 771 816 583 547 317 770 645 613 892 
682 69 744 958 552 794 447 537 378 199 
200 152 341 861 320 123 372 395 52 598 
703 420 283 903 234 50 220 445 873 25 
996 640 899 172 303 361 692 565 947 988 
434 20 863 928 450 570 15 30 991 736 
921 976 569 384 399 515 310 886 145 1 
479 725 253 660 885 269 686 578 576 74 
335 103 290 626 67 463 955 461 654 148 
617 695 972 365 286 72 122 949 530 274 
385 525 85 819 990 877 535 381 114 164 
910 117 21 998 766 411 410 527 723 963 
375 377 546 666 795 55 295 678 735 157 
76 971 624 821 351 856 299 762 691 458 
482 590 824 837 490 510 48 102 614 111 
214 430 630 149 487 672 457 119 135 538 
602 201 405 519 281 883 250 379 472 366 
534 804 978 887 734 977 987 282 412 260 
806 183 738 993 308 959 721 219 589 70 
610 618 940 28 453 301 43 702 862 65 
120 494 75 823 153 867 174 322 110 872 
37 864 358 389 986 668 14 278 523 137 
443 126 125 603 600 130 740 597 715 594 
945 676 330 606 485 924 605 743 718 518 
898 96 985 670 616 698 627 966 229 270 
352 138 516 58 528 825 407 207 688 543 
309 628 484 338 180 942 233 251 784 531 
822 156 796 646 61 948 803 984 969 302 
683 524 478 347 169 190 641 418 937 832 
89 205 517 459 178 813 3 311 87 792 
226 894 42 549 66 979 747 932 858 521 
348 785 437 773 931 421 967 951 739 934 
728 913 636 658 133 334 585 694 665 343 
820 890 713 830 639 179 464 573 756 333 
264 843 362 71 11 609 839 263 268 708 
939 680 834 136 77 132 492 847 529 836 
562 374 859 697 396 970 752 6 166 711 
161 542 582 818 62 371 532 2 842 841 
454 895 994 428 426 775 700 470 906 815 
417 817 158 306 776 533 104 826 22 793 
12 707 790 354 95 359 473 512 212 93 
526 240 403 24 245 975 729 451 662 750 
917 59 935 884 140 568 456 259 652 33 
968 508 370 571 849 329 900 555 86 625 
319 696 904 620 350 315 186 142 339 469 
277 943 782 287 685 954 655 108 193 276 
612 284 999 198 611 170 592 905 511 579 
553 848 394 57 956 222 446 732 731 920 
196 812 327 116 243 239 853 722 293 84 
390 486 922 436 865 292 755 346 258 323 
997 737 674 106 195 249 144 232 68 217 
911 540 850 225 810 285 54 224 419 356 
745 408 709 81 581 326 690 760 471 944 
204 888 427 495 973 689 557 241 801 262 
151 63 9 121 187 929 80 254 342 545 
514 926 318 503 273 663 331 357 97 101 
657 261 474 448 325 398 265 730 871 289 
376 833 982 649 805 94 980 908 397 621 
139 154 584 716 726 693 558 946 360 488 
829 879 835 340 840 550 844 5 13 267 
593 927 851 684 105 860 227 382 608 741 
974 248 237 88 307 754 876 644 90 647 
255 146 498 109 664 386 586 632 615 177 
271 767 73 449 27 143 717 669 808 761 
288 99 509 32 238 228 599 591 870 128 
36 811 415 422 296 916 8 314 814 316 
701 677 391 656 51 881 127 392 298 364 
838 504 312 548 468 155 481 643 279 476 
413 596 147 216 182 141 789 751 619 659 
704 31 92 633 622 496 675 634 192 39 
797 47 891 64 781 560 46 965 681 40 
720 38 242 587 345 623 236 328 433 551 
215 118 852 671 441 440 712 953 981 297 
561 176 957 439 355 648 150 748 221 41 
588 758 799 846 442 882 925 705 393 129 
556 313 983 791 769 168 305 429 923 462 
218 575 480 960 764 746 266 831 564 768 
404 
