1001
0 317 487 422 353 686 717 488 821 329 
151 544 536 483 415 752 858 573 123 89 
845 664 81 440 737 505 758 198 502 756 
719 926 394 82 188 850 778 780 512 217 
899 950 747 94 746 820 693 993 248 297 
528 775 465 570 207 730 773 547 642 540 
341 184 629 625 537 713 411 966 34 76 
935 373 856 451 902 976 175 154 406 722 
444 556 485 828 581 321 237 622 621 694 
222 705 382 814 265 962 977 102 258 18 
201 538 33 748 662 205 161 572 836 578 
434 435 779 684 443 110 36 504 549 595 
368 418 38 560 824 445 325 471 87 903 
551 369 889 133 345 86 452 1 565 378 
636 300 104 40 144 172 866 320 604 567 
812 751 531 755 306 408 111 893 700 974 
456 728 509 600 289 349 945 961 324 145 
288 863 486 252 379 914 655 112 541 447 
240 726 454 230 399 141 883 555 724 995 
990 419 312 870 475 698 478 137 685 439 
669 942 263 885 395 783 266 648 407 68 
871 587 519 215 15 691 107 896 31 63 
612 908 640 770 383 374 174 396 467 157 
661 25 954 293 532 430 8 708 116 426 
7 366 569 459 72 874 650 484 610 287 
832 542 777 947 623 14 386 701 401 328 
208 852 414 925 124 286 638 905 294 330 
651 764 554 802 806 616 791 5 907 939 
376 200 670 238 23 645 85 358 805 420 
361 849 333 955 921 176 11 647 236 416 
334 699 525 53 867 887 118 64 98 941 
162 795 90 524 656 794 644 120 241 131 
932 895 660 940 539 943 121 303 514 766 
960 260 807 915 882 517 12 388 203 322 
714 884 183 244 360 632 986 992 253 177 
981 473 298 823 218 709 226 620 615 781 
561 646 827 343 4 251 158 811 392 872 
731 37 70 843 891 143 584 344 44 711 
318 579 352 105 433 796 772 503 618 357 
853 278 969 140 438 67 982 323 139 917 
973 304 911 390 168 533 734 674 295 876 
840 231 62 461 167 179 54 740 316 892 
342 152 813 193 166 562 314 818 423 347 
923 862 59 733 79 687 596 605 274 819 
649 367 913 117 557 264 859 26 269 546 
803 457 279 715 307 259 319 462 987 784 
212 500 427 2 815 182 284 80 148 125 
206 729 340 754 142 71 210 57 194 897 
716 280 553 833 66 810 22 431 202 354 
185 29 788 613 996 305 564 190 96 886 
837 10 978 47 285 970 235 463 113 170 
95 521 228 213 404 56 617 998 173 409 
972 412 91 163 481 482 35 359 682 43 
855 757 510 944 387 712 904 702 931 476 
50 425 927 249 46 909 634 577 58 480 
245 106 785 822 150 490 607 129 732 750 
999 816 326 115 377 839 959 499 627 417 
958 633 348 516 119 742 192 17 393 311 
901 918 247 169 209 453 339 271 948 985 
216 774 493 841 797 602 28 975 683 592 
919 743 877 275 9 630 227 48 234 847 
666 912 155 243 672 21 450 994 760 624 
881 725 603 868 308 953 673 637 39 446 
635 92 458 720 108 968 900 854 890 653 
964 759 606 865 639 753 20 589 75 338 
332 776 83 979 937 949 675 792 19 268 
952 16 798 688 346 768 869 507 680 472 
808 963 739 980 351 984 506 658 491 888 
327 522 437 786 696 130 789 875 211 199 
971 136 101 496 721 667 938 479 548 250 
403 413 527 146 898 609 652 576 93 552 
695 470 894 69 934 74 922 400 421 256 
690 989 385 838 310 282 508 659 585 32 
929 529 460 55 967 296 52 187 73 593 
825 846 718 97 678 920 663 270 991 830 
842 790 27 381 356 261 834 219 309 681 
761 276 171 723 156 735 520 223 494 283 
763 132 741 492 45 526 41 594 242 204 
801 99 1000 371 88 281 550 879 809 363 
583 793 951 744 771 826 402 563 232 497 
983 946 164 153 518 477 246 302 428 128 
78 436 692 65 928 543 255 710 997 844 
160 558 291 762 626 697 196 398 370 114 
575 930 180 49 848 515 273 233 449 448 
122 126 429 299 267 643 582 13 916 769 
676 665 631 159 290 257 372 181 489 671 
835 355 6 337 229 880 677 331 965 84 
220 566 956 619 873 530 109 988 782 134 
24 147 654 138 410 189 221 405 829 441 
474 464 598 704 599 736 301 860 628 442 
391 641 100 800 591 498 523 597 574 511 
389 878 861 224 197 254 315 559 614 831 
767 186 77 906 135 60 513 424 30 586 
601 127 924 933 749 957 103 608 495 214 
336 580 432 864 42 375 165 851 3 857 
292 364 804 239 910 61 362 178 350 501 
668 817 727 262 706 534 707 313 466 469 
468 568 679 765 936 657 191 738 588 455 
272 535 703 611 335 590 787 51 195 149 
277 380 384 689 571 745 545 225 365 799 
397 
