251
0 234 108 163 196 93 1 175 214 71 
83 233 244 227 166 105 14 124 104 53 
225 140 94 81 2 193 174 85 134 180 
217 197 4 142 211 186 52 122 230 107 
26 100 76 9 139 13 159 235 210 171 
194 60 91 67 114 170 161 177 59 181 
92 89 176 224 84 232 17 41 141 27 
144 97 96 21 73 88 212 231 229 58 
247 106 237 28 7 132 80 150 249 207 
3 156 183 69 31 61 157 78 46 226 
75 238 43 158 151 117 240 29 154 147 
16 82 48 165 8 119 203 236 49 56 
149 116 127 77 90 33 86 189 34 201 
206 162 172 65 95 250 36 136 121 128 
70 39 63 44 118 37 103 22 102 42 
38 200 15 216 190 182 218 239 24 55 
246 120 18 113 112 20 223 110 148 155 
135 152 179 130 143 145 192 72 202 12 
115 173 205 245 64 242 184 209 208 35 
164 47 199 98 50 25 126 185 111 79 
248 222 30 137 54 129 153 45 74 198 
220 123 133 195 99 51 32 146 19 138 
187 101 204 87 66 11 5 40 125 188 
131 191 228 167 213 219 168 215 243 57 
169 241 160 178 109 68 6 23 10 62 
221 
