501
0 129 415 322 403 131 334 49 52 106 
190 32 22 490 110 469 274 307 229 39 
457 193 291 202 340 447 118 201 297 400 
116 446 249 218 428 321 40 41 161 247 
369 235 298 438 21 282 177 123 328 30 
171 111 351 179 213 127 435 87 195 196 
100 363 4 343 68 26 69 203 341 354 
103 188 173 20 474 376 10 349 414 430 
238 246 437 429 219 148 396 220 144 47 
142 325 38 119 315 48 494 487 93 347 
335 105 273 132 338 432 300 34 462 394 
12 350 497 242 381 66 387 178 158 452 
141 227 75 332 45 339 82 73 345 445 
355 323 59 331 255 431 411 245 280 205 
284 96 365 441 81 329 239 450 150 232 
197 342 191 192 302 185 115 168 97 51 
290 371 74 348 476 217 426 278 198 145 
467 267 306 383 156 187 466 92 373 372 
460 390 488 416 212 36 271 485 479 360 
163 425 151 337 112 71 169 319 240 138 
113 53 58 233 286 1 199 473 397 46 
380 35 64 312 70 498 486 417 366 130 
184 102 316 296 356 408 162 174 234 63 
128 90 499 442 56 136 236 410 181 392 
210 301 89 252 189 436 399 434 165 61 
134 139 166 88 216 33 453 389 80 241 
458 318 368 352 493 480 65 6 418 117 
270 262 101 124 170 491 468 448 244 99 
465 374 37 5 257 275 484 182 463 133 
11 7 222 60 404 308 126 359 95 478 
443 223 54 175 304 285 269 281 231 459 
79 266 226 159 230 104 398 2 440 153 
200 25 43 172 451 23 107 207 326 152 
120 303 186 393 314 364 29 78 481 470 
370 50 98 330 409 379 272 261 464 449 
492 225 483 143 413 386 377 16 489 122 
419 395 362 121 412 454 277 439 183 346 
265 13 125 215 176 292 27 77 94 295 
279 24 358 289 317 146 472 421 420 204 
57 147 9 444 475 402 228 108 407 258 
333 422 268 135 62 391 384 313 224 305 
157 28 401 14 114 461 385 433 206 406 
344 256 320 194 311 243 253 154 361 86 
471 84 109 85 164 367 55 149 209 214 
31 3 294 180 309 357 405 424 299 353 
259 15 388 137 455 67 160 91 254 140 
76 17 248 500 208 263 324 427 264 211 
167 327 495 250 482 423 477 283 8 42 
83 310 18 336 19 287 44 72 288 260 
496 221 456 237 293 375 382 276 251 155 
378 
