1001
0 342 645 44 579 845 872 418 179 390 
601 17 320 816 614 148 478 878 365 837 
19 967 809 630 940 356 592 728 934 867 
368 7 492 804 40 273 876 653 396 938 
589 301 1000 71 438 483 345 428 935 603 
423 851 260 806 725 475 604 518 920 993 
927 667 564 551 654 523 51 68 86 55 
276 184 274 514 656 509 253 821 908 341 
981 502 481 499 14 397 640 393 15 162 
643 297 169 700 395 505 16 415 955 580 
217 586 28 711 110 99 770 947 903 674 
855 464 487 869 433 157 705 905 998 329 
638 698 211 352 910 419 255 901 243 912 
859 692 805 375 722 951 233 621 317 59 
54 121 996 176 952 447 820 744 823 443 
490 991 409 232 814 468 250 473 552 373 
38 154 612 959 34 524 136 165 607 224 
949 548 834 697 288 737 772 850 141 493 
924 655 494 218 826 634 314 538 413 571 
226 75 149 125 588 632 616 477 526 104 
617 76 689 94 377 482 61 602 788 426 
818 152 931 462 344 786 146 155 406 270 
304 65 324 650 118 978 12 950 503 610 
5 114 942 108 736 48 573 186 550 853 
292 310 21 533 810 107 371 347 906 890 
963 387 116 58 3 704 11 228 911 628 
353 530 145 595 926 332 56 388 434 626 
966 988 259 587 791 269 27 206 98 730 
800 773 669 946 22 733 193 701 331 45 
930 658 811 605 969 240 833 735 167 212 
702 173 570 608 339 385 431 994 446 807 
435 62 797 877 842 989 983 543 562 69 
808 210 775 857 484 577 928 485 758 918 
398 84 220 49 172 476 241 536 381 361 
848 237 647 203 252 992 156 72 559 296 
6 642 515 90 794 263 422 889 980 42 
916 405 192 593 198 376 67 611 540 885 
581 251 64 636 138 223 450 561 266 787 
861 403 961 189 379 360 897 563 100 825 
600 134 748 795 871 463 441 635 229 400 
675 427 881 357 164 46 973 651 177 244 
516 882 363 389 585 277 322 95 739 137 
766 676 558 410 768 557 517 362 789 542 
703 9 135 799 386 812 183 256 863 451 
619 954 917 160 527 151 627 755 495 618 
496 242 796 421 824 280 572 887 854 327 
673 860 933 717 283 662 282 977 554 1 
445 231 875 648 97 249 474 115 442 96 
358 747 335 521 522 721 690 633 92 948 
153 742 974 868 311 194 127 790 465 43 
913 666 333 870 937 525 641 864 884 681 
444 267 710 761 802 856 401 31 364 590 
672 286 402 569 841 349 294 302 500 144 
346 899 929 506 471 914 350 741 956 849 
828 318 258 888 873 394 209 629 827 684 
112 574 671 708 326 185 315 776 455 123 
925 33 718 291 245 312 133 582 35 639 
354 976 944 904 338 620 287 519 355 460 
2 348 382 785 756 486 751 507 553 109 
769 932 337 166 479 78 727 817 999 568 
668 430 649 113 545 779 227 298 124 359 
723 83 696 330 457 316 594 461 729 265 
678 945 174 677 866 680 290 706 29 213 
197 886 303 111 613 695 740 792 687 307 
637 972 900 306 126 80 289 893 261 81 
10 417 921 987 734 458 429 765 664 986 
646 408 268 420 784 351 470 880 129 798 
171 489 159 39 907 366 143 777 783 66 
79 941 771 835 309 665 960 424 957 384 
985 738 343 416 13 754 529 844 472 539 
201 404 77 716 466 491 439 712 299 757 
975 103 764 20 968 235 370 659 749 82 
511 567 105 508 36 661 752 202 459 865 
196 407 214 531 714 731 37 432 990 534 
780 699 480 234 683 41 122 222 336 328 
793 262 70 958 831 383 168 275 836 436 
660 962 781 452 644 760 839 965 437 743 
566 8 30 597 340 52 726 295 4 106 
120 182 615 560 622 713 88 846 411 583 
847 74 591 369 843 504 372 663 774 813 
323 25 321 453 374 891 894 24 412 745 
549 685 862 272 32 510 679 512 838 200 
207 599 984 709 313 440 264 128 753 513 
254 23 50 623 91 140 142 305 215 308 
284 221 380 724 576 191 161 199 89 456 
778 936 598 943 85 449 150 188 102 874 
624 300 596 130 180 832 47 652 497 532 
762 801 195 953 271 101 898 117 239 852 
625 970 454 175 535 782 915 257 819 392 
688 60 63 57 139 939 750 902 18 225 
982 132 285 719 178 896 469 73 803 279 
147 979 830 205 682 238 26 555 565 584 
488 230 53 691 759 763 997 971 606 501 
170 467 281 840 246 657 922 414 547 158 
537 767 119 707 181 498 378 909 325 216 
247 609 822 367 448 895 883 425 278 919 
923 520 694 556 578 248 528 87 829 964 
995 575 879 544 334 208 732 858 399 815 
546 892 187 693 319 163 131 219 631 293 
391 541 204 93 686 190 670 720 715 236 
746 
