161
0 53 26 117 25 137 72 146 109 78 
47 102 55 100 10 125 42 82 114 73 
34 5 21 89 129 151 153 71 64 66 
97 3 157 147 131 69 84 142 95 156 
27 1 101 98 118 76 32 44 132 61 
122 33 63 35 110 12 149 38 148 24 
141 54 96 124 126 86 116 41 45 143 
43 14 70 57 136 51 81 115 80 46 
13 152 90 120 135 20 4 39 103 2 
8 60 40 74 108 91 58 104 93 11 
105 121 6 159 23 65 92 30 17 99 
75 7 29 127 83 130 119 52 31 139 
67 145 36 106 9 59 155 113 154 22 
111 123 56 68 107 62 112 128 88 49 
79 133 16 85 134 144 150 28 19 48 
140 138 15 50 18 37 77 87 158 94 
160 
