161
0 103 123 62 18 92 130 80 23 45 
49 106 16 125 58 152 25 67 54 155 
74 81 139 77 13 6 63 21 66 17 
55 27 156 98 86 78 102 59 44 29 
137 31 121 88 42 9 65 127 110 82 
14 53 75 101 107 97 93 144 83 48 
143 5 37 114 150 41 76 108 34 147 
151 56 109 28 22 133 85 19 71 24 
39 148 12 90 131 87 52 115 100 61 
3 11 104 149 70 145 47 91 51 117 
32 64 7 141 154 138 26 158 96 20 
159 99 57 132 111 119 94 142 15 84 
146 118 160 33 153 8 122 128 36 69 
72 4 105 157 136 112 60 43 68 124 
79 46 35 1 95 89 135 50 120 134 
30 10 140 2 129 126 113 40 116 38 
73 
