701
0 124 146 417 134 579 491 236 537 177 
561 375 560 41 582 396 644 528 217 279 
543 79 667 343 530 663 280 684 257 361 
294 19 181 631 194 331 458 16 89 69 
381 104 464 228 365 580 454 96 672 653 
372 506 347 468 354 344 202 45 219 164 
46 473 128 604 305 610 51 52 277 90 
630 12 487 608 13 7 695 648 421 139 
358 152 137 214 212 287 345 272 605 67 
312 188 270 86 646 611 203 77 303 307 
176 559 569 602 440 171 518 690 246 389 
310 75 481 221 2 455 475 34 410 642 
62 541 402 170 290 321 538 595 391 477 
495 408 556 320 235 47 383 348 72 316 
66 562 577 452 509 416 328 612 673 229 
151 180 677 399 142 661 120 174 460 498 
476 4 126 483 199 189 147 490 670 548 
299 185 107 64 570 247 114 74 657 14 
411 374 686 385 407 50 632 682 471 24 
379 172 430 140 687 441 54 264 233 231 
131 27 480 29 367 688 300 186 284 618 
55 318 191 250 545 11 215 542 474 283 
23 418 251 150 329 119 617 195 216 510 
93 311 9 600 222 660 175 664 469 205 
522 103 193 144 403 457 535 557 6 521 
39 149 555 341 286 576 18 190 373 514 
575 80 198 426 182 500 118 584 207 533 
352 242 226 364 511 70 336 587 398 456 
225 696 334 388 211 326 234 101 444 680 
459 350 327 269 376 243 204 210 638 60 
692 112 583 655 31 340 259 567 20 335 
599 676 113 339 105 274 125 298 589 302 
143 153 84 431 635 324 276 472 363 507 
423 206 244 529 319 586 95 571 698 470 
443 427 323 531 629 665 25 293 258 208 
639 616 127 8 241 100 192 58 606 516 
304 553 108 566 503 227 30 1 451 291 
183 536 550 158 658 53 295 450 558 382 
254 486 155 462 645 578 17 378 699 165 
434 309 28 173 353 401 249 369 43 501 
260 492 160 439 447 40 591 145 285 73 
209 636 539 224 201 634 355 92 573 633 
35 547 296 138 499 239 59 637 532 109 
121 37 697 504 666 488 700 620 313 179 
308 621 603 123 42 351 132 693 489 99 
497 671 168 48 685 111 87 122 110 393 
433 106 494 275 395 404 613 330 641 415 
419 678 524 691 640 248 81 428 256 49 
154 169 5 213 466 420 625 162 133 377 
362 325 508 356 662 288 568 552 184 368 
240 442 643 461 527 88 623 263 594 82 
438 515 590 593 253 585 669 429 218 161 
61 694 614 400 406 322 342 36 654 26 
502 141 98 563 681 21 437 268 32 282 
505 546 301 337 130 15 564 572 649 601 
549 71 387 479 482 651 76 314 394 200 
413 592 261 360 446 85 83 540 292 223 
445 449 22 187 493 346 513 65 267 78 
306 496 252 581 478 453 668 332 465 674 
656 135 196 647 245 238 448 525 512 115 
405 534 366 485 463 94 414 659 273 679 
689 484 116 265 627 607 626 650 91 628 
10 163 683 148 315 333 117 380 220 425 
597 615 526 622 517 609 102 232 136 157 
271 68 262 197 297 266 523 338 357 63 
359 390 317 255 435 38 159 675 565 56 
384 424 409 574 167 278 371 422 44 520 
392 412 230 554 289 349 551 237 432 178 
33 281 166 129 370 652 598 3 544 386 
588 57 397 156 596 519 436 467 619 624 
97 
