501
0 35 105 240 495 423 51 169 263 59 
40 129 326 360 363 231 1 232 258 6 
98 2 266 437 133 283 397 312 24 259 
380 192 14 475 481 386 97 264 108 431 
188 500 302 338 73 359 48 308 388 173 
118 132 178 222 131 355 53 187 213 63 
162 269 185 85 288 411 255 149 453 60 
203 69 450 166 329 384 466 88 284 381 
72 382 102 221 209 184 424 402 190 242 
480 64 369 336 196 217 224 378 295 314 
294 456 396 462 194 454 80 291 4 158 
176 318 459 491 101 252 124 436 357 316 
275 419 261 409 165 325 230 95 368 244 
235 103 182 144 228 292 159 405 311 482 
467 299 387 16 246 91 226 446 274 137 
172 7 84 113 486 438 223 477 365 66 
257 96 32 241 433 116 189 276 370 23 
301 280 65 469 126 351 127 92 471 426 
496 130 206 179 373 77 198 191 21 447 
78 193 379 414 323 330 171 79 300 346 
305 362 474 347 461 227 422 115 377 245 
306 5 487 371 484 410 455 83 54 214 
154 468 122 170 463 136 345 45 9 13 
197 208 366 429 138 440 34 428 141 293 
434 315 143 110 100 494 38 234 412 341 
247 279 413 254 62 262 277 485 168 421 
145 472 353 216 74 140 282 58 81 483 
215 287 142 220 112 499 395 432 364 180 
248 435 26 415 86 498 307 152 56 195 
352 321 335 322 425 202 87 344 331 309 
398 391 50 52 278 27 390 201 403 61 
164 82 67 260 420 233 89 57 443 289 
270 297 488 210 333 237 400 8 17 39 
55 354 174 343 451 479 473 251 25 106 
281 70 117 273 442 337 207 250 253 464 
358 181 460 375 445 441 31 49 348 401 
304 104 298 393 243 408 218 319 439 320 
342 332 204 367 3 156 139 41 128 418 
167 328 114 123 37 310 478 404 383 20 
99 12 476 18 229 36 212 46 121 71 
372 151 134 449 183 356 489 389 219 493 
150 406 392 444 33 286 157 19 285 407 
125 236 238 200 177 327 267 361 135 313 
394 76 175 417 457 399 265 350 119 47 
90 256 109 75 430 160 148 10 296 458 
147 340 43 271 465 186 28 199 68 349 
290 163 146 44 268 416 427 239 211 497 
94 448 324 452 376 22 107 29 205 334 
272 374 153 11 492 161 120 339 30 249 
15 42 111 303 155 490 317 225 470 385 
93 
