321
0 70 126 140 280 210 38 213 37 243 
226 231 33 171 170 24 125 97 207 287 
223 290 22 55 99 304 135 94 29 92 
297 277 48 199 235 303 233 229 228 159 
285 88 157 186 245 23 169 310 95 102 
69 238 161 114 314 44 188 67 174 294 
158 60 189 46 12 179 121 283 17 139 
218 150 281 128 59 205 90 66 249 31 
263 72 214 110 204 73 155 65 268 266 
190 248 176 292 62 289 311 302 183 52 
168 127 259 27 201 212 275 162 180 57 
109 107 308 120 295 32 242 2 146 291 
298 106 117 279 151 83 250 101 312 25 
108 185 119 41 15 43 313 305 39 254 
225 116 206 82 193 187 195 104 115 215 
138 61 307 123 152 76 264 93 64 166 
19 40 234 269 222 74 252 209 203 58 
300 181 220 56 156 98 133 167 255 271 
71 241 145 301 219 36 317 267 30 257 
270 177 173 286 134 192 111 13 265 87 
4 34 194 142 316 282 172 278 136 191 
211 237 105 112 8 184 49 42 232 258 
132 200 293 100 261 141 14 7 118 113 
81 144 96 47 273 175 85 196 288 319 
3 315 5 163 148 124 149 253 129 309 
198 160 53 147 16 244 153 240 197 260 
202 122 68 320 9 164 11 165 78 224 
217 89 79 51 91 131 63 20 246 274 
178 262 182 221 306 299 284 137 84 77 
154 26 45 86 75 216 143 1 276 318 
130 296 10 80 247 251 21 272 239 103 
208 18 227 256 50 35 236 230 6 54 
28 
