501
0 289 323 468 189 29 349 195 412 388 
421 180 210 188 284 37 126 1 140 432 
317 355 58 419 377 232 33 457 374 280 
300 176 139 23 71 389 225 83 97 402 
94 342 409 192 230 496 270 123 96 72 
63 397 32 287 344 175 381 331 167 298 
474 354 299 440 66 407 271 290 21 46 
150 47 75 253 493 400 297 356 201 161 
116 146 499 227 218 423 24 81 54 426 
279 285 385 220 260 278 288 273 228 226 
20 7 347 60 30 346 248 231 265 350 
89 166 401 482 3 128 134 447 312 74 
91 229 494 403 330 53 135 471 486 131 
148 416 233 340 207 341 309 337 98 240 
256 311 431 382 392 304 115 186 235 500 
436 41 31 198 329 283 118 336 109 211 
125 113 77 133 456 203 22 372 254 57 
460 213 217 328 343 378 464 162 438 222 
452 472 16 487 434 82 315 70 386 73 
15 239 306 292 172 490 393 42 208 455 
147 417 430 69 414 481 169 104 249 202 
234 95 465 101 237 108 185 241 40 492 
484 383 67 362 219 373 413 441 124 106 
380 352 39 320 359 141 129 130 38 348 
489 26 365 50 200 445 36 68 107 194 
467 449 182 294 451 264 268 469 193 459 
316 114 122 144 387 258 351 157 5 4 
159 51 90 368 9 263 13 404 92 174 
156 34 112 427 319 282 85 173 214 353 
435 132 296 307 149 262 49 390 206 466 
476 478 216 314 448 152 406 259 332 345 
184 291 405 45 204 450 425 242 396 442 
293 121 339 178 154 367 428 318 470 408 
224 376 61 18 437 277 433 399 338 55 
275 223 76 384 313 443 483 369 62 395 
84 305 379 446 326 170 43 151 88 479 
410 171 272 209 454 190 295 439 251 10 
422 322 158 462 102 59 325 17 56 327 
111 28 93 64 252 310 155 361 358 205 
199 335 394 308 488 99 286 79 65 160 
267 302 48 137 236 25 11 370 357 453 
363 334 168 145 495 6 12 429 164 473 
301 2 498 191 303 138 418 212 281 321 
238 497 246 491 44 143 247 86 78 153 
371 103 475 245 463 179 366 27 165 480 
461 183 244 163 142 181 257 391 255 276 
261 375 458 269 120 485 360 274 87 119 
221 250 197 477 110 420 136 444 415 14 
80 35 105 117 333 196 266 127 52 215 
364 177 8 424 100 411 19 243 398 187 
324 
