1001
0 484 207 821 449 465 42 287 351 193 
329 54 100 719 929 152 391 990 779 198 
477 96 553 473 552 497 51 869 656 60 
245 6 862 536 349 146 91 900 179 946 
861 209 214 138 197 613 804 231 677 610 
896 444 467 518 543 694 171 383 156 834 
295 215 819 267 600 163 881 657 496 541 
699 439 341 857 308 942 697 793 103 996 
446 118 239 230 666 362 560 738 283 387 
324 418 888 598 309 761 954 398 25 133 
575 199 837 106 141 476 829 987 962 524 
825 71 941 581 1000 627 297 839 744 109 
704 806 361 972 201 503 739 7 322 5 
930 531 337 358 305 855 781 611 4 912 
125 345 28 40 483 981 455 687 663 642 
195 123 777 440 986 43 478 762 407 714 
799 432 448 772 899 136 200 326 568 14 
521 856 679 873 576 696 716 400 549 438 
316 755 705 640 399 828 864 909 49 262 
895 2 279 883 533 480 924 903 191 509 
261 689 878 870 715 535 45 104 90 24 
15 708 281 879 998 925 565 892 453 441 
428 363 564 405 931 961 286 632 258 167 
22 413 814 380 723 548 601 635 727 693 
585 229 494 844 658 614 397 275 110 982 
59 718 342 296 865 376 743 89 668 330 
968 130 791 686 481 410 390 234 599 529 
760 299 350 868 173 778 290 328 425 8 
616 915 160 593 673 698 63 639 82 265 
366 889 278 918 301 252 953 505 765 557 
208 621 863 272 176 280 242 631 472 867 
88 41 763 934 498 469 47 746 767 753 
854 578 315 943 866 595 749 975 964 589 
221 385 720 592 132 189 464 416 797 254 
206 313 241 625 514 551 339 243 360 769 
922 353 377 488 818 177 950 211 273 654 
306 3 228 18 180 513 186 994 644 417 
447 264 894 567 74 608 323 327 482 520 
648 394 880 537 19 253 384 17 223 571 
303 203 649 662 667 594 430 489 620 963 
184 646 161 443 516 168 224 805 858 893 
143 830 401 64 348 319 99 340 766 554 
131 678 116 499 78 31 274 331 636 808 
852 897 740 803 758 876 850 949 780 628 
108 731 408 674 492 542 289 284 246 590 
414 121 643 421 58 785 120 602 73 392 
871 162 367 971 263 249 129 127 591 445 
379 561 692 250 802 61 596 652 638 412 
840 166 935 114 633 490 959 38 259 706 
204 68 389 165 634 810 292 393 838 369 
507 122 474 952 913 365 612 730 515 764 
320 238 247 664 874 386 645 773 312 294 
538 792 984 775 248 877 682 916 288 154 
928 202 586 135 321 845 470 333 988 573 
826 977 680 796 907 737 62 747 237 960 
978 556 517 683 717 756 468 519 831 983 
957 832 597 788 703 914 815 582 906 111 
836 742 570 655 388 882 566 196 23 182 
790 902 757 843 225 310 427 732 733 824 
800 205 823 57 35 220 487 886 216 332 
859 920 659 653 55 354 97 190 695 462 
124 848 282 101 495 545 419 817 232 584 
451 523 317 948 965 748 932 139 958 853 
707 50 336 456 944 107 372 992 46 226 
926 452 183 149 768 530 579 459 442 728 
846 956 311 786 572 887 502 436 75 83 
908 170 783 967 588 157 84 921 79 842 
991 244 486 140 374 134 11 993 980 479 
801 151 937 420 112 665 999 115 150 820 
194 532 67 378 583 268 629 277 102 142 
630 997 911 36 433 85 527 450 525 684 
675 504 285 128 681 851 798 475 604 970 
174 933 94 395 617 724 641 217 145 890 
48 137 811 651 835 212 945 938 164 373 
506 148 437 381 539 463 771 415 155 37 
974 1 669 562 65 618 973 338 304 822 
812 314 92 300 371 751 624 605 32 93 
712 550 56 623 735 347 269 976 546 72 
989 917 291 343 382 126 580 940 485 833 
741 404 69 901 434 672 39 355 458 12 
422 409 700 117 787 255 875 344 609 827 
16 13 30 307 754 66 711 172 603 995 
690 563 334 726 510 213 471 159 534 701 
721 905 256 346 776 424 406 454 276 158 
493 670 759 461 20 898 947 335 955 661 
710 885 847 671 736 752 770 729 240 923 
647 375 169 87 619 813 192 260 512 622 
784 722 302 235 423 676 750 460 219 969 
293 26 77 789 218 574 522 691 175 544 
569 236 884 435 713 725 491 53 626 615 
526 860 457 501 227 794 271 841 257 370 
357 431 936 76 34 511 29 222 734 185 
270 795 426 411 153 364 178 356 508 702 
816 660 939 587 685 985 807 33 774 188 
528 466 919 904 872 547 325 607 233 105 
44 910 187 86 119 709 688 266 606 559 
782 98 555 540 80 745 500 368 359 979 
577 81 966 147 927 809 637 52 144 210 
951 70 95 251 21 27 849 429 402 650 
318 181 891 9 558 113 298 403 352 396 
10 
