161
0 48 4 90 104 134 51 45 158 66 
1 86 64 91 61 21 62 141 121 131 
47 58 111 155 118 7 119 68 12 55 
80 70 39 95 147 72 148 85 8 151 
27 107 76 137 120 132 116 97 74 37 
33 24 113 36 152 157 142 49 112 17 
63 38 143 133 128 136 32 31 135 149 
10 99 41 83 25 124 82 144 23 54 
93 65 50 22 13 14 98 53 94 9 
159 84 75 130 160 87 150 3 156 18 
28 79 29 81 77 5 30 110 117 105 
127 101 89 35 102 52 56 140 115 46 
123 44 26 42 20 6 122 106 57 43 
114 78 71 92 34 15 40 16 100 129 
126 88 153 146 69 67 59 138 2 139 
103 108 154 11 96 125 60 73 19 109 
145 
