501
0 267 395 359 263 371 265 374 444 500 
168 202 123 39 483 308 13 259 133 493 
158 271 373 45 469 499 189 486 300 418 
144 443 201 479 89 159 496 347 269 498 
356 215 211 442 454 65 310 52 412 262 
380 86 12 116 321 410 149 341 253 490 
165 115 325 411 378 147 400 94 369 205 
481 175 484 404 301 108 297 30 387 278 
58 25 129 51 121 414 366 456 303 32 
277 252 17 243 180 437 436 125 217 372 
256 113 458 23 62 286 207 382 268 213 
284 171 174 328 285 445 402 384 204 119 
346 5 282 429 293 68 316 219 29 280 
118 64 405 151 417 193 21 489 367 169 
105 480 311 188 260 470 241 107 3 399 
156 199 46 128 296 393 153 306 43 361 
41 210 360 398 110 81 353 312 376 391 
37 67 238 475 247 390 326 273 139 246 
461 148 106 11 72 146 18 179 166 295 
150 313 270 160 248 88 24 385 467 6 
409 323 99 8 222 111 186 224 2 19 
473 477 432 257 164 177 54 381 255 401 
450 70 462 272 487 408 334 264 254 195 
276 495 423 275 40 307 187 491 7 406 
85 182 91 10 478 322 294 363 4 309 
338 69 33 102 143 138 95 44 78 302 
339 16 163 28 317 134 362 315 281 420 
167 49 441 66 249 221 42 145 245 223 
349 212 161 87 200 344 455 226 103 216 
172 451 36 181 239 228 440 439 55 471 
386 431 22 357 492 231 227 96 75 230 
114 283 383 327 84 9 424 34 329 233 
343 435 218 208 48 298 59 407 449 192 
184 214 140 335 299 74 82 71 196 136 
198 377 319 240 364 185 90 488 426 438 
124 427 127 466 447 15 474 38 236 63 
235 336 350 413 330 287 47 93 288 131 
100 365 403 109 452 465 104 448 137 244 
392 57 453 120 27 155 157 178 79 209 
234 206 130 101 464 355 331 61 35 457 
388 242 368 291 20 358 332 1 97 229 
348 50 434 333 324 232 190 197 494 250 
56 80 485 354 170 60 142 53 183 117 
416 389 304 394 375 351 337 415 251 154 
191 397 98 463 76 225 220 459 425 237 
421 289 345 314 122 379 460 497 126 305 
173 396 430 14 258 77 194 141 279 482 
468 428 370 419 266 342 340 292 92 318 
261 135 274 176 476 433 83 446 31 152 
26 162 290 112 422 203 472 320 132 73 
352 
