161
0 1 62 54 34 10 107 5 128 160 
64 156 105 125 21 104 154 45 135 32 
119 84 114 51 16 25 78 7 61 56 
89 22 37 116 137 44 99 80 2 47 
39 15 85 153 66 148 82 77 98 65 
122 121 159 9 118 124 83 158 94 26 
58 40 136 11 126 35 132 70 113 97 
63 100 91 46 23 31 42 140 120 145 
50 30 19 57 115 106 41 48 155 18 
138 88 151 110 146 157 14 28 92 149 
139 93 87 90 13 76 17 69 8 111 
86 117 20 123 108 101 141 133 142 38 
67 109 72 129 60 27 3 71 134 59 
4 150 130 52 24 79 152 75 73 33 
143 55 12 74 6 112 95 131 53 29 
147 81 96 68 49 36 102 43 127 103 
144 
