251
0 189 123 214 125 80 196 163 120 99 
96 159 87 232 247 165 103 162 53 167 
5 63 97 30 147 8 204 41 241 231 
221 130 118 206 121 110 114 57 225 250 
45 13 134 218 17 64 70 60 161 233 
164 238 236 37 201 166 113 33 52 198 
40 217 32 175 16 119 127 107 108 1 
39 100 71 4 192 202 111 213 85 92 
139 174 235 136 160 228 7 38 188 148 
222 12 200 187 9 42 76 81 34 25 
182 229 243 207 21 67 66 152 104 208 
223 146 155 49 48 216 27 101 205 133 
51 184 23 122 220 244 88 197 142 126 
106 215 240 10 59 219 79 212 186 102 
137 54 115 86 56 117 28 105 55 239 
62 72 176 90 78 210 151 75 168 170 
61 109 132 68 65 227 140 128 193 248 
179 29 83 95 77 18 173 234 82 190 
116 44 138 98 24 73 43 58 158 124 
3 180 153 135 150 19 36 245 145 211 
183 154 143 6 93 156 209 149 131 84 
249 46 194 226 31 178 242 89 22 177 
11 50 2 35 14 172 141 203 185 191 
195 20 129 157 112 181 94 246 169 15 
230 26 74 47 144 91 199 171 224 69 
237 
