251
0 190 179 99 75 32 244 46 121 35 
13 120 149 165 112 107 175 3 26 34 
72 131 36 164 228 73 185 208 133 216 
10 21 45 17 108 178 245 66 184 70 
200 43 54 241 166 157 59 79 199 247 
223 110 218 148 192 127 215 67 105 124 
243 58 248 6 12 234 7 27 146 181 
24 23 92 100 122 210 51 103 78 235 
160 126 189 28 39 125 140 128 169 5 
195 219 137 76 95 207 119 232 205 48 
155 83 63 171 8 191 71 117 65 214 
220 198 211 93 101 33 159 186 113 233 
16 60 141 142 90 85 231 132 30 206 
187 118 194 152 55 94 29 202 177 240 
1 62 212 229 14 19 222 138 40 89 
250 249 82 239 2 139 145 135 163 151 
176 106 158 196 182 209 9 246 86 213 
204 115 172 104 183 20 4 91 167 130 
56 161 221 116 18 77 153 129 84 217 
168 193 25 111 203 102 236 174 230 52 
61 57 41 225 238 69 134 44 88 50 
74 147 237 170 11 109 123 98 80 226 
96 37 31 64 227 15 136 188 143 97 
242 38 173 154 224 81 87 180 201 114 
42 53 197 144 68 22 150 49 47 162 
156 
