501
0 327 180 345 301 274 208 432 103 342 
21 137 122 403 471 107 341 323 411 152 
353 39 350 163 381 89 37 257 173 129 
262 375 254 4 344 488 415 98 203 278 
385 394 108 360 96 418 404 19 421 73 
438 483 131 283 185 427 396 27 496 364 
264 100 334 115 258 87 213 265 295 445 
316 72 224 475 183 182 291 239 166 458 
116 406 487 186 30 160 18 220 467 405 
466 442 317 300 293 190 8 307 120 219 
234 400 206 499 102 480 161 287 482 59 
372 223 23 240 175 78 47 86 91 227 
1 303 84 22 99 267 462 17 176 123 
105 382 235 346 386 417 82 212 374 76 
312 281 174 63 243 310 384 200 434 368 
88 244 67 459 2 429 31 79 250 209 
290 325 392 324 433 380 402 114 457 376 
124 431 413 66 464 367 171 343 255 363 
170 266 162 231 14 311 230 172 252 422 
500 15 221 349 347 228 130 142 16 476 
494 472 64 225 428 202 145 5 80 109 
286 211 388 217 451 179 359 6 491 356 
199 259 164 153 215 271 128 308 46 61 
326 65 379 272 232 358 437 188 446 306 
113 478 276 450 416 54 493 119 53 236 
391 74 20 409 260 197 447 38 95 261 
141 118 143 469 90 83 275 147 332 328 
253 460 474 7 159 149 134 106 426 52 
136 92 44 49 455 268 477 435 204 441 
423 304 309 75 473 256 24 444 465 85 
97 43 355 191 393 414 51 273 216 419 
126 222 48 321 34 139 214 196 238 26 
495 151 497 389 377 383 28 242 333 247 
289 42 366 205 340 62 277 226 440 461 
168 57 169 207 362 282 410 50 263 194 
420 361 336 319 241 12 58 77 468 41 
237 395 178 320 155 112 60 330 302 246 
110 407 331 55 456 117 3 148 233 29 
248 338 479 177 371 187 189 436 424 292 
454 284 387 489 397 408 412 270 337 369 
490 35 32 365 448 229 449 133 33 69 
354 146 430 322 94 138 335 297 40 9 
339 156 158 104 210 218 452 195 288 294 
285 390 470 157 150 201 314 439 132 70 
193 351 45 279 463 167 329 357 401 492 
484 165 378 373 299 305 125 352 68 192 
11 245 398 318 485 101 154 71 135 453 
399 486 443 13 370 93 81 280 425 298 
198 313 251 498 184 36 181 111 10 348 
269 56 296 315 249 140 144 25 481 127 
121 
