251
0 232 50 224 180 227 170 48 159 188 
95 238 197 69 107 77 139 92 169 111 
3 166 235 2 246 55 91 23 67 122 
33 87 7 247 228 18 210 93 37 153 
17 49 28 150 120 187 199 175 148 209 
119 178 248 130 103 70 198 102 24 136 
63 129 38 157 179 58 138 184 218 154 
183 214 43 22 212 203 6 15 46 41 
71 226 168 14 225 201 29 73 127 206 
163 94 208 202 205 149 20 101 204 76 
243 172 221 121 62 217 68 45 196 185 
241 151 8 84 11 32 113 83 141 25 
42 239 114 219 146 186 132 142 128 133 
30 79 57 182 109 135 220 223 193 53 
167 176 189 190 56 10 52 162 171 65 
19 134 12 125 233 181 16 160 31 117 
158 131 88 75 177 137 242 192 60 81 
35 126 99 66 156 191 90 105 21 249 
173 13 164 195 59 116 200 161 108 174 
147 118 72 44 144 215 106 96 231 123 
1 47 9 97 207 165 115 104 86 39 
64 36 54 145 230 211 216 124 40 245 
98 89 234 110 222 240 51 112 78 194 
82 155 250 27 244 80 236 152 229 143 
5 85 213 4 26 140 237 34 74 61 
100 
