1001
0 981 962 705 465 823 930 504 939 197 
812 82 636 451 217 478 662 374 987 734 
262 980 503 130 593 782 226 888 929 315 
476 358 191 709 446 532 87 357 894 418 
187 832 845 117 364 549 104 876 50 736 
967 889 674 920 905 851 208 231 538 699 
388 422 496 675 279 988 875 718 632 240 
554 468 311 757 931 643 55 818 518 620 
833 317 694 891 691 167 34 166 296 29 
244 644 35 453 983 661 964 910 978 2 
275 543 700 857 10 690 536 301 148 506 
379 213 977 77 185 56 740 65 649 762 
105 565 75 76 814 314 635 965 579 752 
391 966 886 199 294 108 713 750 280 913 
272 497 66 177 707 51 511 399 438 126 
563 696 748 437 601 3 516 14 214 70 
309 182 420 519 319 581 609 568 359 605 
178 720 471 293 170 892 431 340 928 703 
698 937 668 265 850 259 781 587 334 686 
469 787 567 774 741 529 367 482 843 192 
553 714 154 764 704 92 235 654 18 363 
679 146 827 8 488 110 731 219 85 749 
796 96 613 261 86 998 320 933 958 735 
332 870 312 541 426 268 672 513 137 134 
849 163 596 810 461 430 384 299 449 120 
337 288 803 680 107 733 671 925 957 375 
343 436 842 233 139 915 639 793 122 223 
855 90 271 984 896 477 310 128 769 877 
646 456 689 921 765 943 95 974 372 133 
602 103 380 663 28 210 316 562 32 819 
665 102 448 627 365 737 512 775 395 248 
60 347 633 969 306 140 362 701 333 298 
952 116 385 914 406 119 475 254 458 79 
325 642 176 54 970 228 16 997 893 464 
24 641 241 791 263 188 860 695 62 622 
559 759 725 525 927 821 12 285 138 527 
924 828 493 198 594 669 904 623 53 558 
919 236 916 923 378 94 556 260 901 20 
72 229 841 852 9 392 342 993 336 52 
637 417 412 864 402 98 766 313 403 746 
370 227 149 684 808 867 376 566 784 523 
39 585 815 42 17 598 653 534 820 142 
427 616 856 724 902 291 968 173 308 330 
194 546 673 224 485 890 463 539 59 801 
141 659 907 831 144 40 266 989 619 251 
628 433 93 824 353 576 257 432 171 243 
175 934 155 80 389 69 879 84 552 444 
21 264 804 190 794 109 577 57 551 807 
982 612 401 419 442 572 868 48 348 211 
31 667 81 589 225 159 872 986 797 172 
1 526 640 158 708 498 634 339 954 443 
985 232 651 202 459 509 445 884 959 710 
121 111 917 255 520 946 356 368 361 425 
435 68 19 396 397 528 922 502 826 204 
591 47 530 960 723 521 650 836 452 23 
844 809 410 780 631 951 789 101 656 685 
184 30 800 74 638 405 209 805 329 537 
790 625 848 777 629 950 753 869 221 381 
574 874 561 22 942 597 67 676 162 230 
220 722 882 193 152 548 678 648 351 242 
578 744 991 972 955 411 727 492 115 393 
345 383 165 531 305 129 45 768 621 352 
547 125 971 181 474 786 289 206 89 688 
216 557 660 83 590 421 702 500 683 664 
377 246 732 747 608 655 416 145 328 505 
611 617 697 783 606 37 147 156 772 817 
179 738 63 277 234 286 300 716 106 586 
151 245 136 239 7 932 712 222 164 614 
472 880 763 900 404 834 88 100 711 754 
524 706 215 495 292 816 281 183 174 455 
729 25 976 994 898 413 331 112 911 573 
947 603 990 324 180 349 677 728 386 792 
249 666 743 273 798 481 802 582 835 73 
785 908 938 253 168 846 212 457 11 490 
394 460 38 44 657 499 99 779 544 866 
647 658 323 287 806 945 522 46 270 600 
742 203 283 682 424 871 721 400 354 862 
169 15 813 853 327 745 267 584 371 839 
428 97 387 127 282 160 895 918 454 771 
360 592 467 825 610 302 414 143 434 390 
941 186 652 715 885 258 407 157 995 975 
795 837 205 491 256 630 751 398 692 926 
865 730 575 303 540 346 788 560 131 429 
863 487 909 252 830 755 118 440 238 486 
829 58 344 811 43 599 717 517 307 681 
854 510 607 366 514 615 973 494 450 355 
996 840 466 382 838 624 124 326 290 739 
6 515 415 903 719 196 470 580 760 571 
773 956 726 944 13 507 878 161 912 533 
906 569 963 758 4 423 5 489 338 408 
132 508 501 373 439 321 479 564 64 550 
604 859 150 207 114 218 250 778 670 278 
535 940 26 899 483 480 269 350 897 948 
858 247 545 200 71 335 484 304 799 78 
776 123 284 645 595 409 693 113 61 318 
822 626 570 761 135 770 979 297 583 687 
949 341 295 588 237 195 49 473 756 1000 
369 33 276 767 153 618 992 861 542 935 
27 91 189 847 462 961 36 936 887 881 
953 322 555 201 41 883 999 447 441 274 
873 
