1001
0 924 704 22 750 363 383 564 894 521 
860 215 827 301 316 648 106 253 328 206 
441 873 369 287 737 143 11 976 180 620 
499 459 778 1000 931 361 881 437 797 430 
225 473 103 74 460 25 959 788 969 457 
171 698 479 19 928 567 60 15 662 560 
843 174 534 339 952 62 895 562 285 655 
934 267 844 59 523 335 144 96 239 395 
236 982 629 493 607 450 616 194 555 643 
308 77 746 615 195 108 1 542 984 752 
371 436 930 321 671 856 235 979 772 659 
375 594 153 526 721 731 439 909 870 975 
780 146 756 808 771 742 516 300 166 760 
401 399 885 273 947 197 972 90 406 921 
124 274 880 485 48 866 822 577 681 98 
70 298 789 107 73 968 385 840 828 16 
677 110 757 214 727 522 417 209 299 525 
390 388 646 568 333 933 977 461 85 372 
424 217 726 936 183 41 248 327 325 324 
61 816 283 323 358 573 695 537 851 480 
260 69 336 680 831 219 228 138 859 693 
547 258 184 39 12 996 622 991 213 92 
130 617 120 181 38 414 337 716 861 494 
598 852 837 290 364 543 878 802 442 595 
27 962 295 169 644 35 675 582 920 322 
625 349 495 489 448 935 667 578 679 971 
456 591 47 440 403 45 342 707 761 739 
575 294 938 292 83 159 208 502 515 720 
88 605 898 649 744 540 794 21 741 189 
919 229 447 422 55 561 381 536 359 317 
776 432 105 24 627 633 864 156 961 967 
957 391 113 119 343 128 619 664 34 863 
338 587 161 415 854 581 855 279 244 941 
387 157 857 992 133 914 893 340 286 2 
626 452 392 612 712 444 811 942 902 915 
566 862 678 357 670 918 876 131 306 412 
717 66 838 353 998 793 64 29 696 314 
386 165 606 773 602 367 673 945 396 453 
147 173 779 270 30 758 883 847 305 413 
116 256 628 513 418 282 687 142 164 232 
469 810 82 703 172 749 63 311 875 218 
719 835 903 240 93 544 583 307 167 230 
5 597 943 419 714 842 468 201 182 514 
718 498 684 732 243 344 899 278 907 380 
872 168 309 435 216 960 145 26 630 660 
265 134 268 964 221 923 151 804 466 433 
7 503 341 559 549 241 40 954 531 584 
175 80 858 192 233 196 56 57 613 255 
777 347 663 949 8 84 443 818 58 132 
486 768 653 848 126 277 511 553 13 507 
929 187 711 925 18 488 474 666 111 81 
589 247 645 178 9 833 845 28 764 623 
701 697 366 790 455 641 995 955 487 416 
722 512 558 54 927 953 869 389 365 705 
892 210 254 708 656 500 910 296 409 483 
360 580 246 792 812 557 850 520 362 724 
451 609 220 52 373 288 127 378 284 753 
49 970 676 224 352 251 446 118 464 825 
482 728 331 102 535 973 985 425 821 445 
966 987 44 135 252 496 17 586 551 438 
740 76 139 318 733 10 815 400 867 504 
345 320 355 411 592 377 408 492 890 956 
891 853 467 699 661 798 6 735 431 813 
904 263 755 508 706 212 186 621 37 908 
242 519 304 700 978 86 940 610 805 269 
988 223 462 346 319 801 528 505 379 259 
476 814 203 759 631 370 632 563 211 95 
685 702 261 745 94 289 884 901 397 686 
556 997 683 588 91 651 89 820 877 509 
541 129 276 293 871 185 754 262 767 879 
824 830 579 963 896 14 114 546 912 330 
989 672 193 245 529 477 32 421 478 51 
946 763 611 951 846 491 832 723 162 836 
109 596 429 882 123 674 199 911 905 125 
642 539 600 449 637 384 20 497 552 250 
638 65 313 784 694 782 43 950 565 510 
490 117 958 150 149 865 618 932 682 554 
715 713 4 691 234 654 427 471 652 275 
326 785 264 965 983 121 826 97 33 112 
302 472 376 163 348 796 639 23 50 888 
839 647 280 152 394 393 329 100 736 819 
368 303 75 734 226 608 374 770 141 532 
974 423 791 291 231 743 545 980 765 398 
350 266 817 906 900 315 841 766 188 781 
916 874 762 668 72 599 42 506 67 807 
886 994 68 87 207 137 176 538 3 803 
420 571 769 475 160 191 730 36 31 257 
614 402 658 738 484 823 154 981 897 356 
913 640 481 569 458 590 725 463 922 382 
603 550 271 71 351 470 650 158 334 570 
517 572 926 428 548 634 889 170 465 310 
665 530 809 177 533 868 53 524 115 312 
518 454 410 79 576 202 78 574 944 751 
710 690 404 148 799 104 99 990 806 101 
849 140 635 46 222 795 783 297 272 939 
227 354 205 993 407 786 527 775 709 999 
787 604 122 501 692 948 238 405 688 198 
281 729 917 179 426 593 624 657 747 585 
800 829 601 190 332 986 669 136 774 249 
937 237 887 204 155 834 636 748 200 689 
434 
