251
0 135 131 224 171 190 23 211 25 43 
49 70 188 143 130 32 6 151 56 213 
123 28 59 230 182 38 223 20 205 41 
79 222 55 17 52 53 208 67 15 94 
247 234 99 194 42 145 168 165 175 71 
102 158 85 11 180 100 110 209 89 204 
76 185 33 83 34 68 162 61 115 243 
228 231 63 167 93 98 73 101 107 26 
8 138 214 220 134 129 121 80 122 45 
116 148 153 186 81 51 136 187 184 219 
191 203 1 166 221 140 111 217 91 12 
173 183 19 193 200 18 21 227 31 150 
232 233 201 58 198 225 44 29 237 176 
30 86 238 236 97 229 128 108 84 106 
46 161 210 77 133 195 207 248 149 96 
242 189 90 109 170 241 117 118 75 104 
62 139 154 218 152 39 192 87 57 24 
14 47 3 157 105 179 215 74 9 159 
212 127 27 2 226 239 156 22 78 240 
88 172 65 69 5 95 54 250 216 37 
35 246 141 144 10 13 202 181 36 72 
197 48 126 103 60 64 66 119 112 113 
125 249 178 235 120 147 16 142 7 40 
169 114 92 137 155 163 174 124 4 244 
177 50 196 82 132 146 245 206 164 199 
160 
