701
0 41 345 27 569 521 233 431 66 691 
603 427 630 320 618 471 269 503 172 401 
444 273 682 349 272 371 131 195 369 548 
124 383 317 303 242 3 497 426 37 344 
442 640 191 464 293 129 142 567 333 643 
161 461 280 57 390 549 565 140 331 394 
248 307 338 64 399 318 239 183 299 540 
416 494 445 291 190 110 407 306 438 678 
308 301 684 60 683 542 51 58 602 366 
514 360 212 84 527 15 386 581 361 167 
138 531 583 376 551 585 330 453 323 357 
455 290 559 670 261 651 685 530 611 373 
350 287 108 528 38 98 47 258 53 50 
164 439 468 176 645 48 125 55 513 185 
310 223 564 498 489 428 697 447 666 16 
335 194 232 679 113 260 295 680 32 17 
277 72 466 553 78 608 189 201 88 351 
655 148 227 339 631 693 100 652 74 620 
676 229 615 663 443 198 120 177 484 448 
402 61 387 594 698 92 326 668 156 677 
460 118 21 200 644 292 7 614 462 96 
626 283 364 421 160 545 619 298 577 487 
607 456 660 165 404 143 243 270 370 126 
641 46 136 625 35 105 81 11 132 543 
690 424 395 419 511 69 115 192 459 656 
610 452 171 211 29 97 646 85 275 284 
695 517 689 664 241 178 187 377 496 492 
266 547 294 328 225 434 430 134 604 321 
222 505 20 149 155 1 215 546 300 281 
91 336 86 325 219 123 329 535 617 119 
378 251 109 127 410 343 586 309 382 687 
490 297 658 250 451 188 162 563 139 288 
168 532 406 218 121 276 346 374 122 347 
25 597 19 282 22 340 634 244 441 133 
356 80 669 665 226 433 71 367 79 595 
501 647 688 541 83 235 627 389 150 62 
216 179 558 181 153 624 354 236 650 315 
70 582 209 31 87 253 432 152 146 234 
202 609 305 240 313 491 76 502 420 408 
285 205 639 480 228 341 30 286 193 696 
363 499 699 512 157 605 289 8 440 82 
311 575 99 77 570 254 352 375 638 578 
111 412 493 519 42 403 396 673 312 217 
104 580 478 592 414 516 598 33 392 26 
93 538 44 332 196 94 449 263 355 534 
457 667 674 524 6 613 475 34 450 599 
661 552 246 485 52 515 654 584 296 197 
560 65 589 572 247 510 184 238 415 550 
262 145 137 210 384 56 14 465 507 342 
612 593 221 500 73 555 495 147 526 40 
477 596 601 220 539 278 454 59 488 314 
9 606 591 474 130 391 388 114 271 574 
662 106 425 533 5 43 204 54 249 479 
435 224 482 324 68 173 525 182 207 635 
12 398 2 302 169 467 237 256 672 359 
259 255 418 49 571 544 681 648 112 322 
362 587 393 353 380 622 95 230 4 67 
372 117 509 529 633 557 154 523 368 170 
304 463 590 400 694 337 316 692 348 659 
470 319 24 206 472 18 274 483 437 213 
700 397 208 379 409 28 506 536 537 264 
163 561 623 629 135 458 245 334 411 628 
554 23 75 413 649 385 381 423 422 518 
90 186 642 257 268 588 45 116 636 267 
562 141 671 481 365 203 469 252 89 107 
653 158 265 429 101 573 486 566 10 686 
476 504 675 417 579 13 358 436 568 103 
405 166 102 199 616 151 520 144 231 637 
36 174 180 576 39 128 657 159 632 522 
621 600 508 63 327 556 175 446 279 214 
473 
