1001
0 607 673 52 313 530 683 593 362 456 
394 541 964 572 854 555 762 496 80 2 
631 460 825 26 659 753 644 732 997 481 
980 876 253 879 337 492 70 781 267 565 
324 442 726 792 514 299 823 345 156 567 
404 20 203 192 93 841 227 381 601 989 
833 199 426 449 897 614 384 705 827 178 
652 419 109 244 769 245 321 745 925 858 
377 293 617 796 254 149 101 765 183 516 
929 543 353 318 114 464 747 878 280 235 
935 718 656 282 222 999 900 813 354 704 
272 21 161 163 488 757 947 278 798 231 
606 457 406 193 619 522 91 653 976 805 
814 751 35 375 959 482 627 339 420 592 
96 405 974 852 544 669 67 308 778 379 
162 155 27 763 615 984 433 191 258 678 
610 471 912 560 45 440 786 62 887 871 
77 180 411 333 815 549 198 894 802 392 
295 967 916 374 650 105 575 361 240 297 
48 995 284 955 626 51 963 742 773 489 
229 142 164 806 975 113 122 314 736 529 
23 538 837 508 865 470 958 851 398 804 
403 90 402 350 175 717 117 869 965 920 
868 523 906 701 152 721 237 770 761 288 
728 811 589 294 10 635 352 512 503 994 
698 29 465 167 84 558 787 281 39 50 
547 340 867 204 536 376 143 911 283 707 
309 551 517 613 687 649 564 128 485 545 
17 708 160 332 513 371 907 226 110 410 
666 30 795 630 351 557 670 49 230 397 
998 437 72 735 121 703 845 59 274 872 
417 548 71 706 966 487 780 63 275 251 
682 396 556 695 303 968 685 262 363 672 
777 279 184 576 771 115 891 818 286 13 
484 306 680 790 573 506 688 750 173 579 
153 311 453 24 329 532 546 651 99 469 
78 119 870 493 654 677 60 46 926 120 
391 519 578 372 671 971 432 57 33 290 
749 242 472 657 157 148 904 562 832 54 
961 145 720 491 539 88 797 674 66 223 
520 507 291 799 383 608 285 56 387 910 
127 287 422 319 602 605 658 896 755 534 
812 356 585 810 225 895 817 913 836 430 
570 12 889 124 552 414 116 696 61 123 
243 945 915 764 993 467 834 146 44 583 
973 918 298 141 604 985 741 497 766 882 
86 923 759 378 629 305 991 844 335 330 
584 165 760 537 366 476 928 315 888 412 
144 462 343 454 821 731 899 724 902 709 
737 448 16 247 264 102 312 458 738 451 
740 87 807 801 399 785 934 108 316 446 
111 758 475 15 982 130 524 95 302 359 
259 772 684 660 28 5 136 830 679 924 
612 665 188 41 986 611 628 32 566 788 
956 94 622 919 212 859 266 468 334 504 
528 784 210 490 344 675 826 421 82 234 
951 661 603 856 211 139 600 158 864 526 
126 594 395 64 195 824 4 317 58 648 
140 946 716 881 307 862 189 97 944 722 
424 774 816 107 197 7 233 423 443 746 
131 890 877 840 842 174 232 641 65 645 
428 691 216 843 734 849 743 853 901 22 
171 38 937 930 196 276 150 931 599 400 
838 598 92 642 752 89 328 252 828 525 
125 591 257 646 213 972 829 436 336 505 
224 983 435 861 408 431 209 76 638 518 
238 98 690 962 310 331 905 364 205 689 
367 320 425 386 100 940 540 499 6 228 
182 831 273 767 917 369 74 25 380 42 
239 633 415 880 263 438 846 248 370 271 
667 147 360 390 835 219 942 325 416 978 
69 296 587 134 949 533 898 952 81 822 
1000 217 473 444 208 664 218 693 803 494 
341 389 112 221 441 775 501 754 106 179 
327 550 855 527 480 616 53 699 511 502 
439 207 256 744 186 987 447 36 580 568 
563 498 510 553 177 40 289 988 711 220 
793 190 637 1 14 561 727 791 729 597 
463 346 34 250 571 495 68 938 903 277 
129 714 697 393 8 338 808 151 486 509 
459 355 401 800 348 168 970 702 461 624 
418 620 542 779 118 373 588 37 201 941 
739 992 595 990 365 434 137 820 819 647 
301 382 427 270 43 809 187 172 388 710 
265 655 609 643 914 535 166 455 75 215 
559 132 943 623 474 322 694 478 159 269 
479 236 135 104 860 590 953 83 733 304 
73 909 55 873 255 954 668 429 477 640 
200 170 621 176 409 886 908 681 730 574 
981 969 450 768 700 948 839 782 323 713 
874 241 723 483 445 662 618 521 719 261 
47 326 789 515 756 466 103 634 268 848 
407 31 850 996 950 748 932 500 181 783 
883 939 676 577 715 686 569 927 9 19 
249 977 885 385 921 169 582 11 596 138 
636 663 692 863 866 776 639 194 342 794 
413 625 957 884 922 893 581 3 79 292 
960 712 214 347 154 18 85 452 632 185 
725 368 933 300 133 554 358 857 260 357 
875 892 349 979 586 202 847 936 206 246 
531 
