161
0 4 105 109 106 63 42 107 121 160 
77 110 47 40 154 50 139 96 130 92 
21 156 142 85 79 33 17 66 38 54 
97 64 89 19 120 49 82 28 155 114 
23 136 72 35 68 98 84 93 34 67 
12 41 149 116 36 7 60 45 118 157 
123 53 87 11 119 158 100 78 71 104 
37 126 3 69 151 58 140 128 125 22 
70 152 81 103 132 14 56 30 6 76 
137 24 124 44 145 150 94 108 46 122 
32 143 86 153 127 2 29 112 15 102 
90 129 101 133 39 73 52 131 65 10 
95 99 135 25 5 111 1 20 134 83 
75 26 51 48 16 91 31 141 88 147 
159 18 13 27 146 144 61 74 43 55 
57 138 113 115 148 117 8 62 80 9 
59 
