251
0 99 151 80 126 10 34 30 77 198 
242 47 172 37 157 31 32 207 94 22 
72 231 210 65 162 9 238 50 194 21 
236 74 1 181 116 86 17 230 229 6 
124 170 122 219 142 28 213 75 106 166 
63 69 64 23 200 130 217 134 209 51 
43 223 135 105 81 41 222 245 88 159 
182 76 131 44 109 141 146 52 93 191 
155 175 128 136 5 168 125 39 20 211 
16 25 173 2 161 83 104 123 118 239 
40 92 107 98 241 127 183 202 120 19 
114 58 192 102 249 59 248 164 233 225 
228 227 195 112 85 97 24 150 38 234 
144 110 165 132 190 169 11 218 13 78 
96 148 71 220 177 208 187 46 82 201 
91 197 53 55 221 186 176 138 147 56 
149 232 73 12 143 117 179 139 196 237 
246 89 18 113 137 205 189 27 174 163 
8 153 101 54 111 214 140 100 3 62 
156 185 48 133 224 36 87 250 203 29 
119 240 154 158 212 247 68 90 160 42 
26 108 14 121 206 215 171 167 49 79 
244 67 180 115 15 60 235 4 216 152 
70 226 103 129 95 145 188 57 199 84 
184 193 33 61 178 7 45 204 66 243 
35 
