1001
0 153 107 17 991 349 1 376 101 56 
804 225 492 801 994 606 612 338 599 400 
456 988 895 242 433 124 445 212 693 470 
729 718 391 568 559 558 353 763 876 181 
144 213 649 272 315 190 66 570 686 282 
290 567 549 500 759 185 837 627 3 215 
573 930 364 135 754 463 841 785 421 672 
63 830 287 285 259 432 94 625 700 883 
717 455 622 488 543 44 951 740 350 968 
596 665 532 180 566 910 62 268 593 90 
872 365 927 1000 203 813 617 533 74 184 
378 275 362 377 748 591 81 669 818 479 
360 540 182 947 495 109 420 721 128 588 
779 507 21 301 981 865 658 875 838 79 
122 227 620 57 425 333 538 849 194 279 
450 615 772 942 302 520 252 300 9 138 
581 919 216 110 218 894 468 69 963 955 
205 49 59 546 944 775 881 773 937 508 
752 389 473 621 85 681 166 657 163 86 
814 677 346 530 997 4 957 519 956 499 
154 187 943 83 317 348 141 39 137 89 
661 407 7 580 585 819 465 518 835 907 
598 498 291 666 497 524 664 238 341 363 
466 990 326 172 423 228 948 663 889 722 
217 424 786 482 130 14 583 850 685 854 
743 303 502 286 196 342 266 51 241 526 
408 825 787 435 950 712 639 868 901 820 
632 513 436 980 806 200 340 726 640 931 
413 374 164 953 12 387 939 117 898 46 
92 527 263 713 368 525 223 443 962 330 
357 709 506 477 891 434 714 590 613 862 
118 728 954 245 75 105 528 741 169 616 
358 366 426 834 331 131 628 662 514 175 
486 982 134 449 971 707 416 885 797 325 
503 5 738 18 731 277 25 537 437 571 
344 289 556 226 174 305 778 735 151 790 
494 67 645 91 209 706 873 584 262 737 
158 973 577 699 476 660 351 529 87 261 
410 42 555 399 484 687 97 541 191 933 
95 88 99 592 733 674 321 642 996 917 
431 307 589 553 846 915 256 37 909 890 
652 260 384 54 80 493 637 750 675 454 
689 388 648 178 719 264 788 869 390 609 
292 784 977 608 755 902 993 293 505 985 
96 723 959 678 132 237 251 65 807 284 
76 501 781 783 68 50 542 597 941 395 
800 809 472 102 461 522 578 696 447 234 
250 878 406 789 409 142 579 965 605 64 
831 751 803 946 987 20 848 6 156 70 
536 258 244 932 888 877 309 711 396 745 
295 373 397 934 405 438 908 113 371 139 
999 509 444 304 469 843 911 646 380 253 
192 316 557 149 587 603 127 276 704 624 
929 328 710 694 796 920 828 630 173 967 
372 793 757 457 52 10 839 702 811 485 
402 246 392 810 691 375 383 243 327 976 
170 671 198 347 78 572 459 863 31 753 
821 61 441 744 692 356 103 516 439 760 
271 614 24 206 761 575 720 961 332 219 
626 419 782 343 938 414 887 936 35 634 
254 415 100 48 852 914 766 458 236 265 
339 552 159 983 858 186 267 544 582 273 
679 871 146 430 280 764 906 442 651 560 
899 511 207 531 386 859 229 381 676 916 
345 22 861 966 682 521 655 329 411 749 
900 108 125 984 299 554 569 747 874 55 
952 708 318 935 715 188 352 794 283 989 
776 697 77 278 510 903 412 698 913 860 
84 418 160 690 104 334 496 60 379 319 
857 945 703 805 385 417 799 880 208 756 
561 359 768 545 8 311 523 45 257 322 
336 270 922 808 233 281 313 11 732 970 
114 467 16 918 972 949 758 928 629 727 
856 370 832 453 210 780 394 551 504 995 
404 337 145 974 398 28 847 451 565 471 
897 40 653 140 480 600 688 650 633 604 
670 798 564 610 133 129 98 716 13 656 
958 230 770 986 161 460 323 199 255 189 
30 36 517 111 308 121 595 631 668 147 
921 155 884 162 27 515 826 853 725 403 
165 734 58 815 695 393 475 483 548 969 
171 680 563 701 654 220 320 823 736 562 
429 19 2 842 601 201 833 855 296 547 
724 635 249 904 478 195 312 879 235 534 
998 892 221 112 975 26 845 448 354 53 
369 683 204 535 401 882 730 440 72 71 
294 324 247 41 978 864 422 367 866 462 
297 306 618 119 886 82 638 150 193 602 
167 446 474 636 512 705 288 926 769 232 
840 73 817 673 361 667 115 824 298 168 
836 893 34 126 38 123 844 550 574 152 
214 912 224 539 623 762 771 240 765 822 
269 607 867 43 355 335 148 619 940 15 
136 774 116 157 643 314 176 120 428 746 
960 979 33 851 802 870 767 827 179 211 
491 143 816 93 489 964 905 586 47 795 
896 29 923 177 481 427 464 452 924 197 
32 183 925 777 647 23 644 594 490 792 
487 248 992 812 274 641 310 239 742 202 
382 611 222 829 106 739 231 576 659 684 
791 
