501
0 150 318 29 170 497 370 132 145 416 
390 80 158 444 127 216 10 146 192 269 
452 172 480 309 296 345 426 57 301 499 
489 292 268 404 280 113 283 411 154 275 
5 408 432 71 70 259 287 43 314 450 
396 453 65 212 355 334 410 50 86 346 
352 171 409 484 92 441 415 414 443 438 
320 485 305 179 15 45 2 251 103 64 
167 276 137 288 143 354 210 261 357 278 
465 495 206 250 36 457 430 68 198 194 
161 322 49 214 201 338 294 436 176 88 
27 380 53 388 213 385 448 421 340 242 
135 400 20 387 178 160 197 405 166 125 
467 168 316 264 277 44 274 54 358 312 
93 470 55 454 460 369 284 117 1 336 
343 419 339 262 483 402 23 272 82 46 
149 108 393 392 159 59 403 162 191 193 
449 286 383 302 195 111 22 124 492 281 
217 226 253 4 40 331 175 462 367 83 
243 481 69 424 353 186 319 456 180 233 
130 300 60 12 138 199 468 248 337 475 
155 398 469 63 163 317 221 341 196 109 
75 34 3 263 35 417 140 141 482 332 
478 24 235 479 47 455 255 177 173 147 
84 77 306 445 442 218 102 265 89 304 
425 96 299 114 207 413 215 252 364 330 
464 494 311 115 66 73 25 423 110 208 
205 374 500 394 26 348 360 100 61 203 
486 16 185 247 378 133 324 476 362 7 
295 439 234 236 41 498 219 440 493 38 
116 270 290 333 85 131 14 433 327 335 
230 344 74 13 97 62 361 376 329 313 
28 473 189 164 427 496 222 246 121 249 
447 202 267 42 307 382 95 119 37 466 
428 371 17 412 184 209 52 32 225 285 
169 375 101 429 6 372 51 257 406 48 
220 99 315 181 365 477 237 351 325 260 
356 298 488 81 241 174 244 291 156 123 
39 389 72 223 105 273 491 256 310 377 
78 67 434 90 397 418 472 461 308 142 
8 373 120 9 18 188 435 30 11 487 
136 118 157 76 211 420 328 459 326 399 
463 228 126 347 229 187 148 107 254 391 
381 279 33 19 366 128 31 231 323 165 
297 239 104 152 56 144 303 245 458 122 
134 384 21 224 359 112 342 58 79 289 
368 240 363 182 474 266 151 204 232 238 
379 106 94 129 271 401 200 227 395 183 
437 139 190 386 431 98 153 350 422 91 
87 321 407 471 446 451 258 490 282 349 
293 
