251
0 153 96 124 55 36 246 76 89 46 
12 53 167 30 24 59 243 250 244 1 
158 178 3 186 38 189 188 138 137 32 
209 156 205 179 241 240 215 136 239 80 
198 70 18 109 98 214 90 73 220 56 
107 102 74 75 116 197 94 97 171 249 
68 192 21 204 87 8 2 122 63 195 
101 163 6 208 69 238 40 17 119 157 
72 91 191 121 104 201 22 106 164 99 
207 183 222 166 193 133 31 172 194 181 
58 229 221 44 176 162 170 25 37 206 
223 123 147 34 233 103 47 13 114 174 
26 23 227 131 112 86 219 108 15 245 
230 35 126 235 213 48 79 185 51 145 
5 33 232 111 93 236 190 78 100 83 
62 81 57 67 130 226 161 4 234 247 
135 29 11 129 125 237 203 159 88 225 
160 200 210 196 9 61 217 19 152 202 
187 39 248 199 16 165 117 150 71 184 
177 218 10 27 211 134 95 149 120 144 
20 115 45 92 64 143 155 105 168 127 
128 151 212 169 60 110 82 140 66 50 
231 182 113 7 142 132 224 43 146 65 
154 139 118 54 228 41 14 175 84 42 
28 77 173 216 85 141 180 52 148 49 
242 
