1001
0 215 189 548 649 53 432 579 208 829 
538 586 725 227 154 686 692 401 946 915 
140 947 592 569 505 842 16 214 326 944 
650 184 230 665 296 900 124 734 250 219 
949 107 678 723 454 675 446 360 807 155 
959 70 315 460 509 582 645 512 314 483 
511 82 436 855 339 308 459 603 306 52 
921 895 531 125 469 853 437 783 366 300 
392 431 395 530 715 780 974 824 80 43 
868 394 559 257 355 953 390 529 786 42 
575 141 397 950 888 965 317 62 971 142 
449 940 243 28 38 158 903 770 518 319 
357 607 311 161 498 69 711 153 194 68 
347 169 75 101 815 536 472 310 908 205 
48 288 365 764 658 794 966 244 479 46 
850 748 159 338 993 793 248 88 580 329 
876 682 615 19 138 325 601 441 151 731 
229 173 782 114 745 935 494 246 683 298 
581 458 813 716 831 171 578 336 532 899 
973 858 960 422 426 907 840 57 61 105 
324 997 843 676 819 617 600 322 801 747 
624 981 481 89 926 749 687 709 727 986 
811 618 369 346 721 13 418 790 621 856 
118 333 50 147 289 540 335 818 814 560 
463 884 260 129 688 916 49 937 924 439 
616 353 423 493 643 633 307 827 882 349 
826 955 410 165 110 878 751 572 374 85 
359 387 799 266 619 874 685 867 990 849 
8 689 348 812 710 886 534 796 203 12 
797 104 457 486 103 207 593 775 92 235 
381 639 267 152 864 722 893 302 961 669 
565 136 803 379 515 451 999 806 56 537 
264 533 651 730 861 253 625 22 232 787 
462 948 500 735 425 139 844 383 55 757 
792 702 228 291 7 399 414 958 659 912 
120 679 521 545 857 453 753 18 15 238 
440 980 23 606 821 758 262 699 979 76 
597 270 902 698 968 554 544 495 574 434 
127 636 890 519 144 87 506 994 332 334 
759 475 707 846 197 327 455 854 970 693 
535 3 802 245 564 951 541 664 724 78 
652 892 484 941 116 287 773 5 869 190 
622 198 549 998 502 297 34 377 673 550 
865 415 221 186 501 331 91 195 233 573 
102 450 739 870 176 1 526 558 626 638 
927 340 409 468 177 41 47 784 644 672 
570 40 10 276 933 978 403 192 897 466 
577 14 527 523 29 445 404 839 271 341 
859 637 430 20 213 740 389 985 1000 292 
170 964 872 825 809 611 765 499 972 929 
299 358 172 763 79 911 599 640 785 263 
690 852 226 614 567 54 354 83 252 223 
922 862 160 478 231 254 585 209 199 767 
408 98 433 808 86 553 71 380 525 275 
598 201 196 60 805 280 26 677 363 45 
883 343 928 337 485 132 828 983 952 342 
630 957 157 33 130 925 123 9 653 781 
149 398 605 240 443 543 595 766 273 344 
117 378 657 490 945 936 212 251 760 323 
680 646 522 218 556 662 367 200 128 800 
795 761 648 272 671 93 318 546 112 954 
589 631 220 939 514 913 737 561 880 700 
174 591 866 375 542 36 627 442 789 427 
444 768 513 435 421 942 733 588 976 822 
168 217 225 896 934 647 706 612 294 496 
837 156 477 847 428 67 798 330 712 204 
557 241 931 841 281 58 771 623 393 744 
755 528 655 474 982 345 277 910 37 875 
247 988 178 736 987 889 31 904 73 482 
402 59 517 420 413 754 312 134 566 632 
906 891 704 963 143 111 44 909 804 400 
708 391 769 371 555 667 356 877 222 629 
66 96 350 835 810 64 191 417 661 666 
304 991 21 424 407 438 72 742 211 185 
602 476 187 817 283 236 464 286 448 507 
654 35 975 95 17 419 520 833 255 316 
411 587 100 656 146 562 188 25 361 269 
695 74 901 728 30 295 568 860 489 894 
97 6 137 99 320 113 583 24 305 992 
914 396 352 732 84 376 873 32 838 836 
309 11 386 823 594 164 303 918 539 923 
834 256 373 237 563 604 293 917 90 4 
610 620 938 261 385 313 668 863 351 905 
239 516 967 984 497 27 384 552 368 871 
456 503 181 488 845 898 697 885 609 94 
202 282 206 691 480 590 121 133 641 447 
746 268 65 163 956 930 584 642 467 416 
726 762 743 362 660 719 504 634 696 694 
364 388 919 412 920 259 77 750 571 290 
150 249 851 879 596 126 943 166 382 674 
832 465 774 779 752 718 524 703 135 508 
106 778 162 969 670 108 989 791 224 995 
234 720 473 265 167 777 487 471 284 81 
429 816 729 608 887 470 39 977 776 714 
301 881 210 551 278 180 772 109 193 274 
452 491 510 684 148 996 492 635 848 51 
119 681 405 962 788 175 713 216 628 63 
613 321 406 179 328 372 242 279 115 738 
370 258 145 820 183 717 182 2 547 741 
932 705 701 131 663 285 461 122 830 756 
576 
