251
0 3 121 69 56 80 94 9 206 47 
21 4 36 132 188 86 155 187 78 114 
75 124 70 95 226 157 248 144 41 110 
243 242 49 8 202 250 57 104 197 37 
125 240 142 235 82 128 166 18 27 35 
96 131 118 33 170 34 185 180 135 102 
158 117 90 208 73 24 30 61 53 25 
14 181 42 26 193 186 161 237 189 227 
167 66 29 229 122 159 97 15 58 65 
148 100 151 39 175 230 246 169 223 218 
44 63 244 120 179 152 213 177 17 111 
98 168 13 6 200 38 45 165 16 31 
164 182 216 99 129 5 64 139 231 134 
32 77 116 154 7 150 106 207 224 201 
84 162 136 210 149 22 143 198 247 50 
217 85 101 195 81 12 23 212 109 10 
103 40 173 11 238 113 209 147 196 108 
74 43 137 145 156 48 174 55 62 178 
51 184 232 93 92 68 88 46 211 203 
119 220 87 245 140 59 91 163 71 205 
112 1 194 138 236 52 83 190 225 219 
133 60 76 221 126 105 153 72 89 171 
2 54 123 146 222 79 192 241 234 115 
199 214 204 172 183 249 160 228 239 67 
19 28 141 107 191 233 127 215 20 130 
176 
