501
0 153 107 17 349 1 376 101 56 225 
492 338 400 456 242 433 124 445 212 144 
181 213 272 315 190 66 290 282 500 185 
3 215 364 135 463 421 203 63 432 94 
259 287 285 59 49 205 69 468 252 302 
218 110 216 300 9 138 416 449 134 486 
175 196 286 303 83 317 348 141 39 465 
7 407 89 137 187 154 499 389 473 85 
166 163 86 4 346 498 291 353 470 391 
497 238 341 363 466 326 172 423 228 217 
424 482 130 14 342 266 241 51 408 435 
436 131 331 426 200 340 413 374 164 12 
387 366 358 169 117 46 92 263 368 223 
330 443 105 75 245 118 434 357 477 493 
80 54 260 384 454 388 178 264 390 292 
256 37 344 289 437 226 174 305 151 25 
277 18 5 325 279 450 194 333 425 57 
79 122 227 488 455 44 62 268 365 90 
180 74 184 378 275 377 362 125 299 108 
55 329 411 146 280 430 273 267 442 186 
159 339 265 236 458 48 100 415 270 336 
322 257 45 311 8 71 72 440 313 11 
281 233 114 16 467 35 254 414 343 419 
219 332 81 479 360 182 495 109 420 128 
350 301 21 91 209 262 67 494 87 261 
410 321 431 307 293 96 132 284 76 65 
251 237 99 88 95 304 444 139 68 50 
371 469 380 276 127 328 173 396 295 373 
397 405 438 113 395 142 461 102 472 447 
234 250 406 409 64 20 6 156 70 309 
244 258 451 471 40 480 140 398 28 145 
404 337 372 457 52 10 149 316 192 253 
191 97 484 399 42 476 351 158 392 246 
402 485 375 383 243 327 394 347 31 459 
78 198 170 206 24 271 439 103 356 441 
61 210 453 370 230 133 129 98 13 161 
460 323 199 255 189 483 171 320 220 393 
475 30 36 111 308 121 58 165 403 162 
27 429 19 2 155 147 201 296 249 478 
195 312 235 221 112 26 448 354 53 369 
204 401 82 150 193 167 446 474 462 297 
306 119 294 324 247 41 422 367 359 208 
417 385 496 60 379 319 288 232 73 361 
115 298 168 123 224 214 152 38 126 34 
160 104 334 418 84 207 386 229 381 345 
22 318 188 352 283 278 77 412 314 176 
120 428 157 116 15 136 269 148 335 43 
355 33 179 211 491 143 93 489 47 240 
29 177 481 427 464 452 197 32 183 23 
490 487 248 274 310 239 202 382 222 106 
231 
