251
0 12 154 235 100 217 118 8 99 222 
43 39 194 23 128 152 185 60 211 17 
160 54 121 171 63 110 10 3 76 224 
120 156 215 98 114 51 219 108 236 31 
82 22 147 157 57 186 172 167 81 246 
179 137 5 232 84 19 141 231 117 210 
95 145 28 68 190 136 116 181 173 33 
126 4 218 66 104 191 193 144 69 58 
50 178 237 13 65 107 11 223 250 85 
112 239 26 102 140 123 42 25 45 148 
59 40 170 91 7 92 208 233 242 30 
87 48 41 119 182 61 93 18 248 166 
2 247 151 74 229 196 24 49 32 132 
240 78 35 243 209 159 34 226 130 153 
86 149 199 189 198 9 187 244 241 234 
20 206 101 249 168 164 47 197 55 161 
90 165 238 202 134 15 204 70 228 174 
16 213 27 175 212 80 195 227 77 135 
1 109 177 150 67 88 38 106 180 64 
143 6 83 53 188 220 216 73 163 124 
225 122 113 21 139 221 205 37 125 133 
103 192 183 127 62 75 176 142 115 105 
129 146 44 46 89 111 230 72 71 169 
94 29 131 52 36 138 200 162 207 97 
56 184 158 201 214 14 245 155 79 203 
96 
