501
0 408 165 344 466 357 211 231 317 102 
138 41 157 412 260 242 134 267 297 52 
220 327 484 471 303 20 194 168 288 161 
65 120 176 108 69 368 180 142 119 146 
395 121 175 15 137 153 281 155 18 103 
398 56 476 241 432 8 235 33 365 324 
481 296 207 143 221 70 49 330 63 225 
200 482 417 451 132 213 243 44 290 154 
443 145 4 331 233 5 255 489 7 261 
500 419 227 94 109 486 424 61 285 307 
147 75 214 399 228 36 1 91 71 3 
86 13 125 263 468 2 96 182 342 409 
325 171 492 300 386 394 169 361 362 377 
459 286 352 479 224 389 76 34 118 185 
191 149 113 95 127 298 164 177 230 38 
197 174 445 195 393 278 295 287 449 280 
190 435 318 390 275 64 88 249 499 14 
364 454 87 485 184 55 337 90 141 411 
128 130 45 66 430 30 343 284 308 215 
136 178 421 135 294 181 238 464 329 246 
104 140 387 80 441 272 277 323 22 93 
378 129 117 406 77 206 247 203 240 201 
316 312 302 67 85 28 264 173 493 465 
54 123 470 311 48 114 248 429 192 68 
358 23 26 351 463 418 205 83 111 461 
426 29 355 494 16 457 425 474 439 202 
350 332 279 250 346 89 210 148 491 244 
258 78 382 322 193 434 458 428 338 366 
81 212 359 10 416 321 453 396 341 407 
152 472 462 253 483 496 452 159 415 478 
43 487 37 156 381 437 405 333 372 151 
74 35 315 59 209 385 433 336 319 271 
391 370 369 58 269 436 234 374 252 21 
179 353 99 403 274 375 356 27 480 82 
144 339 447 373 166 39 116 371 450 158 
208 438 469 265 97 326 282 397 163 245 
186 198 270 122 498 229 204 126 401 131 
404 106 431 455 150 42 304 162 427 490 
400 422 112 473 11 475 414 92 79 84 
160 446 223 448 57 379 25 124 301 460 
17 497 348 276 363 98 293 273 53 139 
444 188 384 222 60 183 292 232 291 40 
310 340 345 50 413 256 354 133 12 189 
6 410 423 320 360 9 62 306 226 383 
187 105 46 51 467 420 334 115 388 262 
239 73 477 402 107 328 259 72 216 349 
305 218 236 110 392 376 257 101 268 217 
440 196 47 442 172 100 170 456 251 237 
254 19 219 488 313 32 24 31 380 309 
289 299 266 314 347 167 495 199 335 283 
367 
