1001
0 597 482 623 881 471 426 433 163 965 
15 678 418 584 110 665 713 322 680 447 
650 966 292 236 564 112 521 324 820 72 
823 231 39 603 53 943 939 673 233 326 
568 737 558 160 307 632 922 287 115 403 
196 65 895 624 425 84 94 638 897 352 
156 932 13 794 761 886 782 567 138 27 
383 595 720 211 636 256 810 887 987 353 
816 854 698 20 993 855 978 108 546 451 
566 654 282 775 62 203 369 753 424 964 
611 366 669 465 56 493 170 459 243 749 
850 952 731 171 846 68 485 811 750 627 
46 227 351 260 585 762 224 765 760 917 
427 209 291 626 180 747 380 55 400 429 
250 365 777 71 121 840 602 912 430 479 
933 510 528 279 574 25 415 268 741 960 
844 371 657 607 105 956 542 852 318 544 
475 297 870 874 399 583 727 381 88 526 
545 779 730 692 598 915 682 582 862 904 
593 890 875 755 73 781 538 106 591 457 
379 148 367 714 883 293 325 799 347 518 
908 882 684 918 244 41 87 155 48 509 
315 803 683 976 640 577 394 299 464 460 
685 117 270 320 267 207 468 835 436 50 
889 548 831 928 302 834 674 618 660 310 
629 845 344 240 562 491 858 253 473 271 
343 913 89 373 78 661 214 642 189 499 
184 997 444 931 788 169 411 857 696 501 
191 906 281 386 832 130 486 247 412 653 
159 294 249 217 996 321 628 734 789 710 
655 787 527 972 136 885 195 419 309 38 
804 715 123 512 866 735 296 135 219 533 
40 449 452 829 432 132 454 357 378 264 
76 716 384 573 617 77 921 675 549 495 
553 758 272 525 303 645 973 721 139 856 
284 311 8 703 979 861 587 93 58 649 
178 147 778 360 520 101 547 251 744 263 
127 975 989 206 708 385 301 998 461 502 
201 851 569 841 194 396 833 228 333 859 
435 947 590 417 572 733 806 258 9 407 
853 706 503 916 534 671 935 878 462 776 
980 74 481 374 387 879 946 167 523 350 
513 843 722 818 732 128 992 242 914 91 
375 764 198 704 537 443 637 423 795 705 
185 26 122 177 848 361 864 920 377 610 
783 57 308 736 131 970 275 688 362 85 
771 723 323 604 596 872 995 773 456 113 
711 911 581 929 364 23 158 614 827 229 
6 116 66 21 437 298 238 149 919 813 
630 769 644 286 540 530 868 30 531 888 
406 317 746 107 391 181 517 348 616 80 
222 197 52 401 865 830 355 290 600 959 
934 766 356 612 634 146 153 54 409 589 
261 689 954 37 497 252 129 341 458 4 
937 836 790 551 215 798 446 416 515 388 
625 785 615 977 392 925 125 613 221 314 
259 306 368 808 893 953 102 5 763 390 
578 539 561 168 145 797 767 938 152 838 
884 187 677 605 397 398 255 554 601 283 
556 646 484 274 759 193 235 923 588 59 
994 234 82 786 330 535 819 927 756 941 
694 478 118 592 986 594 237 812 643 35 
860 557 34 226 662 672 213 241 17 608 
563 609 514 90 559 441 490 742 304 871 
192 768 463 876 137 186 75 863 370 892 
826 981 909 511 489 565 725 1 95 428 
748 896 663 961 305 687 792 821 839 166 
676 651 265 2 3 327 576 814 36 190 
982 659 664 182 476 899 239 413 690 707 
358 257 570 728 891 667 635 141 31 902 
45 288 173 422 697 99 496 199 172 216 
277 822 740 340 183 487 580 984 745 81 
990 926 985 809 691 32 958 438 245 483 
402 971 179 124 225 359 104 269 202 205 
774 647 405 522 164 22 505 877 633 393 
621 900 470 86 968 174 335 466 524 289 
100 817 726 51 974 316 134 92 516 165 
802 337 652 791 641 67 144 1000 751 109 
950 140 111 575 488 969 867 622 154 948 
738 10 142 639 555 930 944 770 983 439 
175 83 42 33 506 807 494 842 453 880 
47 382 395 477 276 448 957 248 300 246 
150 126 702 60 64 825 285 404 955 907 
905 469 328 828 445 49 991 903 936 12 
666 668 176 120 79 772 586 498 472 119 
752 940 560 19 354 210 346 200 24 474 
28 313 204 69 712 951 376 480 967 619 
599 408 873 695 793 847 910 151 606 780 
162 541 942 686 332 949 342 467 709 699 
431 232 757 670 230 280 43 103 11 434 
278 571 29 743 319 924 656 442 338 334 
681 701 157 805 312 161 223 552 536 61 
262 700 63 962 44 96 133 894 266 97 
329 414 543 693 717 339 500 963 410 143 
532 421 679 800 620 869 212 729 273 345 
372 837 208 658 739 999 504 18 455 898 
331 824 188 363 796 70 508 440 815 336 
631 754 719 14 507 988 529 550 901 784 
849 295 801 724 648 579 16 492 389 114 
945 718 218 98 7 519 420 450 254 349 
220 
