1001
0 507 468 367 70 567 776 185 63 204 
254 626 751 262 269 666 159 746 991 527 
948 524 407 802 629 982 227 101 37 664 
828 882 593 75 58 387 30 413 755 344 
113 573 611 788 106 561 563 621 971 562 
55 145 860 345 762 633 491 215 370 837 
69 866 584 426 756 691 857 877 471 419 
255 147 302 818 609 622 349 910 596 291 
862 518 630 532 973 796 19 392 670 848 
180 334 328 73 725 326 60 918 461 192 
899 553 251 915 168 950 146 431 542 847 
433 514 673 998 753 986 112 9 18 175 
415 820 580 445 720 659 497 247 650 983 
706 246 222 822 944 486 923 498 985 122 
74 492 327 647 704 167 482 652 680 850 
672 594 754 872 476 236 858 811 634 99 
861 618 29 400 693 125 452 758 402 641 
852 241 692 64 844 186 48 171 466 199 
235 377 304 814 209 296 549 231 737 318 
838 425 22 512 62 278 599 585 895 165 
230 440 663 132 868 126 813 736 969 636 
372 909 13 473 712 936 903 568 207 148 
38 992 566 576 519 110 273 221 123 263 
816 284 823 628 152 86 632 919 333 509 
205 359 216 551 408 117 324 303 578 183 
539 496 582 169 694 365 12 432 801 510 
52 821 978 616 395 841 405 375 851 726 
27 786 656 669 203 764 265 742 961 604 
310 721 671 924 606 791 586 200 689 976 
434 808 59 533 220 87 865 999 443 160 
660 290 958 890 627 815 686 85 645 615 
427 529 833 362 893 458 20 140 577 197 
787 730 990 394 314 267 259 232 560 620 
897 535 412 212 655 252 612 464 237 409 
256 589 696 888 389 854 188 957 442 143 
305 678 341 182 384 107 849 4 832 71 
955 297 103 916 690 472 607 683 49 274 
116 715 780 579 705 523 459 40 300 414 
766 219 319 179 846 162 538 856 526 667 
403 772 974 248 892 50 31 881 178 456 
2 276 564 369 153 105 311 610 603 534 
734 646 23 356 658 834 98 784 749 700 
488 157 316 268 681 702 194 320 285 301 
556 934 552 312 546 719 1 989 250 104 
47 807 339 118 141 747 960 940 951 100 
819 898 358 547 470 574 836 177 768 644 
797 109 155 406 859 396 901 959 869 286 
988 172 206 381 789 977 810 864 196 665 
176 437 53 240 723 711 447 625 914 949 
469 703 657 279 24 735 239 429 544 266 
515 798 771 401 33 826 921 479 495 460 
57 842 583 136 388 313 294 270 233 149 
739 198 570 281 244 493 416 191 355 581 
688 902 35 843 600 639 213 809 550 799 
17 131 591 309 653 306 987 800 880 423 
824 371 783 920 870 42 876 195 891 78 
941 731 759 120 623 463 605 516 997 792 
283 218 718 331 238 619 61 363 557 601 
7 779 875 130 321 763 315 457 480 337 
748 638 927 54 34 651 933 217 952 701 
193 773 1000 520 867 968 502 956 151 124 
134 884 139 245 685 536 343 559 781 97 
975 439 454 308 11 965 26 28 545 967 
642 540 505 785 995 289 462 743 727 135 
878 44 424 68 668 513 499 478 804 397 
6 5 323 917 966 79 483 575 979 223 
214 713 839 399 114 261 831 15 541 943 
156 45 36 911 962 757 662 115 661 926 
144 275 444 522 288 571 89 709 350 687 
886 993 380 95 590 805 410 467 648 729 
953 765 501 96 602 208 226 928 366 475 
364 242 598 477 338 679 14 332 32 184 
430 775 654 931 25 904 793 164 166 830 
760 67 80 972 449 170 954 272 378 717 
357 543 41 257 795 531 506 740 72 565 
346 900 674 353 81 485 750 812 698 588 
391 733 937 361 51 935 572 92 825 889 
340 984 778 879 325 939 932 794 528 43 
537 806 298 677 108 699 855 913 411 436 
695 708 790 229 373 732 329 853 352 829 
360 592 494 234 201 335 947 347 158 253 
441 996 446 710 614 587 174 271 925 111 
569 142 777 264 348 465 980 500 83 744 
382 225 383 697 942 368 292 649 863 173 
385 243 631 490 10 487 82 845 280 613 
887 455 390 767 56 39 76 202 299 970 
422 896 608 354 376 88 421 905 676 484 
211 190 554 163 448 908 675 307 871 46 
894 129 379 121 745 782 555 964 548 635 
128 277 249 597 435 336 351 752 963 133 
716 517 885 65 595 21 930 102 774 684 
504 489 946 417 835 228 929 224 293 761 
77 682 741 873 508 418 503 558 525 374 
137 161 637 640 210 827 150 994 404 189 
181 803 66 90 119 474 398 317 714 481 
322 722 769 453 906 282 728 295 883 93 
393 530 450 707 617 981 386 438 127 84 
521 330 922 724 738 342 945 428 912 840 
138 817 260 154 643 3 94 258 91 16 
8 187 907 420 287 451 938 624 770 511 
874 
