1001
0 516 872 173 168 957 144 475 692 623 
181 47 207 71 889 934 691 534 618 483 
188 153 710 876 160 609 140 927 53 514 
374 341 318 984 836 389 298 675 266 35 
628 929 518 310 783 137 85 590 226 820 
941 267 448 548 367 709 248 931 106 652 
690 925 80 15 846 205 991 370 593 624 
32 217 594 663 604 268 386 155 255 605 
819 655 14 945 575 343 892 375 745 998 
415 208 283 972 212 787 344 190 747 417 
711 533 174 427 894 664 225 803 13 650 
538 11 431 962 914 812 651 230 183 240 
767 509 890 531 683 715 964 6 884 713 
114 258 464 695 763 898 871 44 28 837 
98 765 77 500 99 202 530 975 418 629 
27 237 743 211 3 707 281 351 893 128 
920 527 322 326 620 332 602 794 558 801 
750 58 309 824 182 687 379 502 863 300 
912 149 936 9 124 761 600 376 734 420 
407 997 90 147 855 741 299 678 911 166 
193 504 157 730 570 238 436 141 966 81 
278 847 361 316 388 718 463 115 33 795 
452 674 324 877 382 585 228 171 97 951 
277 429 65 339 52 227 515 613 671 686 
762 519 806 517 433 749 589 583 494 785 
79 885 553 246 608 804 73 491 392 224 
311 631 492 520 487 660 241 391 129 369 
402 234 535 177 630 689 88 699 480 506 
122 831 425 443 986 357 453 233 873 474 
778 917 928 213 165 976 528 828 971 992 
220 445 726 714 729 170 723 566 930 983 
821 969 48 561 913 444 442 540 384 329 
156 37 191 467 793 781 648 658 159 856 
123 697 908 810 403 634 297 372 91 568 
294 328 396 886 67 126 455 988 469 61 
428 586 187 365 412 958 973 621 109 349 
352 733 612 705 537 496 878 242 511 790 
36 832 775 980 302 818 393 441 413 305 
776 759 301 508 158 900 574 364 43 722 
304 446 839 571 701 131 643 719 488 296 
543 606 434 54 462 333 653 127 720 853 
735 347 203 484 83 753 293 814 486 481 
827 779 888 5 581 8 617 899 769 551 
797 287 1 805 874 30 135 597 756 336 
961 932 210 963 42 503 864 307 869 272 
522 303 290 577 592 100 245 215 865 148 
542 401 150 276 263 390 954 830 552 887 
102 430 638 524 994 639 424 204 717 180 
70 700 118 815 770 798 985 477 458 673 
461 172 850 895 69 17 610 306 843 760 
959 926 219 40 970 774 616 262 113 31 
354 637 471 981 221 410 822 105 414 264 
816 64 950 544 990 63 260 693 791 688 
780 377 924 421 682 937 325 385 910 758 
359 549 852 39 440 764 360 408 918 26 
142 834 833 845 545 125 641 373 435 315 
505 681 526 119 536 86 371 782 103 151 
567 269 510 573 883 34 50 312 335 45 
397 757 192 314 152 236 216 132 185 732 
851 656 665 178 57 904 400 771 355 284 
870 214 960 953 712 902 513 879 353 685 
62 419 829 746 438 485 383 999 739 92 
235 476 95 399 742 116 808 811 684 907 
737 363 591 239 38 478 554 111 96 881 
622 280 243 74 256 866 915 632 903 250 
562 380 645 308 465 381 657 199 89 677 
330 164 82 490 541 944 572 378 295 649 
422 10 291 409 209 1000 840 817 468 405 
479 41 569 167 416 523 619 905 635 368 
253 667 967 56 802 175 247 249 59 923 
702 579 161 615 647 952 676 672 117 55 
727 858 198 60 662 143 547 346 460 809 
498 331 356 288 101 965 75 731 841 257 
121 607 366 560 362 25 825 974 447 512 
320 66 154 642 943 334 532 867 956 319 
251 708 313 627 989 696 482 387 578 595 
507 659 799 588 826 626 748 406 625 497 
993 668 286 472 423 751 823 559 777 24 
437 282 556 603 229 196 598 16 261 891 
940 882 68 231 348 197 996 978 646 449 
636 773 271 323 861 404 466 716 112 679 
120 740 289 955 501 194 23 195 968 582 
146 426 473 21 145 222 218 772 939 450 
200 580 179 12 22 859 394 982 694 186 
948 317 163 909 457 744 919 754 564 521 
439 601 906 880 2 72 661 265 162 546 
136 29 576 844 596 432 587 451 842 979 
20 788 736 189 555 935 456 232 340 784 
499 411 752 285 995 49 223 395 78 337 
766 921 133 275 599 130 721 868 459 680 
206 862 654 254 633 19 896 139 854 704 
134 270 493 614 738 7 938 76 454 201 
755 184 252 725 875 87 848 550 706 640 
947 728 644 977 563 138 786 350 897 670 
807 857 942 108 933 358 987 525 345 669 
584 292 539 666 703 94 529 557 107 565 
84 946 279 169 796 901 18 176 860 470 
244 327 800 949 273 104 768 724 338 274 
259 93 321 611 489 835 789 46 922 792 
838 110 4 51 342 698 849 495 916 813 
398 
