251
0 4 222 110 205 181 114 176 57 91 
11 14 227 208 31 49 17 169 160 122 
72 29 94 8 149 167 234 229 39 151 
153 3 7 144 192 103 145 199 37 250 
128 69 156 219 213 177 212 200 224 55 
32 84 120 164 71 68 170 232 16 201 
242 147 13 124 197 158 78 240 231 74 
19 137 217 53 79 243 126 194 235 42 
62 171 116 236 228 76 109 249 108 47 
127 67 209 64 246 220 20 175 173 24 
81 87 28 6 80 210 179 99 141 187 
135 92 148 118 22 70 117 172 195 2 
15 129 133 90 241 136 130 119 86 89 
1 104 48 107 168 238 215 27 59 221 
100 237 88 111 43 247 125 5 216 233 
163 35 203 142 9 45 21 44 85 206 
131 102 165 30 95 161 41 150 23 34 
244 112 12 218 186 58 184 230 162 190 
65 66 106 166 60 211 93 26 214 54 
123 36 157 159 193 134 101 10 113 121 
138 97 40 132 178 25 155 202 248 115 
56 98 225 188 154 226 198 182 239 51 
77 139 96 196 185 63 204 82 143 33 
146 73 61 46 245 180 152 174 223 50 
140 189 18 83 52 105 183 207 75 191 
38 
