501
0 45 10 204 144 358 475 287 357 471 
225 351 30 32 13 492 191 276 334 441 
378 189 451 428 328 432 165 390 187 336 
251 20 302 272 184 90 12 308 9 278 
383 368 28 372 24 190 485 211 396 440 
97 113 325 474 118 82 313 347 149 363 
94 33 398 294 473 244 273 291 491 364 
417 494 477 183 411 362 478 209 434 226 
150 40 218 73 231 215 46 476 280 237 
228 116 95 8 421 15 48 239 457 322 
448 160 125 4 301 257 107 188 350 410 
233 169 260 444 200 43 300 217 437 419 
352 58 458 403 269 316 136 171 103 281 
54 288 401 133 382 140 87 377 446 425 
92 193 404 365 139 77 472 31 327 374 
172 275 306 51 250 52 312 158 402 264 
293 6 16 66 482 178 397 236 62 199 
134 353 286 452 91 17 463 232 253 85 
310 11 156 311 450 335 385 258 163 279 
254 128 416 470 145 197 27 120 420 467 
493 345 68 422 356 283 213 263 117 229 
56 235 367 154 221 486 105 53 7 346 
153 332 19 309 177 289 5 406 355 223 
22 110 373 262 247 126 240 111 64 161 
453 131 23 304 379 481 407 433 42 194 
101 447 129 282 180 271 305 26 205 162 
337 469 370 152 137 266 343 130 252 2 
431 480 496 462 99 159 176 339 174 423 
465 106 426 124 331 98 249 359 498 295 
72 201 430 241 185 284 394 63 298 36 
342 424 47 157 44 429 186 219 115 155 
170 414 371 81 38 21 151 315 490 212 
405 75 392 389 224 442 314 455 245 395 
96 497 268 49 246 338 409 360 307 102 
384 381 238 466 60 173 255 216 412 65 
108 267 495 37 248 222 242 375 354 70 
182 320 484 234 203 321 340 196 290 387 
208 114 109 449 100 366 299 285 483 192 
341 326 500 460 59 227 88 427 274 29 
391 329 369 400 55 207 220 292 436 323 
438 297 439 348 445 330 435 76 319 344 
202 74 443 380 179 86 461 206 123 168 
361 39 122 61 393 69 214 35 256 71 
198 415 112 67 57 296 318 324 50 84 
41 386 34 399 277 78 333 104 142 132 
164 265 127 413 119 195 317 80 376 135 
230 181 147 489 89 166 270 468 210 146 
18 479 303 14 3 388 175 261 83 454 
79 487 167 349 121 259 1 243 25 464 
459 488 408 148 456 141 138 418 499 93 
143 
