1001
0 640 682 865 524 532 952 945 727 222 
100 547 948 731 73 556 372 175 642 695 
225 630 683 947 481 374 501 248 20 292 
148 227 964 188 673 446 531 235 513 470 
143 329 631 821 579 434 801 863 792 791 
506 196 207 735 742 832 65 505 756 167 
548 966 355 238 127 174 85 125 408 368 
46 366 603 816 442 328 725 6 526 98 
508 155 837 497 308 994 721 437 866 194 
244 798 25 859 620 122 298 930 61 983 
851 11 649 890 726 578 345 808 679 172 
221 491 22 70 5 701 16 13 880 665 
192 950 593 954 778 699 254 510 69 397 
991 90 645 845 820 392 317 288 187 915 
972 786 628 50 60 369 976 831 523 439 
362 169 918 885 585 130 468 389 920 67 
488 360 911 646 270 409 718 910 370 302 
892 717 373 416 901 973 289 182 474 123 
747 49 264 889 140 557 608 921 14 534 
979 800 380 965 480 472 898 614 514 493 
44 868 333 611 301 985 795 381 648 77 
358 448 814 613 82 899 874 168 545 294 
233 213 327 299 281 216 164 460 840 71 
541 769 641 156 275 849 772 1000 752 31 
190 550 970 9 810 980 394 691 263 76 
42 626 860 180 828 933 29 352 618 177 
843 690 705 160 905 789 612 836 697 670 
968 315 118 844 677 109 324 494 178 937 
336 296 490 689 97 158 741 634 740 138 
318 135 655 63 252 57 623 856 108 189 
530 842 388 250 112 342 869 776 783 755 
383 482 338 922 562 847 354 779 575 504 
686 219 687 239 674 957 696 723 886 989 
420 722 881 522 951 774 749 246 953 19 
806 284 295 999 652 658 498 349 89 223 
598 913 110 399 654 124 569 528 693 64 
672 414 153 650 581 692 477 622 507 134 
853 996 484 80 568 361 385 224 136 748 
992 923 558 24 666 887 766 602 833 893 
205 313 661 573 486 848 503 101 441 713 
53 854 638 520 4 96 193 402 406 838 
724 312 802 273 323 452 764 367 584 926 
283 455 763 716 375 907 941 469 599 465 
403 114 411 218 454 17 291 500 770 84 
234 955 896 485 129 617 561 131 797 265 
728 81 321 928 311 215 279 730 267 464 
551 891 777 676 804 162 476 34 694 811 
149 990 166 440 961 803 38 527 255 436 
12 867 195 230 835 116 616 762 489 492 
765 574 462 940 757 609 908 688 371 200 
870 427 570 862 751 942 884 934 604 839 
139 68 549 669 226 580 320 668 997 170 
936 341 846 204 183 363 824 512 198 709 
888 95 220 971 426 165 592 711 243 822 
587 269 533 601 782 615 396 987 387 378 
30 212 605 364 249 245 309 304 600 145 
563 346 935 184 571 410 314 959 487 111 
197 790 629 102 813 591 137 517 104 231 
1 543 883 873 894 316 268 927 812 27 
788 975 643 963 310 660 511 653 750 671 
738 86 74 10 430 382 32 52 334 632 
542 447 589 685 214 15 453 785 540 825 
754 120 251 228 7 495 760 897 350 150 
700 306 900 637 519 882 18 262 300 515 
395 986 720 26 277 456 647 553 651 435 
58 417 404 734 483 282 657 702 271 729 
509 377 2 704 297 993 340 428 827 293 
186 144 126 141 433 449 815 739 872 280 
133 471 852 421 54 864 858 87 94 376 
876 37 303 415 956 944 834 348 330 969 
379 781 916 66 576 154 732 467 181 981 
826 819 48 459 229 413 938 424 335 8 
357 344 879 877 707 41 773 746 322 325 
681 113 861 359 924 830 107 564 451 461 
780 807 949 525 624 619 260 703 285 161 
998 208 978 875 405 217 912 962 582 79 
736 518 319 45 565 499 850 478 261 917 
278 429 895 55 351 365 115 3 656 353 
633 675 412 274 544 809 818 684 988 555 
639 237 78 559 698 425 572 796 758 775 
667 201 521 236 151 590 463 588 266 117 
391 59 209 733 105 706 878 712 586 431 
390 203 743 904 546 176 799 173 305 423 
982 326 627 157 663 871 400 817 977 914 
36 841 407 287 331 635 607 960 47 443 
516 28 621 708 903 554 40 906 384 337 
805 211 829 171 768 401 984 974 502 577 
538 644 596 185 119 719 967 529 793 552 
745 72 444 466 932 56 958 142 339 99 
995 902 240 232 457 210 909 662 597 438 
241 794 594 715 664 566 823 714 257 307 
23 595 242 771 432 343 767 560 159 253 
132 152 272 62 610 583 43 759 290 146 
753 393 787 83 75 21 332 678 761 857 
258 422 92 445 539 419 535 606 418 356 
496 256 737 163 91 35 855 659 93 103 
191 286 247 567 386 206 276 128 710 179 
88 398 106 625 946 147 537 347 473 479 
744 919 536 925 39 121 475 33 939 199 
784 51 680 943 458 259 450 202 929 636 
931 
