321
0 76 195 260 66 133 45 262 31 168 
8 70 311 122 212 198 11 190 119 175 
317 201 138 97 96 80 77 191 235 182 
1 239 315 151 241 78 111 200 293 20 
65 252 26 100 28 157 134 82 207 4 
298 32 272 193 196 19 301 304 68 67 
40 143 295 137 128 227 33 206 43 236 
253 217 279 228 245 42 50 131 149 162 
18 5 141 268 197 53 12 99 204 314 
49 299 136 265 209 60 114 7 214 23 
158 183 2 211 215 282 55 48 194 199 
130 146 232 118 277 174 286 221 184 289 
308 125 237 62 280 247 95 44 92 102 
72 74 309 123 58 25 219 150 148 270 
251 59 152 98 238 318 224 223 3 312 
86 38 267 284 320 71 101 159 316 41 
170 30 189 91 57 164 291 229 263 36 
261 107 305 248 281 14 147 178 110 135 
242 124 188 313 156 90 226 273 292 319 
132 166 93 75 218 222 243 249 255 89 
87 29 113 288 117 16 290 250 181 69 
220 94 64 302 121 161 233 154 106 51 
210 180 179 240 63 13 205 37 256 115 
120 35 34 167 10 271 285 187 22 163 
172 73 15 294 24 231 84 81 230 145 
27 126 225 139 79 257 6 21 171 153 
54 264 287 266 234 160 216 103 85 105 
127 17 46 52 296 108 155 269 306 165 
274 142 186 283 278 88 254 176 185 303 
300 173 276 116 307 9 177 140 47 109 
208 259 203 104 83 202 192 310 61 213 
144 39 275 246 297 129 169 112 244 258 
56 
