1001
0 894 92 878 666 577 898 406 955 919 
199 936 97 594 100 22 51 149 855 423 
759 974 973 325 530 840 560 519 697 456 
545 844 355 635 44 324 542 358 653 733 
883 247 494 340 997 14 23 563 400 75 
939 602 803 908 585 516 714 347 292 645 
469 374 830 7 581 298 681 927 732 17 
505 730 146 971 944 165 34 912 561 757 
512 122 319 773 227 564 497 68 800 487 
377 239 682 806 510 724 935 436 457 975 
153 378 31 917 859 161 126 155 294 94 
79 466 811 206 636 91 839 218 314 646 
301 843 661 207 421 615 748 509 712 999 
544 228 24 937 387 224 650 739 502 270 
959 808 396 66 988 219 225 964 685 858 
556 334 620 641 290 103 331 588 825 905 
578 538 525 433 586 771 570 308 943 8 
2 354 107 599 688 678 716 383 359 73 
552 417 138 465 604 942 683 793 32 296 
52 654 518 28 690 38 571 272 731 503 
201 962 390 175 241 517 287 33 81 258 
232 890 253 527 484 511 254 746 978 550 
372 310 579 297 90 662 776 628 405 102 
940 553 851 119 807 895 403 523 63 98 
945 963 302 438 950 617 638 170 394 407 
168 402 441 62 657 567 597 831 986 74 
824 389 450 113 480 277 720 205 76 424 
543 706 770 257 515 864 846 70 842 449 
506 56 445 870 547 576 498 313 984 463 
371 856 150 903 274 307 854 453 797 384 
309 231 729 779 244 481 364 847 788 735 
861 775 343 213 987 127 197 365 189 709 
474 758 684 278 528 766 58 286 676 621 
120 117 105 764 43 692 211 440 501 584 
339 40 376 612 541 478 140 763 164 818 
177 765 991 626 328 926 1000 351 460 686 
304 575 872 863 546 320 196 202 315 327 
881 341 280 397 880 675 813 710 871 398 
670 835 736 769 828 495 888 493 715 938 
643 222 80 649 805 178 368 477 747 336 
39 640 850 921 568 600 263 311 985 492 
335 187 741 673 826 823 667 655 687 19 
333 795 833 234 574 249 156 868 708 755 
425 471 312 970 6 276 431 86 637 625 
141 966 869 536 619 186 408 238 848 18 
490 956 902 182 104 907 809 591 820 143 
642 693 819 148 630 504 633 934 147 85 
135 291 167 605 16 26 968 410 916 427 
78 728 700 614 342 485 756 439 430 84 
283 323 45 473 948 772 246 862 910 914 
672 293 622 928 476 380 110 897 129 496 
401 726 933 288 101 486 899 470 792 886 
163 57 111 722 618 443 256 316 651 499 
957 799 998 705 900 216 180 295 212 21 
752 459 134 877 208 442 204 520 112 338 
151 611 248 42 434 671 784 472 680 982 
613 352 804 162 363 785 489 548 375 173 
500 373 329 88 362 711 360 624 995 721 
841 668 744 783 214 837 198 37 572 781 
20 873 47 330 243 125 514 701 740 55 
836 947 816 446 849 592 181 193 598 674 
399 648 152 262 876 952 176 447 983 977 
185 893 707 488 3 279 734 467 71 994 
885 369 415 385 209 915 972 608 965 698 
289 53 946 559 30 49 188 534 451 99 
817 300 827 237 762 930 829 468 428 317 
269 183 754 192 124 906 696 882 923 391 
634 993 121 822 647 89 953 65 874 422 
266 114 346 601 796 4 25 132 260 857 
589 845 852 95 521 639 458 656 194 717 
166 357 361 282 777 790 475 860 370 789 
483 54 115 144 725 593 379 157 435 949 
960 537 337 526 911 437 482 992 891 677 
61 694 123 305 133 36 195 801 259 284 
702 137 72 261 866 798 867 941 632 749 
136 345 223 695 699 557 191 454 558 768 
703 395 411 60 582 420 969 566 69 901 
606 321 719 691 551 533 491 229 810 924 
12 961 603 875 432 1 9 896 142 158 
531 786 751 255 951 727 629 366 774 131 
240 93 322 595 532 109 382 350 904 159 
393 760 834 507 59 932 275 414 958 41 
273 413 83 631 750 913 353 116 419 742 
761 412 230 583 596 154 46 344 452 967 
356 264 77 388 200 814 48 15 821 909 
29 5 426 738 508 367 233 268 444 609 
920 285 815 87 623 226 665 160 10 349 
203 404 587 529 184 745 416 326 794 569 
303 281 235 145 245 689 887 348 659 753 
513 922 669 704 455 743 562 780 996 664 
812 954 802 381 644 767 787 853 242 250 
215 989 251 210 879 236 306 723 108 979 
448 610 130 429 479 980 128 555 838 220 
461 190 918 865 778 172 118 549 627 573 
658 990 889 737 535 50 82 106 64 27 
409 580 679 616 13 179 418 540 332 139 
96 929 782 174 718 892 464 976 925 832 
981 524 11 713 590 565 265 931 386 35 
663 318 884 522 462 221 171 299 271 217 
791 660 252 652 392 539 169 554 267 607 
67 
