501
0 454 291 73 190 188 240 370 279 273 
152 74 296 251 246 418 461 398 214 138 
315 4 247 128 301 432 325 360 253 256 
133 189 314 459 111 142 392 169 187 384 
354 409 440 127 390 245 404 91 234 303 
180 334 356 262 348 162 239 394 305 104 
298 12 268 98 434 412 96 458 71 177 
423 144 357 89 333 410 407 397 403 468 
193 249 218 447 154 156 39 439 66 290 
441 350 217 10 137 489 242 13 232 164 
46 141 341 145 335 393 212 26 359 83 
115 185 179 237 316 109 146 349 487 123 
129 339 471 181 472 415 67 166 266 254 
131 103 47 143 466 3 437 340 299 270 
147 421 284 64 293 449 342 34 493 165 
313 50 194 413 306 484 192 231 125 463 
121 150 408 195 36 330 93 274 373 45 
320 324 351 241 82 345 157 417 431 210 
42 486 473 460 203 102 30 492 374 196 
372 17 476 326 297 171 497 161 63 174 
97 287 7 1 343 208 470 462 183 376 
368 108 112 302 248 37 402 321 90 233 
215 80 158 106 420 318 328 482 467 308 
361 416 136 399 219 184 167 15 443 435 
444 433 265 323 363 77 278 364 122 230 
55 52 445 40 283 198 14 72 475 362 
78 310 182 95 455 267 94 369 405 491 
483 178 209 481 149 366 117 386 395 385 
211 485 258 2 56 25 16 60 65 272 
120 223 216 110 153 148 173 275 199 87 
220 276 9 427 27 43 100 436 424 85 
229 134 317 227 490 494 58 264 377 388 
383 159 244 101 286 24 282 453 477 438 
200 277 236 255 235 22 346 126 446 44 
172 271 289 201 358 33 378 86 396 49 
406 28 76 307 355 213 54 168 352 391 
252 379 422 88 371 381 224 105 197 499 
322 18 6 260 309 464 75 151 344 312 
261 401 51 118 478 426 269 496 336 338 
124 114 205 132 382 84 295 139 119 8 
176 456 5 430 347 337 327 113 11 238 
221 79 411 331 353 288 387 429 228 414 
191 20 304 61 23 442 292 425 480 280 
99 465 389 375 222 140 498 495 263 243 
107 204 32 319 450 380 257 474 294 457 
469 116 206 69 170 452 428 62 57 155 
160 130 226 21 68 163 367 488 19 29 
448 365 500 186 250 400 92 202 31 311 
332 479 259 281 70 59 48 41 285 53 
419 451 300 207 81 175 329 135 38 225 
35 
