501
0 409 139 26 187 80 441 426 35 488 
36 346 133 372 381 416 481 175 155 307 
318 363 127 295 403 229 51 266 380 417 
190 71 6 432 58 195 137 196 4 411 
214 112 263 352 490 168 152 369 323 162 
420 356 472 18 321 291 436 459 358 326 
40 104 260 387 461 423 348 367 361 98 
359 396 376 212 483 271 69 365 391 43 
276 289 32 189 107 338 60 262 63 209 
332 54 106 485 213 434 406 424 184 101 
246 194 95 177 385 169 39 324 164 349 
259 319 304 25 460 394 222 143 120 217 
280 79 313 477 96 342 138 34 237 397 
65 116 281 178 52 76 375 22 231 444 
83 288 437 89 400 114 125 44 119 226 
150 21 422 42 75 141 357 145 47 474 
370 484 70 414 57 293 11 256 103 454 
62 451 337 61 413 446 118 225 176 151 
74 300 160 220 273 148 362 351 92 275 
93 84 235 111 283 479 239 13 156 439 
419 286 462 64 238 274 257 87 311 247 
470 464 227 301 469 465 149 55 333 388 
53 486 115 117 418 294 382 261 493 86 
130 285 473 364 456 157 33 339 330 77 
200 389 113 135 496 210 94 191 447 412 
215 309 167 494 269 445 182 165 284 421 
159 258 17 28 379 147 97 10 466 264 
354 242 110 186 3 347 131 341 431 489 
440 49 56 386 267 90 290 206 353 302 
73 327 78 476 179 88 153 218 129 72 
163 230 7 475 252 366 287 345 395 442 
336 66 198 12 41 383 492 180 428 181 
303 455 81 463 38 314 355 482 201 255 
498 254 123 335 136 450 193 204 265 279 
183 140 224 31 340 278 277 491 334 344 
2 27 322 16 410 205 373 350 192 37 
85 188 236 458 407 467 378 296 427 500 
320 272 377 249 241 67 402 408 102 298 
453 251 398 15 134 105 452 173 24 270 
211 312 82 197 325 91 329 208 468 306 
268 30 14 448 443 317 316 166 1 221 
109 497 243 9 305 233 59 174 245 250 
154 99 142 146 240 282 128 185 144 199 
392 478 122 331 223 433 292 499 429 390 
219 121 405 48 19 308 29 360 158 248 
161 393 430 172 100 449 68 315 8 5 
46 203 207 471 202 234 232 253 45 108 
343 425 170 435 328 438 244 415 368 384 
228 371 401 487 310 216 495 132 50 23 
374 480 297 20 171 124 399 126 457 299 
404 
