161
0 47 83 27 151 53 67 102 56 160 
8 110 57 48 81 155 13 74 79 11 
142 136 69 78 124 135 118 131 99 28 
4 104 152 154 66 88 5 145 43 139 
86 30 138 132 109 10 39 125 73 37 
117 7 19 94 97 72 87 137 93 134 
23 64 38 77 44 25 41 150 128 1 
6 36 54 26 15 16 76 60 70 59 
101 58 55 100 113 106 40 147 121 115 
50 144 143 114 17 149 153 116 51 105 
3 107 141 9 129 84 92 146 2 71 
89 63 159 119 103 61 95 68 96 65 
90 130 91 32 111 157 52 49 42 156 
35 12 123 62 34 108 21 75 148 140 
33 126 18 98 127 158 85 82 24 46 
122 120 31 45 80 112 20 133 22 14 
29 
