701
0 106 156 128 531 150 179 175 610 409 
181 173 331 330 258 674 467 365 357 420 
45 144 158 271 50 401 235 236 590 223 
666 418 427 501 195 563 605 662 394 471 
293 54 327 345 487 536 537 83 129 697 
208 622 593 174 254 457 108 339 366 450 
60 138 360 237 188 456 287 348 629 530 
196 53 251 433 214 565 207 681 18 114 
422 421 645 500 44 369 272 569 462 443 
451 689 653 247 686 260 552 252 402 685 
609 572 153 512 240 458 265 191 648 14 
612 489 308 559 463 454 135 385 219 578 
200 654 614 580 332 16 372 613 459 378 
370 636 361 517 383 49 248 567 455 663 
167 646 241 441 486 519 687 302 497 213 
227 628 275 294 371 619 268 397 6 367 
632 163 623 568 337 291 351 100 518 390 
1 413 228 278 263 141 121 249 436 673 
284 603 678 553 561 342 550 328 303 288 
4 220 644 334 333 71 192 218 25 176 
506 573 169 651 510 585 250 344 611 391 
586 269 698 285 24 545 127 187 99 261 
63 504 677 90 442 354 691 484 617 592 
621 544 616 280 669 583 675 656 281 557 
20 637 540 242 509 226 535 26 55 215 
157 33 543 113 155 267 245 523 91 80 
630 389 27 615 103 164 353 594 555 660 
415 148 115 110 69 274 488 492 117 234 
375 428 379 87 17 336 171 37 496 627 
93 92 64 68 74 373 440 642 295 624 
256 201 403 560 10 483 547 194 313 43 
551 478 140 362 532 432 688 62 684 491 
335 305 119 36 395 309 193 647 465 301 
511 304 151 426 479 505 314 23 591 690 
529 534 298 134 350 524 7 39 635 340 
358 670 468 683 38 527 386 439 51 21 
204 56 112 180 356 246 32 388 94 598 
470 290 576 417 414 82 203 324 434 676 
473 424 515 75 570 657 162 641 410 480 
312 425 626 323 84 633 541 399 638 655 
221 315 124 159 311 217 319 59 205 601 
133 318 338 253 105 398 329 307 57 310 
381 485 466 46 452 435 29 111 229 222 
73 289 183 672 376 539 693 469 347 97 
52 384 96 481 584 184 3 664 154 238 
608 136 232 70 665 178 521 5 139 296 
210 437 77 341 546 147 231 189 694 137 
35 472 165 542 461 185 464 118 661 639 
525 538 640 514 649 587 449 279 597 145 
177 239 120 85 30 363 526 581 255 659 
282 516 430 446 48 507 216 15 243 166 
588 317 595 58 266 125 392 650 40 81 
429 89 172 522 286 146 233 582 577 300 
520 652 596 212 604 292 325 116 343 130 
423 168 431 31 76 259 161 95 575 186 
149 643 355 404 460 416 564 490 411 699 
264 493 475 700 273 109 571 2 396 574 
528 558 696 123 600 406 412 494 34 548 
122 88 349 262 67 72 211 299 671 444 
101 316 13 209 374 61 554 499 131 658 
160 22 377 447 28 142 198 132 445 78 
368 182 589 482 408 380 508 477 620 667 
533 322 199 382 631 11 41 625 12 107 
98 602 680 321 170 606 393 405 695 202 
692 206 607 225 277 197 599 152 276 562 
257 448 346 364 65 556 400 126 320 502 
42 503 47 419 86 407 244 668 297 283 
104 679 143 230 270 79 9 306 102 190 
682 8 474 476 513 549 352 498 634 579 
66 618 326 438 224 387 19 359 453 566 
495 
