1001
0 898 254 9 756 727 555 476 156 43 
663 183 621 585 291 601 580 299 889 901 
570 613 545 724 421 267 909 313 449 362 
606 774 925 328 991 7 732 179 1 865 
848 470 105 999 620 245 605 404 188 908 
205 544 697 44 775 360 1000 176 680 463 
887 395 611 376 81 352 693 763 165 473 
236 603 478 208 987 348 265 29 576 235 
227 374 721 661 979 384 741 483 225 298 
501 170 678 479 3 666 20 506 234 66 
910 440 477 403 714 546 974 787 110 417 
67 822 237 691 203 397 754 525 52 27 
482 336 872 518 353 648 916 51 875 681 
383 365 740 159 287 382 491 920 789 212 
379 572 351 466 692 896 919 416 90 111 
26 263 41 790 181 649 346 823 784 38 
465 590 445 405 45 13 539 437 469 970 
883 928 331 552 369 687 189 676 533 826 
202 814 174 642 708 441 268 782 904 281 
654 921 771 888 535 294 22 310 133 306 
272 180 2 542 327 190 224 496 550 556 
602 112 578 586 279 675 863 407 99 612 
980 497 460 773 342 914 264 820 847 712 
458 94 891 25 645 869 762 935 73 373 
759 78 852 793 337 769 945 419 728 722 
639 531 24 834 261 359 885 160 903 604 
338 951 726 330 597 462 42 757 770 485 
911 591 232 127 144 984 536 87 494 61 
709 670 630 391 573 698 755 136 185 524 
138 746 223 453 113 187 893 854 608 12 
63 657 736 864 588 968 399 734 990 912 
304 583 182 161 943 258 367 434 744 902 
186 108 193 209 868 394 95 794 220 457 
750 824 942 50 409 371 83 748 723 508 
8 414 607 507 658 242 527 969 155 398 
747 259 952 121 730 682 221 983 625 368 
91 192 962 971 312 622 871 339 650 447 
251 946 549 571 386 924 917 961 941 996 
978 422 995 845 16 408 679 529 361 801 
703 797 840 452 738 785 511 615 574 881 
831 194 884 617 716 341 772 839 742 36 
758 537 321 733 158 783 652 664 315 117 
222 929 551 581 54 897 370 749 788 431 
288 751 240 366 986 481 752 130 510 345 
515 718 953 103 308 596 637 695 93 877 
595 568 39 933 301 329 958 890 514 140 
828 989 940 247 700 253 200 800 694 487 
148 944 293 123 493 459 672 673 811 474 
464 57 616 435 21 335 567 71 286 719 
164 923 423 433 674 451 30 102 866 429 
512 380 143 58 343 849 798 566 819 226 
282 786 931 364 472 519 538 753 982 256 
334 513 238 480 660 456 297 808 82 876 
836 492 141 275 215 430 862 563 126 249 
132 484 415 715 880 975 48 564 686 792 
729 949 300 671 356 47 96 838 600 284 
521 77 992 688 523 960 147 857 393 488 
106 643 199 257 271 589 319 355 659 124 
829 644 833 347 668 850 35 168 375 295 
540 426 198 266 219 381 307 967 516 84 
486 218 503 997 378 827 424 333 131 994 
702 142 981 446 629 737 628 412 273 799 
796 86 830 305 163 289 388 250 55 882 
520 955 471 618 400 195 425 532 791 270 
151 244 149 964 230 392 631 874 145 231 
579 812 895 689 859 806 624 442 88 107 
314 815 402 656 860 461 632 592 152 853 
610 988 706 413 28 856 276 926 184 667 
553 626 372 14 228 707 776 80 134 972 
171 959 167 332 627 349 598 49 432 175 
745 558 683 915 197 711 665 448 713 821 
500 396 489 619 690 878 966 280 640 879 
33 956 326 930 201 60 894 74 438 633 
214 582 411 436 900 239 795 350 248 128 
906 810 998 886 34 855 76 528 210 731 
861 72 358 302 444 357 296 318 59 317 
936 725 309 765 32 993 122 475 62 104 
562 252 324 653 278 760 69 717 206 957 
92 899 932 499 976 641 178 557 530 15 
455 191 4 662 56 498 285 354 17 541 
115 743 5 569 502 913 835 316 269 79 
977 927 696 780 85 841 274 450 490 6 
805 739 97 575 614 526 173 120 401 809 
323 139 101 950 406 973 938 584 150 292 
443 818 260 509 647 778 635 905 677 842 
23 31 495 114 428 548 587 11 129 363 
196 166 543 283 870 277 340 594 137 125 
565 720 118 98 89 832 593 211 701 427 
65 963 290 735 467 766 322 303 157 843 
153 947 636 262 873 40 241 699 325 68 
390 685 803 213 204 825 534 767 504 761 
710 18 64 638 70 311 779 233 243 577 
255 705 19 634 320 817 439 892 965 781 
768 813 851 547 344 46 505 468 918 554 
669 389 109 387 177 385 154 377 216 846 
162 522 559 146 807 777 907 100 207 418 
651 867 764 858 816 704 454 985 948 954 
922 655 599 609 517 169 684 217 410 37 
623 172 229 844 937 939 837 934 119 116 
420 135 53 75 646 560 561 246 804 802 
10 
