1001
0 206 372 624 114 431 589 30 833 996 
604 530 189 864 512 424 616 853 419 444 
888 410 509 857 461 267 685 490 644 364 
976 176 89 136 25 918 482 878 216 492 
806 362 885 239 999 871 476 149 634 682 
430 330 11 795 767 26 43 689 880 489 
898 811 286 798 732 546 637 683 147 955 
382 15 163 80 962 770 812 907 217 632 
523 142 984 679 707 709 514 67 491 662 
619 563 21 455 9 183 181 185 115 761 
914 672 352 74 939 531 272 398 675 273 
427 997 573 705 881 750 627 760 929 356 
478 739 854 472 850 334 944 285 852 867 
722 784 111 442 458 532 948 856 809 128 
733 602 36 313 481 68 858 292 127 493 
646 515 775 145 182 548 911 642 927 912 
661 255 995 87 79 690 414 374 630 49 
375 376 557 222 983 243 3 592 354 571 
873 70 8 625 474 194 51 843 756 59 
916 635 467 828 900 363 130 706 244 904 
300 101 367 208 456 522 988 717 804 113 
503 212 537 97 643 787 517 851 443 598 
404 771 875 135 845 416 310 650 138 402 
815 848 281 433 649 935 338 581 477 677 
714 678 687 595 234 263 800 141 156 915 
645 801 758 631 83 841 934 329 386 932 
100 186 84 73 959 224 252 765 104 578 
237 383 465 301 928 774 236 475 202 615 
16 225 370 170 5 552 77 941 879 144 
818 452 998 167 380 825 702 331 344 791 
695 768 521 728 391 861 919 716 10 350 
582 723 448 33 396 620 926 71 583 718 
590 293 960 906 19 882 691 275 169 778 
162 872 545 188 712 92 62 985 703 599 
42 401 936 159 654 698 434 123 793 886 
840 527 710 107 681 446 52 805 435 361 
65 954 421 520 540 432 964 921 37 14 
426 359 641 525 542 969 526 471 519 668 
674 790 295 700 428 178 6 989 510 449 
498 669 348 137 741 192 541 148 307 319 
360 909 933 132 205 666 982 72 501 754 
496 154 550 64 197 140 950 368 251 617 
893 420 763 179 802 254 345 50 213 821 
827 917 975 85 385 777 686 453 495 392 
439 543 877 764 832 112 246 164 963 865 
109 757 366 268 977 740 869 78 106 580 
245 849 931 389 817 241 974 901 60 460 
91 574 395 680 862 384 497 884 76 513 
280 738 403 836 508 887 987 1 788 223 
405 283 13 473 608 993 304 499 922 949 
378 657 436 298 417 253 814 638 894 516 
302 749 201 122 35 585 45 746 1000 323 
971 56 235 124 294 150 269 967 953 17 
952 451 129 379 425 606 766 555 58 66 
660 175 751 61 579 994 153 576 655 195 
992 152 569 262 591 191 190 847 173 544 
155 250 318 320 957 920 735 730 468 506 
902 39 796 38 972 870 143 146 721 133 
942 340 94 688 315 233 692 834 337 256 
393 813 671 20 570 991 168 783 639 228 
863 341 297 422 63 210 663 53 55 277 
7 708 981 938 781 312 438 896 469 116 
46 903 500 261 575 203 287 529 568 694 
369 986 90 720 930 409 951 406 502 979 
343 232 726 742 441 264 725 797 554 744 
866 276 868 837 377 335 937 57 423 786 
946 807 586 407 696 715 27 41 47 332 
810 161 603 96 257 518 118 747 640 160 
664 549 231 961 673 487 336 289 830 199 
278 247 28 103 184 311 324 560 729 172 
322 633 399 895 923 607 629 752 713 528 
180 899 177 480 347 958 316 835 697 572 
561 626 296 727 387 842 308 600 134 339 
249 349 200 75 279 282 622 534 556 450 
823 291 2 81 483 110 892 794 353 978 
325 623 171 667 187 238 776 905 242 762 
454 365 198 95 226 464 613 333 18 844 
651 924 874 670 40 437 321 342 88 724 
105 704 889 822 759 31 693 908 260 373 
4 614 102 193 511 48 125 551 970 839 
855 117 535 299 701 259 328 968 965 166 
524 792 772 266 54 174 594 120 418 494 
485 719 711 824 621 736 588 229 945 394 
826 699 209 831 126 891 860 486 820 648 
816 139 808 82 204 769 284 562 587 628 
457 220 196 462 358 753 274 290 610 593 
910 357 415 157 838 309 596 412 271 653 
108 288 533 779 440 913 211 445 539 327 
98 314 676 737 207 505 990 755 731 317 
158 611 346 947 819 429 876 326 897 559 
538 459 846 748 447 230 413 504 507 605 
577 408 665 69 23 22 973 780 305 597 
743 479 773 940 652 647 789 558 390 463 
381 303 248 943 859 265 466 411 484 306 
488 121 658 883 684 536 609 566 32 34 
270 636 388 659 351 925 258 219 553 734 
240 355 400 584 218 93 785 214 24 119 
221 29 86 131 612 397 44 470 745 980 
803 564 799 567 547 601 215 956 782 890 
371 565 618 227 656 12 151 829 966 99 
165 
