251
0 88 168 95 48 87 89 207 240 39 
156 102 38 232 226 29 217 211 195 200 
159 197 83 225 118 24 90 218 158 15 
117 233 138 54 127 191 18 115 67 108 
94 7 182 20 172 44 103 203 152 146 
106 25 181 176 112 148 116 239 16 164 
120 32 187 135 177 111 230 223 63 247 
140 19 147 46 154 142 249 1 192 219 
13 234 196 52 101 57 23 47 242 123 
153 216 64 241 110 35 3 73 104 145 
209 174 222 215 189 8 36 72 14 244 
74 227 190 61 151 125 237 31 99 11 
79 70 175 12 236 28 71 193 37 122 
53 93 2 161 162 22 185 131 204 186 
214 184 55 166 58 155 210 9 238 85 
59 107 194 30 78 212 126 173 10 133 
167 165 92 100 206 208 60 17 199 198 
96 45 248 220 75 62 4 21 50 113 
80 69 250 202 157 105 49 180 188 128 
132 137 43 183 97 171 51 141 134 6 
170 144 231 169 229 84 224 119 56 228 
121 82 68 124 81 65 130 221 243 86 
40 160 246 33 143 178 114 76 136 245 
26 139 5 149 42 179 109 77 205 98 
150 41 235 163 34 66 27 213 91 201 
129 
