251
0 221 46 244 81 125 49 62 195 247 
165 90 17 77 60 39 23 175 133 140 
213 217 203 105 131 210 93 218 79 237 
70 116 138 245 219 172 73 121 202 54 
205 146 63 35 204 34 168 65 52 216 
31 48 96 173 1 14 126 124 117 5 
40 51 192 250 211 201 171 98 19 76 
6 16 99 42 82 102 113 120 236 149 
87 223 191 155 239 150 142 209 132 137 
246 68 238 154 127 160 227 69 128 45 
235 152 136 170 240 71 8 43 47 187 
20 182 185 157 135 159 130 141 27 61 
11 228 153 78 53 111 234 7 26 189 
12 144 193 178 92 174 107 37 232 163 
36 85 134 22 118 112 80 28 147 212 
110 41 197 199 72 29 74 38 97 242 
30 103 222 129 177 95 108 139 122 215 
9 214 156 188 18 56 106 91 89 169 
220 109 229 208 248 148 183 184 84 104 
162 224 200 114 123 83 67 101 196 64 
166 207 161 94 190 225 186 206 24 21 
164 145 119 181 15 176 13 3 33 86 
25 88 158 230 75 100 32 233 59 241 
55 2 167 10 143 115 198 226 66 4 
44 179 231 180 50 151 58 57 194 243 
249 
