161
0 108 155 117 128 100 98 157 62 96 
119 25 38 10 15 17 67 151 112 32 
68 50 115 12 140 36 60 73 57 148 
79 132 106 143 84 88 23 158 69 118 
109 13 126 90 61 64 56 141 76 39 
41 58 81 122 8 71 45 123 154 107 
113 70 33 104 86 47 37 116 105 29 
83 114 101 44 14 48 46 103 99 42 
65 4 28 152 74 3 153 30 27 49 
59 72 121 156 35 147 80 129 146 150 
66 159 78 110 40 85 135 138 92 95 
1 54 19 75 94 139 111 87 55 21 
144 31 52 137 6 22 20 145 125 43 
124 91 160 26 120 89 9 63 149 7 
11 18 136 51 16 82 53 102 24 134 
34 5 130 142 133 127 131 2 77 97 
93 
