251
0 243 120 88 75 117 111 212 193 174 
92 229 203 239 220 64 69 2 211 5 
224 127 141 13 217 128 80 59 147 38 
232 159 218 139 145 146 41 180 123 84 
52 184 215 188 154 99 14 104 227 195 
100 248 115 223 46 85 76 74 235 53 
110 183 27 208 83 204 158 192 126 165 
157 39 240 133 33 122 60 125 155 91 
37 93 3 11 65 148 151 21 12 196 
194 213 44 121 172 81 10 89 246 207 
169 222 90 63 56 116 107 153 228 197 
129 205 247 48 181 6 112 114 97 171 
163 245 36 164 28 17 73 96 152 250 
82 161 210 103 186 242 86 134 143 71 
234 18 35 124 175 130 200 168 119 49 
72 78 167 136 231 173 238 87 140 57 
47 131 62 178 113 225 19 135 219 221 
40 241 23 4 8 137 166 189 24 68 
77 201 237 101 54 118 160 42 50 102 
61 187 20 79 26 214 236 94 106 16 
170 209 162 45 182 15 156 199 149 29 
1 176 67 191 70 206 233 226 190 7 
22 98 58 51 150 108 132 216 198 185 
55 177 230 138 144 9 179 142 249 34 
244 105 66 31 32 109 202 95 43 30 
25 
