501
0 114 288 461 432 46 70 399 65 200 
205 379 169 95 188 58 417 154 17 353 
331 274 489 456 228 407 88 363 371 253 
125 358 236 472 59 327 220 283 229 11 
127 276 129 64 365 225 395 287 473 455 
250 60 141 196 477 149 292 68 430 333 
153 271 445 80 332 375 83 490 92 32 
483 40 34 448 6 182 270 219 199 186 
476 389 374 342 257 97 267 329 255 35 
222 130 23 301 195 293 277 185 7 315 
209 52 337 106 355 392 345 14 252 492 
128 463 239 402 121 77 479 101 486 217 
282 148 262 498 457 57 159 147 15 302 
406 481 422 172 5 18 266 471 124 429 
227 158 369 247 443 38 162 63 178 33 
372 156 226 180 260 192 103 322 10 370 
279 119 206 120 62 72 167 500 25 464 
401 414 339 467 136 67 303 118 183 173 
398 26 116 211 338 434 21 3 98 41 
278 384 165 99 427 321 482 491 352 330 
318 161 146 176 91 425 391 216 419 428 
145 362 499 240 232 336 86 134 111 93 
272 368 442 261 343 231 75 484 22 246 
320 193 144 131 84 164 385 480 328 265 
468 242 115 28 194 409 215 390 396 96 
294 397 361 309 140 275 50 30 325 366 
237 441 76 438 431 310 388 494 280 340 
51 71 334 411 241 212 400 87 359 55 
488 256 2 298 258 300 313 138 44 56 
367 475 135 437 403 19 108 248 166 485 
453 316 235 73 171 299 221 9 155 214 
151 78 289 286 281 234 107 31 452 459 
418 295 12 354 319 197 380 377 465 251 
450 404 413 74 104 175 94 126 69 198 
27 132 208 24 13 47 344 85 314 306 
290 177 16 184 420 150 42 1 447 223 
102 139 160 89 415 174 386 112 324 90 
458 122 410 213 350 113 157 393 224 259 
152 296 349 142 323 435 364 351 478 421 
181 210 449 43 82 204 117 244 48 454 
373 190 308 53 416 312 341 440 264 326 
466 110 254 436 54 37 218 474 469 263 
451 360 423 36 66 335 143 412 109 29 
4 179 439 249 470 493 357 268 203 163 
297 79 207 346 408 348 444 424 433 233 
291 45 496 383 405 49 269 376 39 460 
495 168 487 191 356 382 201 137 311 245 
8 305 123 170 446 243 378 100 187 20 
497 462 230 347 285 307 394 189 81 426 
202 273 238 317 133 105 381 61 284 387 
304 
