501
0 162 470 298 74 445 203 443 201 240 
401 209 158 223 77 480 210 264 190 495 
343 286 194 236 197 393 408 258 14 497 
79 200 320 101 25 228 23 435 69 467 
231 4 297 362 417 279 313 282 484 275 
139 97 372 404 239 184 30 327 125 7 
26 302 103 38 307 335 424 477 455 204 
255 202 347 178 76 303 90 355 325 218 
65 24 391 235 414 396 351 319 13 42 
33 452 450 419 380 226 353 340 67 427 
176 96 227 130 183 368 145 374 159 83 
22 117 341 263 262 104 421 407 37 299 
205 73 232 496 185 402 80 371 334 137 
214 141 211 146 388 323 157 29 311 53 
384 20 390 238 460 354 10 64 248 461 
2 224 304 385 466 266 361 418 71 91 
191 129 324 234 415 221 147 192 245 150 
99 92 430 395 329 165 454 360 6 429 
257 17 217 58 161 315 478 400 44 481 
290 349 318 423 1 283 40 55 243 149 
441 476 432 492 256 474 433 63 8 440 
43 314 31 219 271 328 143 296 305 412 
444 89 66 163 403 115 242 337 215 167 
107 39 113 244 198 406 154 140 284 464 
252 85 181 136 357 485 12 449 233 265 
306 469 269 486 288 356 179 425 291 463 
196 416 208 135 174 332 270 35 56 260 
98 187 370 49 367 383 339 186 119 249 
321 189 250 155 285 322 399 36 289 326 
276 488 156 62 132 434 386 437 172 93 
16 273 348 206 123 483 366 68 336 142 
259 394 316 436 106 94 170 471 34 82 
173 475 272 281 182 317 253 108 207 301 
364 422 144 331 411 251 110 193 88 50 
220 175 490 333 72 112 188 465 278 11 
439 456 111 377 60 105 222 472 164 473 
27 138 45 346 171 431 48 81 229 448 
5 21 241 120 15 489 365 52 447 41 
344 426 438 494 70 180 122 78 389 280 
309 409 100 420 225 292 216 230 468 126 
498 128 57 195 247 86 446 350 428 387 
453 398 330 114 213 479 152 160 54 133 
458 312 310 482 293 169 274 127 75 199 
121 151 376 124 9 18 493 373 345 212 
109 379 295 166 375 46 267 342 413 131 
19 168 369 487 300 499 358 95 457 338 
405 277 462 237 378 47 442 116 410 177 
134 500 491 392 28 363 59 287 359 102 
148 397 459 308 84 87 153 381 294 261 
382 254 268 118 32 352 3 451 51 61 
246 
