501
0 413 226 440 121 302 334 83 133 250 
271 438 451 283 161 289 453 287 46 428 
277 430 252 491 243 340 111 375 210 186 
8 117 279 85 257 190 362 105 240 171 
307 318 455 397 50 484 150 214 349 452 
39 437 409 320 127 469 444 473 164 414 
200 205 17 246 259 449 262 319 476 496 
284 481 238 495 194 22 466 34 436 31 
373 170 181 493 389 59 4 421 461 166 
148 403 15 365 371 123 420 182 195 489 
54 254 321 339 96 65 157 152 89 343 
70 300 426 374 235 14 497 71 296 384 
169 477 103 10 288 75 400 176 255 118 
211 278 155 293 185 372 73 406 441 265 
219 405 53 217 74 480 457 55 193 188 
314 335 447 379 273 19 354 220 499 45 
341 102 81 367 23 348 312 178 459 20 
290 357 423 104 93 112 216 358 98 407 
2 28 92 239 180 78 6 58 242 30 
149 212 130 77 402 207 282 327 377 295 
234 122 299 108 41 468 13 454 24 260 
247 12 33 364 42 429 388 136 114 475 
408 29 126 230 196 350 80 490 474 140 
66 463 163 109 36 202 398 470 298 432 
141 418 464 309 471 325 266 275 162 353 
417 172 311 304 310 331 222 48 49 424 
378 37 154 306 107 330 346 500 494 324 
387 347 467 412 268 142 88 351 336 128 
174 135 401 228 427 328 206 137 267 110 
380 329 147 124 224 323 57 498 393 385 
61 248 184 241 419 233 483 360 264 337 
359 361 101 297 156 208 159 94 100 434 
411 308 26 9 125 201 285 63 280 458 
232 344 292 60 115 227 352 204 485 3 
175 95 431 465 25 35 215 138 381 396 
79 82 261 291 120 442 366 199 368 198 
460 263 153 338 251 236 91 394 16 97 
313 488 231 258 274 106 410 165 342 487 
134 84 116 229 7 450 197 99 270 72 
363 356 435 1 446 386 462 390 32 21 
294 492 478 433 392 333 422 168 151 129 
370 486 269 40 244 47 376 183 316 369 
76 173 439 399 69 479 272 67 27 456 
86 445 158 139 355 191 177 113 209 179 
221 425 223 160 192 167 391 203 383 237 
416 448 132 315 281 225 64 253 18 43 
62 256 145 87 143 245 44 38 189 395 
322 52 144 68 303 276 187 382 443 286 
345 301 482 332 146 213 218 56 249 404 
5 131 51 119 305 11 317 90 326 472 
415 
