251
0 247 148 219 210 199 225 214 222 143 
245 104 112 198 216 242 138 121 54 13 
44 78 237 150 28 48 23 114 172 61 
124 5 206 205 132 243 136 113 131 168 
239 236 201 7 207 102 194 144 81 203 
164 235 250 223 211 22 75 213 11 6 
95 46 152 190 56 228 178 110 2 17 
52 35 248 32 21 59 177 212 37 49 
74 69 39 193 140 180 134 233 141 171 
159 122 135 38 139 34 187 120 161 67 
196 92 90 215 231 53 82 26 156 85 
226 68 65 47 232 208 142 27 89 73 
221 123 234 244 200 63 42 16 12 197 
170 96 99 160 40 100 36 155 127 147 
162 51 77 116 119 227 115 117 151 209 
185 15 167 183 72 137 107 55 93 45 
128 146 166 86 192 1 246 249 154 153 
83 108 202 184 41 87 158 111 181 182 
189 58 169 60 174 224 98 176 195 80 
218 106 31 43 62 105 3 9 133 64 
29 229 18 188 10 126 149 157 130 97 
57 94 191 50 70 25 217 84 19 179 
101 76 103 20 230 175 24 173 145 8 
4 163 33 240 91 71 220 129 66 30 
88 241 14 125 204 118 186 109 79 165 
238 
