501
0 396 304 204 408 377 69 297 366 400 
64 444 193 487 21 473 13 85 246 192 
242 236 288 429 441 177 1 87 22 369 
222 259 144 328 330 324 340 257 168 310 
218 492 491 110 27 24 201 247 404 89 
309 102 37 197 284 410 57 16 275 12 
125 286 354 17 79 5 195 95 414 2 
453 313 405 425 395 486 126 438 91 55 
250 129 379 290 117 170 96 289 145 226 
343 448 127 171 428 261 187 418 255 333 
412 183 293 329 424 308 233 160 273 466 
61 262 150 4 225 178 349 477 363 45 
15 344 203 498 123 211 427 7 364 118 
90 254 165 245 66 210 228 374 10 59 
6 385 459 140 419 72 265 138 397 454 
174 469 383 392 184 157 389 323 460 337 
191 29 38 367 436 115 378 158 355 270 
153 336 146 345 287 114 19 209 172 253 
320 432 381 30 326 450 263 33 302 482 
23 312 277 295 94 387 76 467 335 68 
149 161 49 464 430 350 186 365 176 78 
25 291 248 445 232 48 258 370 156 9 
132 452 298 406 46 474 372 134 35 472 
353 84 416 112 417 135 42 388 488 338 
368 299 442 60 317 272 28 133 185 217 
362 212 74 92 179 73 239 357 403 58 
131 122 47 306 75 8 151 267 351 382 
278 325 62 137 229 394 181 494 173 240 
360 180 214 481 420 93 216 154 316 321 
97 390 303 196 346 53 269 63 86 256 
300 234 36 483 139 249 141 103 101 434 
113 411 282 384 485 189 164 294 51 499 
241 356 221 279 83 264 223 14 3 105 
44 175 296 471 493 305 252 307 198 98 
352 399 159 280 82 80 358 227 106 462 
292 375 188 409 490 393 449 266 121 128 
334 100 230 152 319 268 496 143 274 359 
426 456 199 339 166 43 20 213 26 318 
422 447 224 215 77 208 489 479 458 402 
124 169 155 238 108 461 380 31 476 136 
52 54 285 130 194 147 470 237 322 276 
497 440 401 331 446 107 34 111 327 11 
373 439 463 386 207 40 71 99 361 376 
423 391 120 148 88 301 347 342 455 341 
431 478 311 314 407 32 468 475 437 251 
202 433 271 67 167 219 50 109 495 457 
162 220 81 231 281 421 260 163 205 235 
70 443 41 116 315 119 142 332 39 480 
104 190 182 413 243 465 348 398 56 244 
371 435 283 451 200 206 18 415 500 484 
65 
