501
0 153 385 33 68 52 111 123 246 191 
155 369 352 476 400 108 157 308 426 354 
455 249 405 411 66 314 329 203 76 261 
395 491 151 31 334 315 463 97 29 9 
398 321 92 386 377 371 137 5 50 60 
360 223 408 448 478 63 112 456 15 61 
276 116 399 443 180 35 152 161 310 70 
135 120 272 378 427 421 22 343 342 331 
119 69 118 89 170 176 171 416 27 424 
237 212 166 392 260 167 285 74 291 149 
205 247 292 173 220 216 495 462 187 30 
250 85 306 268 407 201 363 373 57 3 
239 286 423 21 370 441 356 20 404 492 
428 473 172 303 341 193 293 357 253 277 
469 317 396 67 471 258 297 88 79 183 
200 273 311 280 484 210 48 266 144 467 
192 295 121 134 215 217 454 186 184 439 
32 335 218 226 78 489 130 265 225 224 
255 222 45 328 126 47 100 228 468 128 
154 71 479 461 150 10 84 429 287 175 
477 14 420 460 221 267 6 324 264 442 
322 98 80 16 243 101 337 113 4 275 
72 43 281 470 350 106 339 436 401 229 
177 41 240 283 142 148 338 382 188 430 
59 196 26 279 305 11 498 164 136 403 
348 368 330 304 326 318 62 466 86 28 
289 376 230 2 320 82 125 402 232 410 
307 458 117 75 406 269 91 364 299 12 
49 219 365 145 485 38 301 18 115 497 
95 309 278 209 288 197 168 453 189 87 
56 103 241 327 99 13 165 251 174 185 
93 24 325 51 465 381 298 132 284 271 
432 366 332 199 138 19 257 102 493 351 
452 372 40 313 353 140 447 105 94 319 
345 46 96 158 367 344 39 259 7 65 
25 349 81 450 383 256 282 146 459 131 
302 440 133 417 124 496 486 36 122 422 
274 227 394 182 472 208 323 235 181 1 
242 211 380 90 425 252 270 245 244 355 
23 418 34 347 312 435 359 234 494 483 
53 163 17 42 415 54 233 362 336 387 
198 389 482 449 204 346 294 156 162 374 
147 248 254 159 236 58 107 451 434 169 
141 296 77 206 445 474 361 114 412 340 
300 391 139 179 499 109 409 444 207 64 
238 475 437 262 202 446 83 129 488 127 
487 419 388 433 358 290 231 464 8 316 
393 500 263 413 457 37 397 390 431 195 
55 178 190 480 160 333 384 379 143 104 
481 214 110 375 44 414 438 490 194 73 
213 
