501
0 480 308 326 27 287 358 209 427 182 
325 221 317 87 19 200 115 499 5 408 
312 180 134 450 330 226 472 469 12 407 
399 20 362 278 84 131 15 3 446 48 
42 144 437 264 68 440 372 81 350 489 
375 191 148 257 162 38 39 288 174 70 
187 478 110 309 474 238 128 86 370 421 
23 196 165 420 83 122 319 299 82 153 
435 129 266 331 11 470 383 425 24 78 
147 34 285 61 97 268 354 324 348 73 
382 30 436 459 345 118 270 484 106 123 
183 127 321 178 280 157 335 29 254 398 
241 391 419 342 245 47 22 231 258 133 
1 202 207 387 377 76 85 438 423 486 
363 498 167 107 142 333 289 352 341 6 
487 45 488 169 163 46 263 208 433 159 
286 60 161 346 265 223 43 224 405 255 
222 463 124 63 65 113 194 55 396 402 
190 248 138 136 384 217 8 336 89 380 
214 453 471 234 307 186 252 323 495 413 
357 351 120 242 359 441 442 56 49 99 
368 460 119 430 25 28 166 473 58 88 
184 112 4 26 448 493 393 415 300 282 
316 67 481 154 401 452 416 475 121 91 
195 269 235 454 340 492 230 16 412 228 
276 466 59 74 62 456 149 175 139 170 
164 193 353 177 36 102 329 360 434 210 
428 392 135 229 490 367 50 293 94 155 
31 96 201 199 259 156 247 105 203 236 
311 301 2 328 198 497 225 432 281 411 
338 390 458 66 361 79 292 227 464 109 
146 465 295 404 69 426 366 373 151 211 
273 477 145 18 451 344 374 462 216 447 
277 192 349 364 13 386 343 400 439 125 
232 116 389 17 140 294 98 246 181 137 
388 279 310 160 445 275 158 220 455 403 
394 376 371 395 197 168 150 385 422 327 
337 260 449 306 108 132 189 72 291 243 
103 10 171 114 356 355 117 40 212 7 
284 53 491 188 213 80 274 283 143 218 
240 51 318 339 468 457 185 410 95 77 
483 152 443 90 126 482 334 41 479 253 
251 21 296 461 378 64 313 33 485 71 
431 204 261 409 297 429 141 369 406 93 
233 176 101 305 75 173 44 494 14 302 
206 9 92 397 271 314 290 332 322 381 
37 262 130 418 315 303 500 267 179 237 
205 379 298 256 467 304 244 424 365 172 
32 476 111 35 444 219 100 249 496 347 
57 320 215 272 250 417 52 414 104 54 
239 
