501
0 131 163 219 458 160 379 498 253 262 
297 154 83 348 330 433 462 365 230 470 
168 284 216 303 375 439 468 106 353 456 
118 196 23 141 81 215 407 218 487 74 
171 223 165 102 227 473 36 95 289 191 
336 426 97 357 228 203 144 335 296 212 
187 5 355 368 362 251 269 199 338 142 
229 264 393 377 107 244 454 441 151 127 
474 418 162 475 105 274 391 139 304 271 
116 394 202 435 285 207 178 134 210 193 
148 417 31 170 452 156 157 327 291 378 
38 270 461 491 166 283 87 352 8 428 
69 88 430 48 180 308 231 71 136 55 
300 258 385 234 184 217 343 358 409 238 
414 236 415 181 252 328 307 77 361 100 
344 91 111 67 72 293 132 30 445 59 
397 451 287 302 482 324 179 201 342 254 
321 286 129 396 434 331 443 351 185 122 
467 413 85 401 99 383 183 26 135 237 
149 128 54 356 93 384 484 496 32 380 
448 320 490 488 125 345 370 104 4 494 
96 319 315 117 248 442 224 471 350 403 
43 425 432 463 332 366 147 173 9 137 
314 323 35 19 280 301 421 78 22 455 
477 80 259 423 255 372 112 182 402 109 
239 158 44 225 6 305 214 124 34 123 
398 226 408 440 190 419 84 18 240 436 
497 480 245 485 98 374 406 198 146 412 
7 311 265 79 220 221 110 119 489 316 
235 64 200 329 189 47 266 363 29 2 
453 40 186 404 260 133 56 62 318 86 
298 420 45 82 263 479 326 364 354 232 
68 37 73 140 267 90 290 460 194 447 
367 177 192 39 176 188 457 493 138 444 
172 325 155 256 16 25 459 499 247 52 
492 174 277 241 466 422 359 360 33 371 
211 478 17 164 12 405 10 437 143 120 
113 275 472 15 161 446 261 213 340 438 
208 416 145 204 257 309 65 400 424 61 
337 268 392 152 14 399 130 76 310 279 
464 294 51 429 89 57 246 167 395 209 
387 66 41 233 3 175 313 101 24 28 
299 92 282 250 486 273 115 150 390 1 
386 249 11 334 411 288 465 75 349 206 
27 469 495 339 159 53 153 50 476 276 
63 108 373 70 381 278 60 312 450 126 
195 58 292 13 295 94 20 21 341 333 
449 272 389 103 369 222 197 281 483 382 
169 376 427 317 322 388 42 410 242 347 
114 306 500 121 46 481 346 431 49 205 
243 
