501
0 415 205 46 268 299 467 497 133 190 
385 298 54 32 117 67 107 111 93 148 
91 35 365 318 245 21 353 315 49 266 
236 157 84 311 436 363 123 38 400 36 
438 218 428 239 229 340 471 249 381 221 
158 94 359 320 477 149 326 199 360 492 
286 172 285 164 119 154 261 189 214 398 
255 112 163 472 141 450 258 317 329 145 
442 280 69 292 374 341 449 177 362 134 
173 147 358 99 357 183 440 200 225 264 
9 136 487 92 348 413 160 244 379 171 
482 312 380 238 15 307 395 55 287 405 
224 191 139 87 179 459 445 369 228 304 
11 42 293 223 289 277 370 408 24 407 
288 227 384 394 313 144 43 231 156 457 
388 278 197 262 462 425 153 283 451 434 
458 102 383 431 222 396 316 28 253 308 
30 138 7 397 52 452 382 73 301 167 
152 423 489 356 75 235 406 192 166 290 
424 257 274 352 17 491 349 486 196 118 
421 448 65 495 216 481 143 78 194 68 
140 322 456 232 106 33 226 180 447 441 
376 184 234 155 101 58 37 325 338 193 
132 241 76 478 265 126 367 135 13 209 
435 12 319 273 336 297 386 60 270 79 
104 243 378 186 373 344 150 82 95 430 
494 321 213 454 29 427 90 129 248 16 
121 496 263 328 444 169 62 443 355 250 
10 254 34 63 279 188 122 178 39 306 
120 22 272 267 130 446 464 483 41 419 
339 159 314 8 18 469 2 142 182 300 
426 403 27 350 97 70 475 271 399 474 
176 168 201 96 345 409 26 361 151 48 
211 100 80 466 490 410 185 175 47 215 
470 246 86 310 309 294 420 324 81 347 
455 390 237 433 476 57 351 354 204 393 
44 195 499 439 260 412 493 498 198 465 
124 346 202 269 240 480 50 174 473 5 
207 417 333 488 115 391 187 242 337 125 
109 85 31 281 233 389 343 484 323 296 
364 98 45 334 275 212 463 83 53 377 
252 89 387 331 461 72 59 276 291 219 
402 453 302 210 20 61 103 108 64 105 
295 401 371 366 4 414 432 162 88 71 
165 327 161 51 404 368 6 282 113 137 
3 335 14 500 181 206 1 25 116 256 
460 485 332 372 220 110 40 77 131 411 
305 437 23 128 247 251 429 217 19 479 
375 66 230 74 146 170 303 422 468 418 
208 203 330 259 416 56 114 127 342 392 
284 
