251
0 103 173 245 25 193 29 83 119 155 
137 246 196 179 20 58 41 210 164 238 
249 121 170 54 169 217 125 102 8 236 
243 141 73 9 1 86 188 239 19 231 
77 123 55 35 2 106 11 43 136 61 
186 128 62 10 100 208 200 12 6 112 
214 212 151 114 74 57 220 140 222 219 
184 195 115 53 36 152 205 232 31 40 
81 209 69 142 149 161 105 52 158 201 
166 33 146 189 144 67 202 199 109 24 
101 147 176 14 237 227 240 242 111 230 
216 145 203 132 27 225 92 163 215 130 
59 229 156 13 87 3 167 224 7 234 
116 162 50 165 23 16 226 168 5 133 
71 131 223 198 207 108 70 148 183 34 
213 28 56 244 122 117 250 221 124 129 
187 99 96 180 21 84 18 172 45 211 
206 127 181 178 182 143 241 157 88 26 
126 98 177 94 204 48 64 66 113 15 
22 39 65 134 76 139 30 82 79 107 
51 85 17 174 91 4 135 235 185 75 
218 118 42 46 89 175 93 38 159 233 
192 197 190 110 191 228 32 120 44 138 
248 95 47 68 150 49 90 63 37 72 
78 247 194 97 153 154 80 104 60 160 
171 
