1001
0 774 662 993 24 789 837 868 298 200 
448 253 237 458 340 260 154 557 64 601 
528 440 589 634 831 556 47 110 264 10 
650 92 683 321 444 278 661 649 957 331 
156 511 151 272 793 166 781 519 969 636 
460 504 804 825 104 287 107 473 136 297 
745 233 390 112 211 695 989 360 855 659 
530 830 908 251 567 712 475 193 189 965 
471 913 478 871 99 873 916 155 467 685 
142 727 677 439 962 330 308 642 688 81 
192 643 578 266 455 515 46 554 326 368 
874 324 174 223 791 336 635 821 974 374 
42 124 790 95 199 817 890 572 827 21 
624 215 953 5 693 163 955 875 728 399 
322 526 991 257 259 252 86 945 724 850 
306 569 509 586 809 889 173 194 839 27 
167 639 216 644 76 442 229 536 409 60 
196 935 552 872 764 674 976 341 588 417 
183 690 570 602 660 522 581 20 17 72 
928 159 743 714 408 540 121 640 998 118 
684 380 149 722 347 596 980 296 383 929 
83 907 638 763 814 606 343 948 884 958 
23 57 551 362 952 241 784 922 732 372 
11 235 184 407 810 416 367 319 426 633 
565 795 7 225 447 337 984 413 692 725 
754 128 919 886 523 832 285 978 323 542 
541 914 711 734 571 979 91 514 757 207 
824 930 356 483 105 70 494 527 977 607 
524 30 133 800 782 41 499 394 618 263 
983 284 996 973 301 353 117 82 701 985 
657 484 19 338 840 313 276 521 946 737 
568 280 461 3 778 694 876 125 456 474 
768 422 245 386 131 357 15 329 202 590 
702 799 177 271 423 316 209 691 354 841 
615 629 954 787 307 628 951 208 141 320 
625 299 294 427 911 145 435 861 311 363 
293 845 502 731 510 512 664 393 187 32 
217 138 881 270 160 838 574 40 668 493 
968 584 459 171 548 857 58 79 123 113 
917 162 87 34 717 462 381 852 305 279 
994 593 818 243 739 903 863 697 779 525 
219 770 267 410 508 246 585 430 535 577 
176 560 487 143 707 115 673 864 137 446 
936 750 653 971 600 597 772 63 713 939 
100 479 96 631 342 288 69 740 891 670 
987 300 866 53 972 116 275 140 221 282 
671 441 274 130 819 720 240 970 127 503 
580 195 698 73 224 920 102 495 400 719 
599 500 43 506 496 708 317 696 815 191 
247 465 418 748 924 715 932 150 169 893 
437 178 901 350 860 352 281 309 261 94 
355 592 242 842 623 927 822 450 775 361 
760 206 358 603 942 165 797 610 897 669 
583 926 403 553 729 961 912 604 445 419 
256 428 767 716 85 894 345 214 910 328 
377 375 449 888 619 303 995 283 26 486 
238 632 231 883 147 476 379 672 49 849 
538 2 765 517 947 268 71 964 470 741 
28 612 481 682 365 201 630 65 967 129 
114 853 543 420 188 12 52 648 61 532 
769 812 751 854 236 730 531 175 50 198 
228 122 146 709 608 103 865 959 847 786 
575 398 613 185 759 641 158 402 753 647 
1000 205 78 680 999 559 327 744 656 609 
746 906 432 80 869 843 98 397 621 900 
468 533 718 452 222 710 258 879 992 806 
776 119 273 249 369 157 203 678 851 490 
627 239 385 431 796 896 310 605 501 492 
867 856 966 88 756 990 941 371 547 18 
16 277 785 29 429 438 406 250 51 792 
466 482 878 905 376 210 706 373 227 826 
451 463 885 370 550 491 480 747 433 975 
934 997 654 686 937 904 84 981 573 614 
332 611 421 134 704 9 8 348 848 766 
93 14 666 899 921 388 705 472 424 62 
918 833 132 318 265 723 286 858 6 880 
290 33 197 74 218 389 820 887 457 182 
617 859 591 982 392 761 808 938 59 68 
816 109 378 382 302 598 153 414 387 566 
681 545 454 295 616 4 234 411 956 813 
986 190 485 230 312 48 555 325 477 75 
798 469 564 489 1 25 933 204 923 45 
351 180 834 170 689 291 395 90 232 736 
364 925 877 334 513 549 726 35 755 220 
181 651 56 66 412 558 587 77 783 44 
516 213 434 667 771 892 780 404 773 36 
544 172 805 622 870 675 949 384 391 882 
738 31 226 22 762 811 576 144 676 561 
931 304 344 652 38 943 97 436 665 898 
794 405 13 106 679 802 988 396 777 539 
582 212 595 262 803 359 292 801 139 254 
835 829 152 55 520 333 836 335 314 37 
255 658 415 579 663 101 425 534 401 179 
915 742 735 700 54 823 788 488 453 749 
464 620 529 135 108 562 497 862 721 366 
703 339 846 646 186 807 148 687 645 594 
168 269 315 67 443 39 828 563 950 546 
505 244 844 655 248 161 120 518 699 626 
289 758 944 752 733 909 940 895 507 960 
164 349 537 89 637 902 963 498 346 111 
126 
