251
0 194 107 47 83 242 206 130 238 18 
97 222 182 51 139 58 10 108 246 220 
181 98 198 92 210 144 100 197 116 46 
189 133 79 185 158 59 215 103 82 87 
162 193 169 24 227 111 73 32 55 135 
203 72 49 86 13 172 155 141 91 53 
150 5 147 240 131 145 153 36 89 192 
223 187 99 50 85 114 226 80 142 175 
234 94 120 95 63 209 56 157 201 38 
62 134 140 202 173 104 231 57 76 178 
37 241 9 106 81 69 188 11 71 186 
15 216 117 179 208 109 213 200 26 221 
39 74 31 110 183 118 250 235 239 148 
119 45 129 174 225 126 41 70 40 33 
180 156 199 160 64 128 113 19 67 30 
177 212 143 102 22 161 152 165 66 6 
137 23 167 75 1 34 68 21 96 123 
42 4 149 218 164 127 176 184 122 233 
236 90 25 124 44 205 48 214 35 196 
7 78 136 248 211 243 195 14 54 217 
2 93 219 232 52 159 228 77 132 61 
27 8 29 247 20 43 207 12 163 17 
190 224 84 88 65 112 60 154 245 170 
28 151 3 230 121 115 125 146 229 237 
16 166 168 138 244 171 101 191 105 204 
249 
