501
0 266 415 306 214 272 185 402 105 171 
70 484 344 300 46 440 191 8 318 450 
241 365 311 290 165 490 387 238 74 206 
189 277 428 288 345 472 153 246 130 48 
331 159 430 245 43 434 496 323 36 287 
419 289 216 27 499 139 359 309 407 379 
392 193 38 498 444 175 131 298 232 273 
227 79 448 10 357 495 200 305 41 414 
154 470 211 152 320 218 255 360 142 471 
176 380 73 111 274 244 229 198 148 51 
253 395 483 114 44 104 468 86 61 234 
97 53 265 418 446 5 109 19 213 263 
350 326 438 226 329 296 177 164 222 180 
453 463 94 427 370 348 157 478 155 396 
196 435 356 75 282 314 474 423 55 156 
98 336 394 456 87 52 201 136 96 115 
337 63 258 313 80 422 458 240 167 58 
302 89 252 168 411 325 132 398 243 233 
1 32 262 259 110 412 457 315 393 441 
81 178 399 65 151 187 400 2 283 492 
487 445 170 340 13 34 377 113 347 461 
83 6 59 493 37 491 190 275 29 371 
431 367 353 473 84 106 162 64 339 120 
181 279 225 116 482 388 67 23 442 416 
140 208 88 107 374 281 410 390 361 24 
135 3 373 215 149 437 210 486 143 321 
294 237 421 401 342 33 351 15 317 497 
368 4 358 292 276 202 217 47 77 264 
405 406 9 195 179 42 137 228 30 479 
101 375 485 223 231 269 389 7 447 397 
18 308 99 197 183 119 480 436 247 369 
455 312 346 341 384 362 425 297 138 49 
221 35 205 494 477 182 220 102 469 78 
299 150 199 163 21 293 128 330 134 242 
22 66 316 391 476 122 383 459 95 324 
117 454 249 260 166 204 385 261 219 268 
72 466 129 500 146 28 93 363 57 184 
278 40 284 85 322 188 378 439 376 118 
349 467 327 236 90 465 82 212 230 133 
125 60 127 123 285 426 335 121 386 343 
12 26 257 301 429 124 489 209 310 280 
291 141 451 413 328 235 488 307 420 381 
173 354 271 424 372 256 352 16 382 91 
192 108 145 100 364 404 172 417 71 250 
144 334 355 126 433 338 39 76 251 452 
267 92 158 160 54 432 295 224 286 25 
169 443 409 203 11 449 112 254 408 186 
103 17 207 248 68 31 403 50 464 481 
366 304 270 174 62 56 319 194 45 462 
161 303 460 147 14 239 20 333 69 475 
332 
