501
0 100 244 158 454 408 147 198 134 99 
32 39 358 236 15 207 438 72 482 250 
315 246 400 38 333 466 234 392 285 46 
372 382 374 77 87 11 179 299 196 73 
376 481 355 85 478 51 492 142 228 129 
106 95 212 177 243 86 498 495 418 218 
61 197 462 423 349 377 163 201 409 249 
63 240 185 181 336 28 44 417 53 275 
429 419 36 284 10 434 420 439 442 375 
282 117 114 296 191 145 255 309 424 468 
139 45 301 237 440 242 395 132 378 398 
19 76 342 491 479 176 199 396 175 172 
189 155 162 494 233 8 385 66 319 371 
24 4 217 431 205 156 383 393 493 268 
146 270 216 25 463 256 389 496 235 277 
497 221 379 266 366 288 3 157 215 459 
105 33 269 476 160 178 433 267 168 92 
14 276 149 369 62 348 22 108 136 360 
261 153 137 148 320 170 97 470 138 203 
335 90 326 294 37 451 214 287 460 264 
57 352 184 174 286 406 204 23 447 55 
414 164 412 312 238 208 17 101 373 125 
118 295 110 209 254 368 321 338 258 363 
151 120 220 283 88 456 7 183 135 165 
69 56 390 388 302 443 6 448 415 480 
387 231 169 40 83 499 308 457 47 487 
339 130 341 407 59 322 472 112 171 483 
474 107 49 186 30 351 252 187 27 317 
475 399 422 52 381 297 80 325 223 380 
330 305 65 128 452 213 436 192 259 307 
119 421 293 229 154 12 272 230 386 464 
166 327 446 397 71 239 5 281 344 354 
226 278 384 31 102 13 357 227 211 402 
500 103 313 60 150 291 54 58 195 16 
152 428 273 365 416 394 323 328 245 444 
318 450 356 484 257 413 353 432 340 232 
180 94 79 81 403 427 303 486 485 316 
337 124 93 140 104 350 34 161 96 29 
121 290 131 425 133 9 241 167 18 26 
343 202 404 289 1 280 116 127 260 324 
84 253 43 311 362 143 68 490 441 193 
248 306 361 453 219 346 64 251 345 314 
48 334 391 359 123 430 75 461 194 467 
455 188 2 364 206 263 126 445 247 292 
35 144 347 42 78 465 477 222 41 113 
89 82 471 50 74 274 298 200 331 190 
111 300 271 401 473 210 262 332 458 304 
67 98 20 182 21 224 310 488 426 367 
265 329 370 410 435 141 469 109 225 91 
70 489 173 115 405 279 159 437 122 449 
411 
