501
0 248 207 432 117 408 371 491 351 195 
193 211 381 340 49 226 256 360 60 4 
93 341 176 441 84 247 266 86 434 213 
427 81 139 386 73 260 389 300 473 82 
181 305 187 333 421 185 374 161 118 352 
29 490 31 372 288 249 355 291 80 368 
307 242 407 480 112 167 165 1 313 5 
423 120 325 385 399 94 419 85 482 466 
238 268 294 166 138 89 428 412 339 299 
401 179 109 350 290 382 353 448 184 12 
481 283 154 190 436 88 413 456 329 201 
66 244 297 328 37 67 439 489 398 175 
41 30 252 127 425 310 148 392 402 452 
468 231 334 417 232 191 496 212 125 454 
378 163 391 393 410 406 225 121 21 164 
449 20 40 74 303 270 169 245 499 239 
451 145 259 133 400 46 486 320 122 215 
251 136 131 416 308 301 461 483 91 83 
472 442 241 155 171 354 285 316 430 415 
52 488 87 45 72 433 25 395 335 26 
403 220 18 377 470 487 422 202 43 152 
149 137 217 366 281 205 47 438 200 198 
319 255 189 159 330 250 467 177 287 357 
306 100 437 274 271 450 209 318 414 192 
237 151 96 144 337 253 19 62 293 141 
6 221 70 484 361 388 36 479 59 173 
474 143 97 267 359 478 53 447 39 289 
95 135 48 130 11 227 358 168 2 435 
126 156 264 282 344 129 98 347 497 99 
348 123 103 440 28 494 387 57 113 380 
315 105 336 309 455 246 376 261 55 443 
284 296 3 224 71 51 396 477 314 197 
235 411 276 405 54 424 219 7 346 63 
383 33 457 157 460 119 269 16 183 158 
216 15 92 124 342 214 230 114 394 243 
262 78 258 61 373 233 469 278 64 420 
178 485 68 162 140 208 153 463 229 471 
108 322 14 50 58 204 453 464 134 475 
349 324 222 379 27 321 107 286 223 295 
13 363 292 332 323 132 390 362 365 367 
263 459 364 298 343 90 265 418 493 445 
272 146 182 196 186 35 79 10 194 444 
375 206 234 115 279 465 218 356 446 199 
128 404 111 116 302 254 24 8 42 273 
426 170 326 22 77 338 75 331 370 476 
228 23 17 431 142 240 397 462 495 188 
9 38 174 104 34 106 69 275 429 180 
312 172 280 257 345 277 110 150 76 102 
101 498 32 236 327 500 65 147 409 44 
369 203 311 210 317 492 56 384 458 160 
304 
