251
0 156 128 100 126 37 108 173 96 36 
50 174 244 246 34 213 132 239 21 178 
134 200 153 41 146 40 230 138 245 18 
238 185 30 122 87 69 163 92 3 135 
13 2 191 240 20 187 48 211 6 152 
47 228 209 39 195 142 248 59 149 42 
55 247 237 24 77 166 227 106 204 53 
217 26 218 124 103 23 223 183 66 82 
102 120 220 72 130 162 67 165 193 206 
169 241 229 234 79 51 172 221 94 86 
46 111 84 43 235 177 15 131 224 101 
140 137 205 136 9 215 186 219 188 150 
216 226 179 114 89 144 199 38 109 231 
164 45 127 57 121 148 196 139 73 105 
143 70 233 64 78 49 61 60 95 159 
27 194 168 242 107 8 167 110 155 113 
104 249 81 93 5 1 22 80 180 25 
145 157 33 133 17 19 175 44 123 210 
203 58 189 112 176 198 75 12 32 76 
181 170 184 52 71 11 201 29 225 35 
16 10 56 54 88 243 74 14 192 68 
141 147 63 158 129 207 190 31 116 182 
28 99 161 197 7 208 83 97 62 212 
4 85 91 232 115 160 222 125 214 65 
119 117 98 151 118 171 202 250 90 154 
236 
