501
0 407 452 186 424 145 379 313 12 72 
305 278 38 499 63 121 496 283 446 451 
321 143 5 189 456 388 265 466 311 195 
215 317 91 22 494 291 33 47 122 220 
419 31 105 399 30 167 378 234 56 320 
490 192 244 39 427 397 396 362 106 139 
486 117 421 495 126 2 141 204 288 401 
194 497 367 165 180 157 252 267 281 79 
375 213 315 68 423 198 404 385 111 51 
36 444 314 207 483 434 57 435 295 264 
380 199 323 211 26 44 209 133 13 285 
369 16 238 416 298 158 318 481 109 23 
96 50 137 482 69 412 43 428 465 82 
108 284 370 279 71 358 406 383 246 365 
251 110 277 432 340 480 149 187 190 132 
163 55 301 8 352 32 290 402 393 128 
193 492 229 53 67 408 173 418 260 131 
498 447 382 500 7 338 336 329 409 366 
280 241 441 65 148 411 74 191 268 113 
450 386 460 359 488 29 457 200 414 184 
356 177 448 99 48 468 485 174 231 472 
10 95 464 247 355 42 425 303 354 245 
216 343 405 248 89 453 222 101 387 449 
440 227 346 86 348 308 430 422 475 182 
212 120 341 85 417 168 54 334 19 17 
97 458 325 429 470 134 171 129 487 170 
431 324 473 217 269 257 40 413 384 374 
275 169 235 479 390 420 263 203 66 61 
377 21 104 364 476 100 403 255 307 230 
164 224 49 80 62 372 179 319 155 103 
70 93 202 410 489 116 218 4 493 130 
161 445 160 81 201 94 392 178 125 9 
35 107 436 342 273 353 347 474 236 34 
443 115 205 135 52 309 302 196 239 114 
363 41 304 469 477 276 156 25 250 332 
454 259 381 152 467 77 306 360 299 214 
142 140 326 181 339 162 292 335 286 14 
18 208 76 1 45 112 438 58 226 400 
185 471 46 123 461 11 357 188 272 64 
478 274 371 258 256 78 150 266 491 333 
136 398 330 183 232 24 153 219 83 228 
88 337 237 27 395 6 59 197 368 262 
297 293 351 361 98 312 243 87 415 463 
175 261 92 310 294 118 223 242 484 287 
233 394 437 102 296 391 28 373 327 84 
210 166 459 271 433 15 73 75 144 147 
138 376 3 221 462 37 344 146 159 282 
90 328 225 151 253 289 300 20 127 172 
345 350 124 154 455 349 316 60 331 254 
270 439 119 442 176 206 249 426 240 322 
389 
