251
0 37 225 35 65 167 73 40 250 193 
215 83 217 111 144 159 8 226 82 122 
147 195 59 234 247 113 48 238 64 157 
118 66 192 41 227 228 173 60 194 244 
23 229 86 93 14 161 87 94 15 29 
10 137 212 16 72 32 224 233 133 7 
152 164 191 9 62 183 179 46 209 92 
223 239 125 63 149 211 20 220 19 198 
27 68 168 208 232 85 243 61 80 207 
190 230 124 67 6 175 185 130 116 148 
89 121 158 187 114 26 127 75 170 96 
204 103 214 104 71 171 188 131 42 4 
18 24 102 108 58 201 163 138 120 153 
213 49 44 78 197 74 81 56 13 101 
142 50 126 3 90 98 150 180 57 216 
119 1 115 45 134 237 136 95 189 34 
240 106 151 128 97 172 200 242 107 145 
91 5 178 176 21 12 105 70 47 43 
117 205 52 132 55 184 28 110 235 154 
30 245 88 248 186 143 156 222 177 22 
221 76 182 206 100 199 219 231 246 31 
51 54 146 39 99 202 162 33 17 139 
241 135 196 218 165 11 236 38 84 79 
2 112 109 169 160 210 155 203 129 53 
181 77 36 174 140 141 69 25 123 249 
166 
