501
0 433 190 406 472 487 390 233 224 454 
357 321 30 485 477 427 220 436 115 273 
41 73 402 202 69 285 331 85 499 181 
327 377 34 17 33 287 425 366 45 372 
328 498 317 175 488 43 374 170 330 271 
94 312 245 333 491 55 219 410 196 418 
104 67 68 274 468 20 284 229 417 207 
301 389 121 298 238 47 246 42 184 371 
329 424 186 100 490 353 351 396 260 142 
349 215 166 256 442 300 106 293 174 44 
435 93 392 474 205 212 426 272 62 56 
281 335 395 13 250 337 204 58 14 183 
49 171 282 231 1 342 214 163 264 145 
203 283 453 83 103 338 341 91 269 61 
251 129 161 362 235 278 400 211 370 64 
275 441 476 475 326 270 248 173 35 296 
451 294 313 135 325 249 494 365 122 217 
51 288 467 178 241 348 299 65 223 167 
259 480 339 99 66 452 191 172 445 243 
120 492 297 146 318 486 10 108 378 258 
209 140 137 162 319 12 387 290 59 438 
195 8 123 440 473 116 169 234 383 413 
237 132 276 484 92 368 316 412 308 346 
459 247 304 87 96 456 7 463 143 86 
434 118 266 361 95 182 379 89 254 332 
314 153 384 54 179 401 32 37 242 350 
382 24 70 60 307 53 16 315 380 4 
352 277 394 465 213 470 462 77 128 151 
194 192 478 431 112 311 437 168 9 159 
240 18 102 154 430 479 81 164 236 411 
239 407 244 189 359 40 286 230 460 343 
71 391 302 358 345 355 76 397 449 185 
218 6 232 160 446 198 381 225 197 303 
147 429 447 113 39 305 408 74 322 363 
399 136 31 423 448 376 386 15 152 199 
29 227 228 409 109 72 180 261 253 226 
11 291 469 398 110 138 193 206 373 432 
134 200 141 428 340 347 57 496 421 82 
444 27 364 393 295 419 130 3 262 356 
25 188 150 176 439 101 148 97 105 336 
156 464 88 208 187 280 19 489 405 289 
495 216 420 114 158 63 22 344 279 404 
497 125 38 481 263 124 36 493 26 457 
2 165 471 360 78 80 221 255 482 268 
222 98 52 415 79 416 75 369 90 210 
23 5 50 201 257 414 324 139 443 310 
466 84 292 28 320 309 375 252 21 126 
450 127 46 306 403 388 177 267 385 483 
458 117 107 144 265 131 323 334 119 48 
149 500 157 461 455 111 367 354 155 133 
422 
