1001
0 432 131 449 343 291 987 550 274 551 
355 427 632 921 840 20 670 430 532 326 
463 554 378 865 239 863 369 560 980 771 
244 64 171 719 165 172 208 386 749 692 
945 976 494 79 844 807 466 546 84 940 
808 680 275 594 588 709 871 334 67 294 
745 783 451 673 122 156 293 399 241 537 
661 110 100 634 984 205 34 851 944 185 
331 558 677 108 929 296 230 261 211 426 
213 666 363 95 949 667 580 14 995 455 
43 29 901 181 368 130 80 631 453 752 
618 437 584 54 627 694 683 300 675 696 
153 86 104 384 380 222 875 923 282 345 
375 894 548 13 935 306 18 758 952 82 
959 605 617 760 663 510 699 346 71 377 
802 305 237 458 640 456 533 873 916 738 
998 302 841 903 295 38 991 37 859 768 
438 129 684 283 351 361 460 881 190 689 
398 690 596 170 365 849 151 113 85 740 
341 317 778 250 270 679 81 164 175 941 
717 259 318 391 53 16 763 434 619 549 
759 340 162 943 830 310 633 969 885 394 
77 416 541 157 48 962 926 2 1 40 
801 245 798 662 15 968 312 590 186 152 
748 665 686 512 63 486 3 240 861 810 
611 163 12 297 508 809 445 781 409 814 
143 723 21 337 114 27 72 867 544 119 
956 127 787 35 743 141 575 948 258 76 
422 360 895 970 111 353 269 963 978 996 
576 251 654 452 971 336 732 91 700 356 
773 180 193 779 402 707 806 329 467 817 
330 568 514 827 423 292 301 125 960 862 
531 786 695 747 219 920 946 457 474 358 
816 785 879 911 872 555 750 102 187 562 
484 964 557 529 26 819 542 702 858 150 
893 264 876 504 653 475 266 313 821 928 
387 567 199 195 573 900 664 30 936 515 
137 712 828 517 325 273 256 42 221 407 
338 917 697 630 217 198 218 604 395 815 
87 421 572 446 123 905 678 609 289 389 
610 286 642 957 931 589 324 121 582 404 
805 797 406 1000 934 906 718 624 263 236 
31 25 333 403 856 556 543 147 953 607 
321 583 655 645 4 350 248 444 757 990 
713 586 417 577 450 303 189 105 216 755 
397 503 772 223 608 961 249 848 818 958 
231 433 372 902 320 24 311 864 530 41 
585 309 731 10 322 255 939 396 507 545 
179 373 826 977 9 472 860 761 89 161 
635 513 811 989 204 7 155 825 540 753 
620 847 857 708 592 601 746 812 622 468 
523 308 770 93 904 764 854 464 215 118 
478 46 262 136 418 725 304 668 140 149 
498 918 148 511 892 933 842 196 612 75 
45 570 203 233 487 489 927 741 993 493 
290 639 625 160 177 886 393 238 616 954 
497 226 459 174 32 714 951 950 648 314 
506 516 613 791 638 408 682 829 158 547 
839 390 552 146 522 49 315 364 366 693 
265 192 930 495 974 896 385 641 367 525 
981 246 271 126 349 88 405 793 257 73 
671 907 272 833 845 614 687 660 178 173 
887 997 477 209 132 789 284 831 897 636 
442 39 183 277 166 790 435 501 347 167 
316 587 419 889 60 850 412 739 188 942 
490 6 415 777 11 883 908 128 994 792 
672 832 491 134 674 646 168 869 201 235 
823 932 733 835 621 344 982 877 443 937 
794 726 436 803 502 83 55 524 182 381 
730 52 659 298 299 593 117 374 765 534 
107 492 70 382 414 813 518 469 243 323 
888 62 720 280 736 705 431 327 650 643 
804 116 629 287 383 8 521 843 5 206 
234 66 986 429 656 691 983 722 988 698 
447 647 481 428 874 307 17 701 225 898 
581 505 767 565 780 207 58 985 470 191 
751 197 439 795 973 319 92 563 448 925 
536 729 706 90 882 728 735 59 23 519 
242 676 880 99 737 260 769 574 252 401 
703 47 623 744 94 278 836 799 473 571 
194 539 96 999 915 253 112 834 392 145 
476 50 855 716 569 727 268 461 603 891 
61 657 228 652 471 598 98 824 947 229 
681 685 837 775 909 400 628 644 527 922 
535 357 710 410 371 212 499 782 267 328 
379 411 766 938 538 578 649 979 120 276 
721 56 566 913 561 866 553 651 774 202 
370 362 966 109 626 483 910 965 564 600 
254 914 878 919 101 139 224 615 285 279 
496 425 899 352 348 232 65 853 74 154 
846 500 281 838 106 342 485 57 420 142 
176 520 796 354 884 754 784 528 133 69 
711 144 526 465 742 972 339 756 376 138 
688 975 482 388 852 595 227 967 135 597 
124 247 68 637 115 97 924 868 28 479 
159 462 22 169 658 579 335 788 776 912 
332 734 870 441 822 33 762 44 359 480 
591 955 103 606 454 19 890 210 220 36 
509 488 724 200 992 820 214 704 800 440 
669 184 288 413 559 715 51 602 78 424 
599 
