501
0 222 432 104 488 146 398 261 2 366 
217 268 464 95 259 233 228 226 120 31 
234 193 99 371 115 295 11 346 262 421 
359 411 300 365 499 108 328 118 4 492 
416 107 339 152 35 314 413 12 251 100 
249 147 445 8 362 419 25 476 441 478 
343 392 3 358 132 212 126 58 422 440 
250 301 255 175 393 149 155 9 410 5 
320 121 6 483 423 42 181 47 67 317 
246 336 294 220 56 171 459 13 135 101 
264 111 229 330 345 240 311 161 65 69 
241 296 209 418 417 57 20 302 208 394 
349 221 275 174 185 424 79 103 26 196 
14 194 137 290 232 169 468 186 396 117 
199 342 442 273 434 283 452 307 182 430 
357 286 29 61 498 16 379 184 323 495 
361 386 27 425 380 274 281 18 298 93 
7 213 68 338 257 225 270 266 475 444 
412 285 370 312 458 51 245 369 272 74 
63 479 271 150 471 210 110 426 172 215 
377 400 130 105 372 218 230 53 49 102 
429 159 353 216 78 344 19 382 277 279 
202 191 278 41 288 287 223 163 319 332 
157 50 373 269 489 276 200 183 144 280 
106 414 66 267 428 303 451 176 206 133 
236 64 33 87 383 123 260 207 466 142 
211 469 128 427 43 299 82 201 363 482 
140 297 180 324 467 235 162 397 306 136 
437 315 37 138 237 404 436 1 160 443 
265 76 134 28 89 460 305 364 352 148 
487 80 490 391 36 38 112 167 166 54 
395 403 141 291 313 125 310 256 23 21 
70 481 122 59 24 198 34 127 129 385 
154 309 60 197 48 402 179 465 44 491 
156 449 114 461 334 431 254 321 219 239 
91 248 485 415 188 326 153 94 322 96 
39 462 113 335 500 243 457 378 258 84 
327 83 177 189 477 448 116 484 390 143 
375 497 247 486 109 238 325 284 158 406 
455 30 337 231 195 88 456 98 318 165 
433 292 374 438 331 463 470 348 408 354 
203 308 151 367 252 40 168 387 446 124 
341 139 244 10 304 381 227 316 92 72 
439 474 472 145 45 450 473 77 32 289 
190 164 90 453 242 17 86 355 447 170 
55 389 224 480 97 329 205 263 119 293 
204 187 347 73 405 454 253 384 350 192 
22 15 368 282 71 85 52 214 376 46 
435 75 62 81 409 360 178 351 173 407 
494 496 401 356 399 493 333 420 340 131 
388 
