1001
0 422 882 379 285 956 151 417 357 131 
231 979 263 673 246 297 58 33 175 990 
695 167 516 551 626 700 123 260 600 839 
48 121 306 870 518 924 832 904 227 474 
822 962 481 120 953 619 969 26 965 205 
717 762 94 276 543 193 111 425 504 257 
378 488 498 156 707 631 307 959 99 876 
620 165 624 557 85 738 408 237 102 659 
7 721 60 878 195 298 305 859 935 269 
869 943 75 563 233 660 301 604 435 679 
706 693 985 484 184 657 40 545 149 658 
740 949 96 722 715 778 430 52 929 321 
281 283 712 330 963 390 530 653 572 798 
622 528 265 625 34 885 166 745 21 586 
609 880 431 861 871 168 62 916 258 459 
755 245 98 331 291 746 587 534 339 957 
623 69 668 685 967 883 296 308 792 294 
458 630 286 251 5 334 507 393 89 47 
483 552 241 556 790 724 67 821 958 370 
86 105 542 39 714 226 472 24 79 153 
585 405 846 520 691 509 548 272 462 897 
282 172 128 22 160 686 768 522 11 549 
327 254 841 284 858 275 199 774 439 220 
71 190 784 487 652 157 38 189 213 881 
844 689 293 341 887 756 309 164 978 489 
698 635 732 402 828 780 889 982 939 499 
179 366 596 117 736 670 671 748 815 703 
772 414 468 711 942 19 944 84 524 750 
386 451 224 933 602 229 697 752 777 56 
73 68 696 580 566 886 857 550 318 270 
851 776 975 243 558 356 888 369 418 716 
316 103 669 913 479 197 413 590 76 898 
632 221 523 663 704 264 310 92 464 463 
646 222 364 907 591 244 259 376 773 198 
856 470 113 500 475 640 505 606 232 66 
133 986 849 614 901 539 796 674 395 450 
31 15 931 261 730 432 12 208 705 842 
592 605 692 727 593 947 760 302 608 424 
938 381 532 215 466 279 322 23 757 332 
465 720 170 87 300 457 826 320 255 758 
423 152 400 125 835 437 559 119 862 192 
699 480 43 925 529 248 900 186 960 850 
158 928 324 230 569 819 655 16 744 392 
336 362 70 610 971 372 761 345 836 142 
909 877 589 515 360 687 397 398 799 759 
561 521 9 526 582 108 866 988 217 127 
317 541 999 155 54 242 374 161 997 964 
905 728 174 382 843 427 537 394 804 710 
643 163 368 135 980 253 838 637 890 853 
788 797 162 449 763 579 884 122 617 921 
207 713 181 354 340 578 618 159 896 46 
785 567 915 130 829 359 183 433 820 482 
348 496 627 150 911 708 937 83 998 132 
874 274 63 546 228 287 178 35 177 682 
810 61 771 753 794 813 970 733 917 650 
440 326 735 603 219 72 576 28 476 377 
513 675 612 912 485 388 288 358 147 453 
187 847 461 299 101 493 825 114 30 751 
726 141 989 191 954 535 893 420 729 749 
801 196 664 765 271 303 273 391 419 328 
601 80 383 709 329 941 333 51 555 599 
182 718 519 3 621 352 426 384 412 678 
469 854 110 145 349 823 169 252 460 581 
747 492 129 795 852 613 78 268 827 583 
235 739 922 968 681 473 407 966 225 41 
818 90 719 641 4 677 173 833 992 216 
879 984 292 429 902 800 116 137 875 533 
210 981 634 514 501 77 202 404 106 908 
315 863 204 565 645 814 185 238 508 701 
945 445 295 840 816 211 367 6 690 17 
290 25 82 803 547 399 834 661 49 455 
855 351 867 903 478 403 683 789 991 456 
81 940 742 313 223 972 767 346 694 373 
672 786 2 574 37 171 385 428 262 406 
234 323 633 665 29 994 667 812 873 188 
817 115 104 791 452 607 787 59 380 100 
91 977 409 401 594 783 146 952 436 892 
109 267 434 203 684 512 136 249 725 934 
647 14 93 764 568 209 636 416 919 95 
387 343 347 1000 731 144 723 206 495 312 
571 811 948 770 654 506 809 553 126 491 
511 831 74 616 860 438 676 837 845 20 
642 112 55 278 1 319 64 140 350 447 
766 830 807 868 88 536 443 927 411 36 
250 588 486 448 598 396 256 139 737 18 
769 236 441 502 864 277 375 615 926 872 
134 865 932 538 442 923 510 782 477 899 
995 280 148 8 497 201 918 639 910 410 
212 239 688 344 577 562 138 793 651 544 
951 503 993 702 371 936 648 946 527 27 
611 894 805 97 311 987 734 781 325 629 
895 806 848 200 891 961 584 743 573 930 
680 973 824 45 32 240 353 53 638 454 
342 154 531 467 802 741 754 666 218 50 
996 107 540 779 421 955 570 335 42 176 
656 974 983 920 554 597 649 775 338 337 
444 560 57 595 914 389 304 471 564 808 
415 628 517 44 143 314 124 446 13 194 
118 266 365 490 950 644 494 976 10 65 
361 525 662 906 575 247 180 363 214 355 
289 
