501
0 474 309 124 155 359 317 296 328 400 
99 431 226 204 91 331 406 12 487 138 
497 195 303 30 176 75 284 468 54 238 
107 478 319 178 381 239 156 423 241 416 
286 131 271 17 379 462 459 55 374 160 
484 335 360 455 419 227 326 80 282 407 
486 334 466 121 23 62 491 77 237 408 
302 56 11 251 421 300 208 193 233 60 
97 230 298 289 355 103 125 301 169 90 
202 412 13 135 343 133 460 270 316 27 
72 215 264 378 247 9 218 494 48 312 
88 320 86 180 159 449 473 94 276 216 
367 452 93 69 196 398 393 354 33 387 
295 376 291 102 391 353 173 366 66 287 
101 443 253 380 5 118 259 79 371 263 
231 35 123 110 395 388 175 390 217 46 
31 57 209 498 161 206 307 221 362 244 
116 413 375 234 470 318 385 438 463 285 
437 490 397 493 245 212 410 457 243 435 
63 87 228 246 147 29 290 322 223 392 
207 145 262 220 299 430 144 440 467 179 
210 339 382 433 213 22 84 252 409 482 
81 350 199 445 47 454 194 184 150 67 
266 167 483 177 115 95 28 119 205 136 
153 127 148 154 373 171 256 50 20 294 
345 448 396 71 187 163 104 356 242 14 
258 24 496 267 488 337 16 43 129 64 
358 432 464 185 265 346 461 96 315 130 
151 203 166 254 40 149 255 41 8 500 
165 59 278 162 336 306 92 351 308 25 
168 137 143 222 293 469 439 182 211 201 
192 214 142 361 78 427 456 82 68 471 
323 475 401 426 74 280 405 434 174 314 
403 126 422 352 342 370 424 76 472 292 
240 347 489 100 261 191 85 425 465 21 
1 269 260 250 198 368 372 235 333 436 
38 114 383 341 188 340 429 139 332 225 
105 325 197 106 37 349 444 365 18 273 
10 158 6 170 61 181 224 330 492 428 
3 70 132 15 141 58 39 4 183 128 
89 313 157 451 357 73 172 441 117 442 
45 200 297 83 32 310 53 311 65 411 
283 272 274 281 236 417 277 344 389 36 
418 476 364 363 415 450 248 404 399 458 
420 190 479 122 477 2 495 164 402 98 
279 232 219 369 152 384 113 485 134 229 
329 186 304 481 447 275 377 305 453 19 
394 257 338 112 321 140 108 7 26 288 
446 44 480 249 189 51 327 49 146 109 
499 324 52 42 348 414 268 386 120 111 
34 
