251
0 169 224 247 178 90 193 185 173 36 
190 187 219 94 228 216 110 43 225 233 
143 139 61 59 107 171 53 194 155 87 
20 129 218 95 235 133 222 37 65 181 
186 100 14 127 149 77 214 213 30 249 
142 60 223 160 131 72 239 113 132 29 
67 112 202 138 121 1 134 245 244 27 
5 168 237 38 161 209 125 122 74 207 
229 17 73 8 106 47 159 108 220 21 
156 62 63 33 148 191 66 180 137 56 
3 241 147 83 32 182 24 68 227 48 
22 162 164 104 51 238 114 52 11 201 
157 102 35 172 231 96 7 128 246 92 
124 188 154 163 226 174 183 221 19 89 
119 177 130 140 199 49 176 120 150 12 
234 144 123 240 135 69 141 217 151 84 
55 2 6 98 198 243 28 16 211 15 
13 88 203 105 126 50 184 86 153 34 
145 80 236 26 170 71 167 208 39 93 
204 85 117 82 242 46 109 9 58 103 
175 97 76 44 200 165 232 166 250 31 
40 115 91 152 111 146 57 118 189 210 
25 41 78 4 205 70 158 206 99 23 
81 136 54 116 248 195 18 101 75 10 
64 179 197 192 79 212 230 42 196 45 
215 
