701
0 442 77 192 587 124 169 302 1 257 
188 415 56 308 291 295 357 20 518 496 
327 274 671 186 433 444 605 82 602 344 
632 452 251 120 211 142 279 312 607 73 
128 62 43 242 70 41 247 509 384 182 
5 11 472 89 293 524 687 678 72 118 
322 350 684 130 665 133 90 506 439 663 
272 235 223 516 670 633 241 403 337 314 
427 59 413 540 200 4 592 414 60 700 
430 299 422 195 664 636 530 623 512 99 
453 559 131 416 694 601 31 646 298 231 
541 405 466 100 699 610 323 564 545 112 
39 249 236 343 267 270 693 669 46 635 
178 125 685 123 15 105 425 157 219 690 
386 199 107 536 271 462 588 593 476 666 
494 209 34 532 218 393 360 443 581 166 
630 103 391 473 503 260 445 349 154 668 
35 468 412 245 451 382 254 464 604 546 
320 352 356 152 401 40 369 677 609 577 
589 688 392 115 101 380 560 643 160 565 
500 627 411 191 305 591 181 104 421 183 
569 96 326 510 159 121 398 16 248 85 
480 595 606 553 54 324 127 119 122 17 
556 611 58 45 585 66 306 641 647 338 
33 409 481 698 149 150 538 520 303 309 
9 455 655 579 317 558 521 29 185 68 
383 283 514 197 18 450 47 479 618 53 
377 289 285 381 594 114 603 280 675 504 
435 37 287 294 63 695 14 208 316 109 
226 597 174 526 458 449 637 27 111 65 
522 268 162 278 36 478 662 696 64 432 
571 552 250 467 61 262 395 436 505 460 
198 212 573 165 358 168 355 3 368 397 
325 153 83 437 483 6 78 304 465 38 
340 205 26 210 336 617 204 347 7 652 
582 679 321 484 217 566 74 584 276 97 
648 136 600 86 348 301 164 342 686 230 
456 222 334 426 255 277 244 672 290 475 
363 428 410 253 551 498 628 215 137 535 
620 266 207 75 194 697 689 2 448 155 
227 239 371 404 145 519 396 674 576 203 
683 385 116 394 238 228 300 79 22 511 
508 243 339 563 94 49 547 13 529 485 
673 315 44 388 108 135 528 10 172 282 
408 533 419 622 138 365 171 477 631 441 
144 221 233 640 613 548 375 389 692 659 
470 586 319 91 106 390 269 554 387 48 
161 193 493 537 634 364 590 562 417 645 
534 523 147 469 691 21 69 331 126 681 
367 341 626 555 354 275 495 583 531 196 
176 81 213 189 158 296 544 240 129 264 
499 146 19 423 139 173 614 599 515 575 
372 143 261 658 140 201 252 310 224 651 
206 616 424 258 190 234 492 313 57 163 
98 542 141 568 639 88 351 447 216 657 
572 93 179 661 256 288 638 50 113 330 
431 676 608 471 273 653 621 629 596 335 
187 501 502 487 429 376 644 132 457 134 
379 642 286 682 399 214 543 374 353 362 
281 24 400 30 232 525 12 402 378 177 
486 438 284 307 656 180 148 95 407 549 
84 92 625 488 649 497 55 491 561 370 
482 346 359 373 246 557 318 52 654 329 
184 71 32 263 615 490 539 513 517 345 
578 570 333 459 361 167 175 624 110 434 
366 156 454 619 292 28 102 332 225 406 
574 550 440 567 489 527 76 220 237 328 
580 612 87 23 680 51 667 507 67 202 
446 151 420 461 463 170 229 265 660 117 
311 25 598 418 259 80 474 42 297 650 
8 
