1001
0 106 671 214 105 784 393 944 913 321 
102 799 459 22 910 768 31 161 802 230 
51 488 976 847 38 219 475 468 948 63 
545 390 537 624 229 552 541 476 354 721 
691 625 126 893 651 92 746 13 331 296 
825 542 295 694 965 858 186 866 738 472 
547 988 180 814 24 939 257 120 897 238 
880 380 946 663 166 135 122 471 937 878 
486 299 195 315 332 908 911 158 520 382 
25 689 276 845 952 690 220 18 843 164 
310 392 17 347 790 365 242 923 370 580 
958 12 632 222 869 115 29 437 360 921 
399 733 504 417 359 363 445 452 573 48 
851 280 918 252 831 278 796 371 44 603 
602 401 317 419 261 887 55 641 131 604 
633 413 151 259 335 739 597 956 440 95 
491 736 810 314 526 323 852 460 273 409 
700 546 523 285 398 109 600 91 11 551 
741 924 922 330 234 747 336 693 205 933 
136 33 8 181 211 925 26 353 745 983 
646 668 995 696 928 755 839 124 631 304 
83 629 618 585 975 614 543 199 39 666 
656 761 113 968 661 400 41 712 811 443 
970 518 751 901 750 934 704 265 59 451 
191 133 619 982 969 141 372 792 157 864 
817 406 622 82 21 410 658 587 117 337 
156 992 780 143 503 548 615 241 404 308 
60 528 262 432 324 381 415 599 960 90 
355 788 97 301 56 605 501 527 328 558 
698 144 502 879 129 412 571 469 86 984 
881 889 570 72 236 52 791 123 554 187 
586 742 997 10 682 964 178 66 611 110 
905 904 936 715 279 514 919 407 848 990 
909 813 121 665 592 596 313 152 245 903 
533 478 754 456 87 732 892 221 40 408 
877 649 147 441 555 509 630 709 204 530 
499 713 227 277 128 805 567 76 872 93 
513 455 198 836 239 69 757 985 494 610 
483 531 145 73 564 500 515 932 838 263 
213 240 717 828 350 326 806 188 177 420 
987 617 94 307 249 748 718 309 223 699 
874 169 247 306 947 316 726 140 787 334 
572 608 773 522 416 344 142 286 377 853 
275 16 303 14 387 107 81 411 272 67 
196 767 160 778 77 248 47 163 139 264 
397 30 685 703 706 929 620 176 672 935 
945 37 591 927 484 775 43 485 830 737 
1000 772 4 577 197 269 376 174 477 639 
385 583 955 386 643 677 153 290 251 601 
753 256 861 953 116 351 431 609 34 638 
963 657 760 396 644 28 414 426 521 482 
578 557 297 268 49 902 46 394 112 794 
581 667 367 170 465 1 283 994 986 218 
104 950 914 391 652 473 576 210 926 35 
705 246 532 544 516 346 23 463 816 171 
202 636 720 215 403 19 132 190 920 841 
859 175 127 64 185 628 98 637 966 172 
549 480 692 561 996 525 510 647 490 819 
687 253 282 894 179 771 856 427 818 723 
6 931 798 302 653 183 422 339 2 974 
206 680 565 781 701 193 434 148 765 312 
88 868 800 566 373 349 734 194 284 579 
812 743 837 645 688 184 255 803 729 774 
53 740 735 795 80 727 885 829 266 50 
731 167 293 588 854 883 358 833 342 458 
250 606 972 598 730 589 182 200 660 338 
507 271 899 967 563 162 101 725 366 281 
940 5 846 807 826 916 168 496 274 325 
362 9 855 834 670 621 388 108 111 89 
642 797 448 559 823 938 85 890 114 978 
457 980 808 36 777 708 78 341 560 479 
298 352 568 146 876 159 707 65 538 461 
863 137 714 612 118 99 822 815 951 776 
270 679 435 258 103 495 442 886 959 418 
237 896 534 119 809 134 424 508 369 786 
562 333 535 425 942 233 821 438 756 584 
27 553 793 267 228 243 912 850 865 320 
648 474 954 941 389 860 801 489 430 654 
384 870 395 517 827 54 529 421 867 769 
368 343 329 871 684 640 305 20 882 446 
873 58 519 225 675 783 287 594 695 467 
884 232 789 930 42 895 569 770 917 875 
849 74 662 574 716 294 659 61 844 224 
402 201 208 288 888 209 907 155 492 319 
719 423 7 428 356 973 627 524 989 623 
453 260 832 915 782 595 470 138 724 686 
607 57 681 505 378 998 493 635 32 764 
429 511 212 15 779 678 650 449 785 487 
655 189 207 361 702 154 711 231 697 289 
84 150 311 100 540 593 962 79 820 575 
900 405 454 450 125 45 130 590 943 539 
345 759 673 322 340 669 203 68 613 710 
462 634 512 556 842 758 804 497 891 961 
979 977 165 949 75 217 3 728 149 439 
375 763 752 96 664 364 506 898 235 357 
447 291 744 999 824 318 300 766 991 906 
383 498 674 464 582 436 173 226 292 216 
971 327 857 536 374 550 444 762 626 993 
981 481 192 70 957 433 254 862 62 616 
722 379 683 71 835 466 749 840 676 348 
244 
