501
0 86 279 472 438 191 353 32 410 128 
159 264 498 100 147 435 139 383 63 61 
231 223 360 408 400 3 117 274 476 134 
434 202 284 355 259 158 486 66 365 115 
198 354 18 267 473 121 413 466 244 205 
130 77 177 5 469 443 370 311 172 491 
216 212 188 59 41 141 313 75 242 214 
367 430 26 255 362 495 65 116 179 396 
12 62 51 160 393 327 309 196 358 137 
67 195 440 261 14 431 164 81 305 182 
148 170 146 339 13 185 92 10 405 70 
346 263 227 332 345 312 78 357 219 334 
107 30 394 246 275 278 119 230 436 37 
135 133 238 368 372 199 276 361 463 485 
114 197 415 382 106 432 420 9 20 490 
166 6 465 50 103 497 31 156 171 48 
79 211 105 186 201 399 229 468 83 228 
142 398 453 378 481 55 406 235 428 414 
391 482 422 487 82 183 266 85 314 138 
369 68 144 299 29 218 118 8 125 257 
471 213 458 326 460 392 80 452 287 285 
363 478 265 204 402 328 461 475 407 240 
258 386 253 499 87 90 245 140 318 33 
136 352 71 477 293 342 277 350 409 232 
411 331 181 234 290 112 98 295 280 483 
449 97 143 304 456 131 439 34 126 152 
376 488 426 221 108 320 150 122 56 321 
496 333 446 247 374 104 46 200 4 325 
2 174 42 193 494 129 344 153 296 96 
208 163 88 47 241 252 300 206 1 154 
215 356 444 373 64 416 294 217 251 237 
404 178 401 149 298 73 168 297 338 60 
39 323 307 43 173 403 22 127 21 57 
417 120 7 269 161 330 377 225 381 272 
27 292 395 151 429 175 441 459 113 464 
424 451 500 291 484 224 28 470 254 281 
359 102 239 324 19 375 95 189 109 336 
268 315 489 467 306 302 72 84 256 176 
248 455 479 303 165 462 425 54 419 474 
220 316 76 492 286 282 11 38 35 308 
40 385 250 44 190 337 16 447 384 387 
17 442 243 454 25 209 329 236 448 249 
52 445 15 421 388 58 187 412 457 390 
194 319 389 123 226 132 437 366 335 423 
101 53 348 347 49 283 480 371 222 343 
69 74 351 322 110 99 271 180 169 207 
89 192 210 349 184 427 167 233 36 155 
162 301 203 91 94 23 317 364 288 340 
93 124 433 493 397 310 45 145 24 341 
289 418 157 270 380 450 273 379 111 260 
262 
