1001
0 903 134 862 433 769 442 13 201 347 
185 150 294 809 892 614 782 12 998 329 
992 747 834 660 758 184 82 690 990 956 
912 548 883 784 704 631 459 813 274 6 
889 170 303 273 368 261 58 487 438 415 
882 744 868 530 307 241 810 121 926 289 
616 28 183 727 917 65 635 378 356 284 
218 234 947 165 31 741 851 637 376 408 
907 359 894 321 477 95 76 759 623 481 
923 489 633 498 567 230 885 318 849 238 
207 598 57 258 8 20 805 70 350 389 
257 839 701 348 405 30 950 456 50 336 
465 580 686 454 455 400 457 568 390 963 
80 332 750 682 301 677 242 563 642 896 
306 100 715 4 77 322 526 748 691 517 
922 3 888 794 200 531 107 46 126 383 
540 231 671 144 870 51 327 427 99 233 
36 308 752 195 979 836 14 858 711 511 
666 237 208 22 714 29 269 689 708 602 
855 866 556 764 339 652 730 970 736 482 
343 214 103 278 734 649 441 410 120 380 
843 104 9 911 90 900 47 694 558 428 
426 951 640 592 589 603 132 43 352 753 
488 112 742 975 657 986 193 191 109 265 
829 206 827 32 173 967 749 42 404 613 
229 560 450 627 674 143 585 521 256 10 
984 226 370 388 648 833 908 40 869 313 
11 363 976 123 391 304 653 437 757 960 
244 253 816 520 921 973 830 56 972 75 
600 375 239 595 853 41 555 946 291 79 
618 158 865 856 840 774 942 367 163 850 
171 709 692 771 513 366 448 943 429 945 
497 439 277 562 746 909 837 826 199 645 
713 187 302 798 285 772 643 928 225 824 
264 854 468 938 664 453 299 282 719 113 
745 781 581 930 179 610 1 881 918 988 
419 357 59 310 337 906 611 516 579 501 
186 723 787 546 255 164 997 717 247 409 
213 504 491 146 685 797 204 955 722 449 
502 915 777 559 335 440 891 739 873 45 
198 673 362 697 248 932 402 124 354 576 
542 52 844 156 279 525 317 871 340 169 
436 968 860 142 667 215 271 528 435 879 
780 324 953 659 687 995 773 766 599 702 
309 731 893 288 818 846 62 333 876 977 
887 538 863 693 518 545 53 651 533 176 
919 386 190 961 735 128 360 958 878 670 
68 24 166 786 770 728 574 582 756 119 
203 473 192 88 418 987 421 536 365 451 
981 669 117 820 591 149 221 358 496 586 
411 847 431 69 217 619 679 593 462 320 
681 48 413 792 807 822 232 97 493 729 
732 761 800 471 776 763 338 67 467 452 
783 293 612 298 914 341 27 394 861 54 
553 276 964 626 815 880 127 724 305 396 
760 1000 699 37 19 971 578 588 577 594 
503 895 474 311 275 755 486 936 539 267 
703 718 312 864 877 197 259 138 519 768 
754 228 115 634 859 852 188 300 872 933 
803 793 81 899 529 21 665 550 751 654 
270 102 832 492 392 557 393 886 160 159 
884 565 952 802 483 607 78 999 464 105 
374 707 168 789 145 814 661 316 573 181 
86 680 848 434 983 939 500 470 646 552 
114 695 601 676 924 700 98 283 821 817 
624 512 342 147 151 959 385 155 133 397 
828 249 845 23 535 212 710 61 716 18 
778 505 152 118 478 569 319 260 913 541 
66 110 251 262 606 85 475 222 712 416 
650 227 658 684 532 25 841 91 139 414 
243 445 683 254 811 194 527 901 17 508 
131 460 423 993 544 485 161 345 927 534 
63 89 129 515 287 268 510 740 583 252 
116 141 812 905 35 554 476 980 897 458 
625 101 835 406 64 148 377 403 55 83 
296 7 596 96 962 280 182 432 549 795 
180 978 806 547 495 94 551 84 224 479 
721 373 235 604 608 92 875 177 737 286 
605 196 785 509 290 384 379 315 314 326 
15 644 122 125 387 153 663 162 463 705 
617 825 941 398 266 334 2 808 325 461 
801 641 111 108 561 902 401 189 656 706 
178 33 636 996 240 672 5 857 916 910 
597 982 469 514 216 202 499 934 991 74 
205 137 480 399 615 831 174 994 931 140 
236 369 940 621 570 920 575 738 420 543 
622 71 743 632 447 937 443 328 73 490 
965 382 430 472 629 250 765 775 38 590 
948 344 355 175 297 867 136 804 246 935 
842 361 949 346 245 425 799 989 572 639 
135 675 167 331 985 733 39 791 620 422 
696 523 925 444 838 725 349 762 49 779 
34 323 172 219 263 720 904 106 223 819 
424 537 522 154 790 381 130 281 417 969 
584 944 966 93 566 330 796 351 353 494 
407 87 655 507 823 211 974 395 210 668 
484 698 890 272 587 26 688 957 446 564 
466 630 678 72 898 638 364 628 662 726 
209 524 44 371 647 609 60 954 788 506 
929 767 874 220 157 292 412 571 295 16 
372 
