501
0 313 280 90 24 74 246 488 1 128 
218 174 437 249 79 492 438 110 444 423 
286 451 373 48 164 22 436 9 447 215 
247 66 466 306 27 118 467 97 187 4 
269 369 394 482 106 241 32 148 298 11 
432 26 65 197 366 434 339 461 114 217 
53 149 154 330 195 287 235 145 284 479 
251 211 144 182 196 213 134 71 474 172 
295 404 428 96 115 230 440 171 292 88 
322 282 359 406 469 170 419 379 12 409 
242 387 390 424 178 414 219 99 2 18 
460 470 140 42 493 127 184 478 403 352 
212 225 449 314 494 238 490 50 360 267 
108 116 448 285 336 153 364 468 471 354 
334 427 179 391 105 67 123 87 416 5 
321 86 415 310 291 253 210 255 305 250 
443 275 143 353 47 496 441 462 77 107 
480 83 273 169 137 111 136 14 201 279 
243 408 228 398 268 52 202 385 487 263 
181 270 422 44 188 194 264 293 165 7 
125 335 464 370 355 192 64 435 163 357 
413 309 289 300 89 472 80 61 265 498 
75 399 28 183 146 29 421 31 307 368 
344 232 167 302 126 239 112 338 405 362 
350 193 260 495 457 317 456 500 84 261 
156 49 356 340 3 43 499 161 93 389 
34 388 133 122 407 204 453 486 473 8 
233 6 433 402 327 36 206 168 209 120 
40 152 62 452 333 25 173 442 190 16 
297 203 119 55 304 377 372 296 229 475 
76 150 320 455 248 166 237 277 445 220 
85 311 245 191 316 400 439 384 491 102 
481 216 95 141 382 401 39 374 276 257 
323 483 288 450 199 272 224 301 155 69 
429 380 458 227 45 258 81 412 78 326 
186 60 20 430 159 381 420 454 411 121 
131 59 397 299 175 465 244 185 256 477 
38 383 56 101 476 417 418 329 226 234 
318 58 358 349 342 208 259 98 129 345 
315 19 51 489 139 72 104 254 92 13 
73 91 68 378 348 30 425 266 365 319 
312 223 222 100 371 363 252 35 109 54 
177 271 46 351 337 82 361 160 205 124 
262 113 459 346 393 347 94 157 135 367 
324 308 142 221 278 23 189 138 332 17 
200 463 180 147 240 236 325 485 207 103 
10 231 375 37 431 484 410 341 132 63 
303 214 386 176 328 283 294 117 70 33 
396 21 343 392 331 162 57 151 15 274 
376 41 198 395 497 290 158 446 130 281 
426 
