321
0 266 132 52 136 272 27 296 219 169 
168 207 138 249 291 192 100 84 259 147 
274 215 183 134 264 182 165 212 94 256 
148 243 140 273 241 78 34 96 201 7 
60 39 290 141 12 298 152 162 31 28 
309 294 146 229 316 72 270 82 317 251 
135 311 178 196 292 22 267 263 90 268 
226 97 46 233 48 245 145 2 170 63 
320 104 153 213 242 38 51 8 254 193 
197 239 301 40 180 35 227 188 18 279 
3 130 89 214 181 5 131 300 1 179 
61 258 304 24 42 307 125 160 102 44 
80 209 86 13 154 79 111 114 164 189 
91 220 260 20 187 85 280 217 198 312 
302 10 109 99 216 127 285 237 295 223 
41 299 271 149 120 276 156 64 88 50 
244 230 26 173 166 262 143 203 68 158 
11 54 59 277 204 284 57 16 93 23 
56 247 293 105 248 191 238 65 205 36 
246 122 234 55 236 30 95 199 150 71 
25 319 206 250 308 155 190 47 211 101 
43 315 287 281 87 314 177 62 235 318 
286 81 29 103 303 252 184 9 17 107 
289 14 175 121 265 144 159 194 306 98 
129 269 4 67 32 225 185 218 124 112 
142 161 172 202 69 106 313 261 288 171 
118 240 232 19 210 66 255 231 186 45 
151 77 70 283 110 37 174 113 21 108 
15 128 126 92 157 139 305 275 76 167 
83 58 115 75 33 297 123 195 49 224 
253 116 278 222 176 257 228 282 53 119 
221 163 6 133 137 310 117 74 208 73 
200 
