251
0 79 22 241 204 143 100 98 183 35 
178 48 97 142 223 144 174 217 248 148 
234 30 74 61 89 141 32 21 162 64 
161 203 114 243 78 36 158 195 146 56 
13 159 172 10 247 150 250 27 6 38 
60 122 86 149 113 170 82 92 165 111 
105 193 131 39 41 199 16 216 167 215 
202 140 155 44 58 127 47 85 222 156 
196 45 19 189 132 168 211 81 209 197 
219 3 71 84 23 206 119 151 224 171 
184 43 29 233 221 42 136 145 83 177 
80 109 95 59 31 106 17 179 101 65 
237 208 76 102 225 75 118 139 125 157 
96 134 67 214 229 187 110 147 186 5 
107 24 88 62 28 160 63 154 8 12 
236 220 73 108 11 249 9 120 169 49 
115 232 228 54 226 166 185 37 116 152 
153 25 103 138 66 87 128 104 212 173 
50 53 201 4 242 231 46 124 129 77 
198 227 70 163 137 245 200 180 26 213 
244 34 14 130 2 1 240 57 20 235 
94 72 121 191 194 55 182 188 190 238 
117 207 112 246 181 126 15 205 68 40 
52 18 93 176 69 230 91 135 51 123 
7 99 90 192 210 33 175 133 218 164 
239 
