1001
0 982 789 180 308 835 872 477 686 770 
515 697 468 601 1000 431 961 67 175 894 
979 49 938 276 19 76 155 671 483 677 
481 430 66 529 713 227 705 771 45 612 
248 141 71 622 211 720 244 329 35 898 
775 613 499 429 700 112 338 824 249 421 
94 551 986 915 51 361 393 482 992 114 
231 280 594 389 68 573 495 436 129 624 
320 586 339 858 390 74 626 400 395 181 
222 873 810 377 943 923 284 354 735 637 
206 7 928 326 140 407 837 890 634 956 
443 518 990 274 288 342 399 204 838 402 
726 865 782 954 148 672 454 130 516 258 
266 685 83 557 178 73 678 889 744 993 
271 699 650 818 458 784 146 497 651 469 
803 217 766 951 384 731 989 374 876 240 
169 633 544 598 729 191 333 887 974 283 
174 349 867 800 419 202 364 542 441 118 
355 154 290 788 572 297 988 738 312 411 
119 158 666 96 963 410 464 152 826 688 
100 11 779 476 387 131 969 48 885 815 
292 365 946 311 640 869 438 665 981 163 
182 455 590 277 226 825 839 531 408 625 
939 602 638 149 540 176 721 263 846 935 
272 463 549 836 503 135 772 496 536 193 
337 428 949 565 382 303 239 683 255 417 
461 212 696 426 52 373 746 971 225 247 
820 734 101 93 62 319 953 786 964 931 
932 31 808 955 323 641 952 658 588 870 
905 1 862 570 749 868 664 55 8 156 
412 871 635 167 629 662 460 927 562 166 
448 924 552 663 970 322 619 884 233 514 
498 875 50 221 929 327 427 474 433 356 
911 161 645 113 912 2 28 121 392 104 
843 109 577 304 813 599 122 357 336 977 
235 608 778 143 654 504 517 942 936 607 
145 142 281 760 210 883 120 944 368 90 
341 343 348 5 310 147 203 144 184 921 
609 25 208 521 60 691 606 269 737 656 
484 138 520 502 605 56 63 172 192 424 
189 85 380 435 620 991 209 366 962 4 
330 777 972 842 358 802 449 916 291 88 
752 817 844 811 422 569 739 741 16 743 
660 46 506 242 220 479 127 799 914 340 
466 78 507 611 190 919 925 627 173 643 
404 934 27 628 262 509 70 693 861 698 
187 87 159 91 214 895 755 372 576 42 
900 493 583 547 510 555 644 716 485 43 
723 556 785 414 475 985 345 183 313 21 
630 933 505 268 575 580 574 103 218 806 
406 473 32 151 707 223 695 690 999 950 
856 287 563 351 14 403 610 472 940 753 
84 245 711 855 123 718 864 379 295 82 
160 362 874 750 383 457 439 229 804 639 
309 532 978 332 621 526 814 22 524 756 
232 725 462 968 275 359 378 293 717 375 
205 456 490 918 394 260 198 566 241 446 
64 153 847 998 9 891 487 901 95 545 
681 442 257 99 587 960 128 776 279 821 
185 648 418 47 680 126 730 589 947 381 
976 603 541 848 854 350 273 486 321 519 
186 669 948 774 369 593 196 86 409 966 
975 984 910 758 445 902 307 742 780 65 
763 44 237 334 39 987 689 764 880 667 
530 768 841 15 396 347 769 553 792 907 
967 164 673 20 859 491 670 675 655 564 
523 199 522 747 511 453 709 139 702 805 
853 41 423 823 331 261 294 278 849 494 
748 704 834 405 305 437 289 265 757 401 
344 706 58 110 267 238 819 623 353 254 
877 736 793 36 980 452 597 256 807 200 
527 471 301 282 579 367 945 286 168 105 
548 250 296 12 852 53 177 754 581 762 
465 892 270 236 315 10 23 488 133 376 
29 213 794 908 710 830 316 69 432 567 
863 489 909 385 647 243 107 653 722 72 
632 642 543 533 98 352 724 59 106 674 
881 687 317 578 197 314 897 676 773 733 
416 715 816 657 17 791 712 996 568 983 
201 216 937 397 24 930 6 459 328 745 
829 132 600 108 420 592 922 740 77 692 
832 714 787 512 398 259 879 170 997 111 
546 97 604 318 134 582 559 451 708 571 
728 207 539 246 224 827 34 508 162 840 
253 886 80 631 893 450 38 550 684 57 
703 525 298 899 440 117 781 795 751 920 
252 391 679 425 18 125 89 596 636 797 
513 363 809 370 157 790 668 759 615 822 
306 230 850 828 194 732 534 434 906 415 
812 37 470 765 833 228 558 215 719 285 
528 959 896 798 478 888 994 54 92 866 
195 115 251 995 958 61 851 913 882 646 
102 878 26 444 591 324 831 652 560 857 
188 480 584 75 783 264 614 595 537 302 
538 500 616 618 682 767 136 386 33 413 
659 926 903 360 335 179 585 81 137 467 
171 124 617 535 116 860 3 325 761 957 
904 701 727 13 234 346 150 796 661 941 
561 965 40 649 447 165 492 388 845 371 
917 554 973 501 79 219 300 694 801 299 
30 
