501
0 122 134 468 27 407 438 11 117 475 
330 429 405 372 69 3 200 193 218 236 
184 239 295 42 192 9 470 361 250 85 
334 96 153 308 342 175 45 225 58 202 
320 415 420 160 318 237 314 243 147 309 
215 49 497 282 88 494 269 35 423 146 
418 15 265 376 159 303 367 104 449 379 
191 313 279 128 336 180 93 331 400 291 
496 76 120 260 194 326 109 478 281 136 
123 460 198 74 344 79 439 91 268 31 
486 410 51 253 446 304 77 275 406 64 
135 186 82 306 116 92 416 97 169 278 
263 387 408 349 321 142 103 18 143 205 
428 140 249 72 37 421 7 86 81 110 
57 161 234 482 241 332 223 343 399 53 
362 354 316 271 477 43 457 19 425 286 
157 305 32 447 102 356 151 105 221 350 
323 380 347 63 139 441 381 16 247 397 
208 444 70 222 392 149 130 2 450 461 
141 240 114 233 500 463 483 163 227 389 
199 150 211 357 490 106 386 371 325 80 
181 172 484 466 52 258 377 337 451 204 
65 245 412 411 33 455 280 391 274 207 
94 119 133 39 62 300 23 404 359 257 
54 129 137 440 20 144 382 293 369 442 
5 339 115 390 152 431 394 360 126 248 
101 118 178 174 66 68 17 216 14 479 
188 255 364 224 36 445 187 436 166 481 
338 26 108 499 176 277 84 368 422 67 
44 177 329 246 168 213 340 327 324 284 
231 12 60 322 458 296 242 154 41 50 
125 335 209 419 462 301 164 251 256 287 
413 393 201 132 437 288 170 424 464 352 
498 299 210 270 78 480 443 476 22 87 
403 435 401 319 384 489 107 348 46 229 
21 259 363 409 145 121 285 47 131 366 
385 158 226 317 289 448 214 273 98 40 
183 13 197 487 353 432 254 179 312 472 
378 328 127 73 355 346 4 75 29 471 
235 196 56 38 333 217 485 24 171 83 
290 417 469 311 491 244 61 467 59 302 
55 232 230 219 345 465 373 173 203 34 
267 474 262 310 426 71 165 99 190 182 
351 454 434 396 185 167 315 430 395 113 
283 414 402 365 48 252 138 433 25 307 
228 261 388 492 297 111 272 495 398 452 
264 156 95 266 189 90 292 341 238 124 
162 294 453 358 459 488 212 375 383 370 
10 276 28 220 148 6 493 155 298 89 
1 112 195 473 8 206 374 427 30 100 
456 
