1001
0 518 712 768 983 994 930 271 778 284 
10 666 563 974 491 544 965 854 788 569 
432 523 627 374 188 849 92 24 406 429 
298 912 87 3 921 359 459 99 85 20 
820 993 465 995 400 181 55 344 765 841 
346 990 255 769 991 172 557 33 224 613 
401 63 876 526 586 240 238 805 311 706 
141 32 234 111 235 904 328 975 515 199 
781 242 710 883 804 924 509 931 183 507 
699 528 117 155 786 221 636 597 17 347 
357 946 602 754 136 15 21 122 828 422 
623 263 249 554 408 683 23 275 780 369 
759 588 784 101 320 391 331 402 9 644 
739 985 35 767 889 680 662 576 815 227 
885 696 16 464 309 110 398 800 206 874 
44 857 460 175 439 42 82 681 162 154 
113 540 729 424 928 103 156 180 229 715 
927 46 570 752 870 457 443 477 537 362 
694 2 655 245 782 561 604 929 481 130 
711 678 521 730 614 882 785 514 43 201 
832 169 660 404 81 300 176 462 186 971 
72 356 863 132 592 559 959 817 779 345 
378 656 822 872 197 253 376 295 53 230 
630 826 436 700 316 454 914 536 288 902 
758 312 981 243 420 139 313 405 152 389 
57 37 70 574 926 469 12 372 762 909 
541 52 618 382 748 278 247 296 25 952 
682 326 942 442 383 213 49 864 944 553 
22 992 695 923 609 724 256 966 916 377 
814 649 166 135 416 616 281 50 895 984 
30 807 766 267 299 821 306 471 336 36 
573 225 367 653 147 911 704 78 60 545 
987 277 617 774 612 562 297 128 19 690 
500 976 845 161 334 732 165 58 676 575 
892 549 480 852 115 624 483 773 941 196 
692 163 505 260 585 659 395 922 572 18 
596 908 184 368 738 325 426 453 744 61 
868 626 114 813 418 772 69 890 733 327 
123 390 688 548 333 290 756 291 207 190 
239 463 419 125 397 498 866 138 657 685 
185 861 673 771 647 896 726 619 591 819 
719 522 387 187 860 721 486 396 629 791 
635 497 550 167 84 322 645 903 393 458 
741 674 448 379 862 73 566 237 435 661 
209 140 354 447 348 495 668 472 129 363 
451 355 907 38 452 867 394 988 266 669 
955 973 437 702 324 787 134 144 910 62 
865 658 878 251 968 484 742 516 98 961 
232 718 475 317 280 258 533 282 4 272 
905 261 384 996 716 414 217 276 366 853 
622 689 534 476 856 109 493 834 736 26 
648 664 94 651 880 829 149 216 825 77 
650 146 743 403 925 948 67 388 998 806 
444 89 286 578 789 654 705 764 182 593 
244 947 607 126 496 485 120 265 980 546 
427 945 59 749 488 332 640 499 632 214 
304 722 665 39 717 671 893 935 223 64 
257 803 809 321 119 580 205 972 106 323 
274 740 871 565 679 747 943 490 478 938 
412 999 810 532 192 802 170 479 54 116 
663 693 625 633 958 360 195 228 270 587 
248 145 837 997 709 31 639 262 672 606 
851 273 513 869 438 967 252 456 381 124 
728 598 519 341 233 104 897 652 171 318 
582 962 29 790 202 335 112 47 846 231 
440 168 714 643 960 56 898 68 527 920 
287 45 937 818 285 28 93 189 474 142 
329 431 776 571 51 720 293 763 449 319 
455 361 373 41 415 446 708 343 628 158 
211 775 940 150 611 970 7 105 210 525 
349 174 608 957 80 750 95 14 584 148 
392 777 698 358 375 631 963 824 677 556 
399 489 79 200 734 179 8 792 783 441 
877 157 830 746 127 603 838 543 303 542 
466 83 581 108 411 801 212 314 637 407 
96 74 848 445 520 956 337 831 193 577 
850 836 982 510 901 964 568 76 351 843 
218 691 917 594 153 501 283 599 264 529 
370 1000 979 891 430 215 760 194 204 590 
177 259 796 151 34 755 798 884 977 934 
219 855 40 482 675 844 684 512 899 900 
461 667 753 794 795 342 954 620 761 131 
246 757 642 208 91 508 241 65 915 811 
468 875 27 100 308 434 143 735 816 823 
539 567 978 842 530 737 745 294 600 492 
840 670 919 552 13 386 847 75 731 350 
305 641 417 687 102 97 385 697 160 137 
531 380 564 918 538 191 859 812 159 751 
969 524 307 269 879 421 48 881 888 949 
494 951 1 989 6 703 873 713 339 808 
547 364 5 315 727 583 66 634 268 950 
236 450 601 330 638 835 423 503 701 723 
279 797 511 164 203 933 433 725 686 579 
953 621 425 799 906 707 560 858 595 71 
551 827 90 487 589 770 292 833 913 473 
839 173 932 504 365 310 410 338 121 502 
610 939 555 793 301 605 107 517 646 353 
894 886 535 470 226 936 133 615 86 289 
371 506 88 302 118 887 198 558 413 428 
467 986 352 250 222 340 11 254 409 220 
178 
