701
0 453 674 285 681 5 402 162 61 622 
571 572 282 115 138 698 567 337 600 411 
199 127 330 207 551 634 209 262 371 267 
537 306 241 68 230 648 450 494 611 16 
485 663 105 514 181 333 289 505 465 646 
41 29 26 373 225 30 172 601 75 700 
365 679 212 690 33 591 669 270 647 211 
629 666 168 354 351 256 370 184 111 183 
339 182 463 279 506 393 476 654 544 110 
479 42 253 657 608 38 244 598 260 248 
488 546 163 603 80 342 436 28 667 299 
116 296 484 1 446 62 563 331 386 678 
523 194 628 418 108 190 500 356 201 47 
315 83 48 643 136 97 577 477 496 191 
589 349 320 526 627 142 511 216 435 158 
689 53 242 419 298 203 27 301 131 427 
263 560 529 329 324 123 125 495 304 266 
387 487 328 96 469 521 396 338 169 50 
335 656 36 8 543 533 414 355 9 74 
265 34 470 3 52 457 602 310 46 578 
372 478 334 474 54 145 322 161 696 599 
2 24 580 264 444 685 632 177 13 86 
408 466 672 240 312 231 616 44 222 91 
553 214 676 63 615 516 438 101 653 530 
218 88 497 557 359 178 695 673 525 237 
343 102 314 92 431 59 555 407 624 586 
413 412 344 255 198 443 94 323 23 501 
445 510 6 389 617 336 451 174 651 593 
462 196 66 308 633 540 258 596 664 403 
188 19 699 149 81 287 661 332 340 317 
581 380 467 400 243 392 175 531 504 259 
72 132 542 448 90 129 558 588 307 119 
517 277 294 422 639 226 288 35 295 381 
509 346 528 278 631 645 442 15 464 187 
675 623 7 489 391 40 686 461 409 459 
160 261 189 176 319 590 325 636 234 286 
660 539 57 468 383 454 576 429 118 180 
69 273 283 200 637 254 49 587 276 284 
113 395 490 151 99 683 17 227 499 252 
65 87 614 374 274 605 358 369 652 55 
566 568 56 619 78 157 232 67 609 4 
236 128 434 152 275 70 31 417 493 221 
210 103 223 625 641 120 79 677 594 604 
228 117 134 552 98 12 397 694 382 292 
141 95 71 562 341 173 204 345 146 300 
433 569 233 613 570 416 482 585 618 245 
548 246 73 239 377 251 475 556 471 104 
626 658 428 135 498 368 534 316 192 491 
404 171 519 361 492 60 379 37 195 670 
85 559 309 541 486 126 535 363 124 156 
154 532 77 238 347 205 688 10 364 550 
582 432 394 43 18 269 697 249 441 321 
684 350 303 607 630 439 114 595 508 186 
139 584 327 573 290 229 39 148 14 691 
353 638 155 311 84 197 143 378 410 472 
659 165 515 447 302 481 318 610 575 665 
32 305 682 606 693 415 449 671 388 536 
668 326 348 291 357 217 121 170 406 644 
366 147 109 122 224 247 202 257 426 293 
549 538 405 452 564 547 480 662 458 430 
375 219 527 313 545 518 424 25 455 272 
376 137 179 58 133 20 561 579 166 297 
153 687 235 420 144 280 522 215 362 150 
164 250 423 213 21 440 655 437 385 130 
64 512 635 45 159 502 592 401 76 554 
106 398 456 89 82 620 206 565 692 399 
140 513 271 574 460 520 612 107 650 367 
390 268 649 621 185 680 93 507 112 22 
642 360 193 51 421 167 11 524 100 640 
352 281 208 425 583 384 473 220 503 483 
597 
