161
0 160 120 9 3 100 54 70 112 40 
124 26 57 135 16 8 56 18 69 58 
75 143 6 128 84 72 129 116 13 59 
105 110 118 81 63 137 46 108 12 146 
66 67 61 32 48 97 11 136 4 152 
98 34 83 25 80 90 68 107 122 130 
159 37 88 138 38 157 44 93 106 132 
141 27 62 147 125 30 19 154 65 35 
64 94 76 89 10 5 131 111 42 33 
79 123 77 20 142 153 23 31 87 53 
115 2 150 134 86 133 24 144 127 117 
28 104 52 36 92 121 45 74 7 91 
119 1 156 15 109 95 155 39 114 51 
96 113 47 82 99 22 140 145 73 149 
50 21 43 71 49 29 17 158 55 151 
60 101 85 103 78 139 126 102 148 14 
41 
