161
0 35 53 41 48 59 70 107 32 99 
140 23 61 20 113 11 5 8 119 139 
84 132 114 124 118 51 151 75 6 18 
79 105 88 54 134 85 100 43 27 9 
87 148 153 110 120 65 60 16 25 56 
2 117 149 63 97 7 1 108 112 37 
90 80 158 106 122 55 52 40 14 72 
94 95 78 77 15 136 89 144 71 96 
98 104 12 91 66 127 142 111 133 64 
34 93 36 45 82 3 143 47 67 103 
131 13 147 137 10 39 156 154 141 46 
145 26 83 115 109 146 123 129 157 42 
30 17 102 58 159 101 24 76 28 49 
86 33 44 126 22 116 69 130 21 68 
19 29 155 160 57 62 121 150 125 50 
128 4 138 74 152 92 31 81 73 135 
38 
