1001
0 135 656 271 57 847 642 256 501 762 
715 246 879 666 968 781 595 199 994 270 
220 407 424 39 891 419 488 624 182 986 
869 733 4 9 696 482 353 71 121 230 
736 583 223 861 913 561 995 843 388 361 
722 809 728 153 525 308 242 29 280 743 
606 963 400 727 634 682 523 772 392 50 
860 398 504 24 749 824 236 568 589 747 
239 17 957 389 44 149 291 538 999 776 
119 319 786 799 769 748 892 19 639 326 
210 513 154 290 348 596 511 128 840 207 
402 645 601 52 731 170 45 697 357 648 
240 819 332 362 980 936 800 252 208 445 
370 86 305 112 293 28 164 82 469 278 
679 620 132 75 931 151 160 751 55 463 
977 878 544 418 77 299 660 890 974 659 
415 547 146 212 790 765 347 951 172 798 
580 324 159 273 796 973 126 358 665 956 
897 712 416 989 89 681 637 53 328 874 
43 484 972 374 828 778 192 822 118 282 
38 985 756 884 817 449 471 863 171 795 
783 454 10 321 626 253 946 604 571 632 
702 156 390 41 103 864 556 714 48 718 
658 925 704 941 801 991 369 423 947 512 
111 717 838 594 920 452 219 929 379 834 
724 382 770 331 277 123 603 351 368 816 
587 650 567 40 598 359 689 150 859 902 
46 497 984 975 173 124 323 611 314 746 
196 635 56 233 794 829 217 527 868 649 
339 406 487 344 458 395 49 545 784 376 
644 202 155 335 640 825 397 597 846 91 
930 842 434 405 534 739 185 903 191 14 
967 489 928 835 186 22 165 83 247 730 
586 570 441 657 873 259 371 616 443 31 
317 411 949 654 494 427 667 174 519 227 
183 572 944 921 708 578 777 549 399 500 
198 932 763 933 249 3 169 934 447 383 
564 453 617 821 590 515 100 719 385 566 
289 115 365 862 662 922 254 713 493 959 
107 866 47 655 792 215 94 524 912 125 
690 757 738 66 23 737 440 250 744 983 
669 588 284 555 426 575 753 442 684 486 
387 865 758 386 907 629 297 535 350 340 
805 993 16 871 461 234 35 420 283 21 
140 106 548 775 945 137 600 433 619 54 
554 716 127 976 688 522 915 883 352 774 
248 162 73 205 343 582 955 476 341 158 
699 88 923 222 850 562 456 836 444 238 
924 969 768 948 670 516 593 982 621 309 
815 37 647 342 221 530 779 514 104 110 
6 117 96 754 70 591 421 425 225 439 
141 703 79 178 80 237 998 576 885 618 
518 98 349 410 231 409 735 833 905 687 
380 276 694 330 184 636 630 306 175 429 
116 804 455 979 910 166 337 114 180 67 
867 286 508 646 490 213 839 721 457 62 
971 505 577 759 472 988 543 849 823 844 
911 229 334 672 802 761 292 251 908 176 
559 926 958 935 888 622 510 468 354 403 
526 477 64 573 18 546 108 764 483 942 
25 480 499 780 167 367 877 179 676 904 
325 65 363 978 806 145 954 965 881 310 
197 661 565 201 870 200 304 142 226 491 
820 531 882 901 962 532 81 177 940 345 
990 760 856 742 937 917 7 628 608 579 
625 274 755 685 58 466 875 391 585 725 
93 203 11 615 134 51 641 807 393 105 
651 262 295 279 964 413 789 893 401 15 
481 845 303 831 92 300 700 752 610 599 
787 918 785 412 536 5 814 987 95 417 
129 631 144 136 264 218 133 533 592 301 
61 377 788 643 729 726 563 473 810 851 
502 467 224 209 366 30 605 69 327 698 
914 981 909 475 521 613 187 614 938 396 
228 131 638 895 900 364 338 157 404 68 
152 943 709 269 1000 311 281 612 812 268 
939 478 333 211 90 919 569 855 701 732 
265 734 553 216 899 740 97 63 791 204 
373 723 193 460 916 706 771 766 872 693 
195 997 691 163 316 857 99 560 966 767 
244 432 272 161 550 260 446 188 2 34 
952 329 288 541 506 652 287 528 848 266 
889 245 584 837 74 677 194 854 627 474 
539 27 372 346 360 451 139 101 257 841 
464 852 1 206 33 830 503 143 960 320 
109 428 803 336 36 574 551 623 375 430 
394 414 294 876 542 609 462 853 285 678 
436 113 232 509 664 808 76 886 470 686 
671 710 720 267 832 465 12 607 674 492 
540 927 552 970 318 26 633 773 537 302 
711 793 437 214 315 322 707 653 827 750 
450 557 138 495 431 581 858 906 996 356 
558 992 818 668 459 479 263 189 507 102 
378 13 422 20 85 168 517 961 275 602 
898 235 741 255 529 887 32 312 782 298 
683 498 675 84 673 87 813 896 880 384 
307 72 695 435 148 680 520 120 496 745 
826 241 950 953 894 797 60 408 448 190 
78 147 258 485 381 438 130 122 181 313 
811 8 243 663 296 261 692 59 705 42 
355 
