251
0 188 11 37 51 85 179 21 218 128 
133 157 94 124 165 103 139 118 232 52 
205 142 247 26 83 149 148 227 156 229 
32 106 195 190 140 134 40 18 238 192 
120 56 24 14 245 207 219 198 114 235 
136 19 47 107 90 146 82 225 248 152 
99 224 39 55 58 81 8 201 41 144 
5 163 79 117 87 153 84 70 44 29 
62 130 15 3 105 2 7 234 172 197 
217 66 162 67 17 173 171 250 68 132 
223 230 203 123 226 69 73 170 50 13 
210 80 176 20 161 59 115 101 214 27 
236 108 244 93 76 220 174 98 6 65 
100 111 167 63 186 243 194 137 231 35 
91 92 202 61 113 23 72 43 160 237 
57 122 242 182 150 151 158 191 211 159 
141 239 154 112 60 187 71 53 86 10 
193 221 249 88 126 183 30 33 45 4 
34 215 185 208 49 97 240 135 31 121 
196 181 233 204 168 131 147 22 184 177 
180 145 104 109 246 48 209 125 222 75 
96 1 25 138 89 155 78 127 216 169 
213 119 212 46 38 42 16 102 189 116 
178 241 74 199 54 64 28 166 36 164 
110 12 129 228 9 95 206 77 200 175 
143 
