161
0 27 91 33 153 123 78 71 26 114 
150 64 132 5 4 61 113 135 94 13 
6 124 72 20 9 52 98 24 16 54 
77 56 65 105 75 76 60 79 119 140 
116 39 42 17 149 131 157 118 58 43 
143 74 30 101 23 47 19 68 111 121 
31 81 1 158 22 67 160 15 46 99 
11 38 44 25 112 100 88 106 151 136 
7 63 147 156 37 145 73 89 83 115 
125 129 45 97 127 152 159 48 57 109 
21 84 69 80 155 93 144 40 141 59 
120 107 134 137 139 142 128 122 90 95 
133 103 86 96 85 28 102 32 110 8 
146 18 92 154 70 14 3 108 34 66 
126 51 55 29 35 2 148 10 62 138 
12 53 87 117 50 104 130 82 49 36 
41 
