321
0 15 77 168 289 244 173 115 13 147 
165 122 6 30 116 54 155 263 70 219 
149 88 184 59 151 319 320 182 301 46 
81 220 163 137 178 3 274 305 171 248 
109 78 280 318 18 142 106 190 307 223 
153 69 197 308 314 298 51 265 76 186 
1 71 107 86 179 129 114 162 14 99 
102 290 285 29 176 135 303 154 9 119 
140 213 93 227 85 268 169 230 283 216 
156 278 34 172 196 275 166 235 272 304 
262 8 300 96 95 315 264 24 232 183 
20 40 206 177 32 238 284 193 180 237 
104 291 47 38 136 84 243 128 91 254 
207 234 239 273 100 302 229 309 108 50 
293 189 269 228 287 192 205 132 66 28 
87 188 270 195 198 138 27 57 80 316 
68 126 299 60 131 221 134 201 7 255 
266 22 120 61 19 148 187 118 110 311 
16 215 231 55 286 245 279 294 98 233 
191 256 94 313 288 79 306 58 103 33 
48 210 25 241 145 174 247 224 63 271 
242 261 90 252 199 141 105 249 17 296 
124 312 125 101 181 143 150 4 92 222 
89 111 35 253 160 67 167 11 75 236 
214 204 246 117 292 144 133 226 211 72 
123 170 259 257 146 41 310 297 45 208 
82 83 194 36 260 39 240 158 44 65 
277 250 53 200 31 21 26 209 37 217 
159 121 276 203 202 2 64 175 295 62 
225 49 73 97 317 23 212 5 164 258 
74 130 52 139 12 10 112 185 127 281 
42 161 113 157 43 267 152 282 251 56 
218 
