501
0 392 305 422 371 426 183 153 454 265 
24 475 484 67 356 194 164 154 35 367 
274 22 7 248 335 409 196 81 307 92 
201 436 235 247 466 441 370 393 17 195 
169 32 369 390 226 2 269 389 299 255 
99 103 198 61 236 442 404 499 228 365 
193 245 460 456 268 332 165 57 249 65 
275 129 320 27 464 74 244 354 179 219 
358 418 300 101 411 217 273 359 175 5 
85 417 9 240 158 281 155 206 84 44 
21 450 279 227 463 256 147 197 75 482 
25 210 56 128 77 188 258 120 222 106 
221 496 43 465 105 166 377 134 46 424 
209 66 199 276 288 382 488 330 467 328 
60 331 151 172 252 23 459 362 86 401 
38 443 322 423 11 64 301 384 353 440 
110 406 127 296 208 430 212 485 20 215 
347 435 47 378 29 15 42 220 41 313 
139 14 107 211 98 191 343 319 230 90 
237 73 318 59 242 97 13 52 302 385 
1 410 444 344 497 289 241 391 476 162 
31 28 457 233 428 495 167 303 292 94 
243 386 471 472 229 340 95 500 214 487 
76 141 477 361 416 380 376 261 421 480 
290 452 286 260 48 395 189 152 400 264 
251 402 19 325 12 96 163 145 282 327 
30 366 137 176 117 6 146 333 190 425 
51 398 150 102 284 388 142 53 185 58 
283 373 312 438 458 316 216 16 455 49 
71 473 173 156 187 449 341 489 177 118 
308 309 427 246 100 124 133 310 184 37 
329 10 474 352 34 291 50 490 55 486 
238 383 394 294 132 231 360 157 304 112 
267 349 203 148 345 266 54 439 446 62 
461 223 364 451 33 69 135 494 338 140 
323 379 399 295 114 181 168 144 26 257 
293 170 420 109 4 218 334 200 298 89 
122 433 250 397 88 171 149 297 453 462 
413 80 493 78 79 478 232 262 448 113 
351 254 205 372 263 336 125 36 396 234 
68 363 225 93 287 326 492 202 403 143 
434 408 182 429 350 470 271 405 311 104 
277 374 469 180 239 40 159 447 123 39 
111 414 481 306 368 126 324 355 82 115 
357 83 317 387 346 285 213 87 259 178 
337 437 91 315 174 224 498 272 483 432 
407 415 280 445 321 375 121 70 192 116 
131 204 138 339 186 3 18 419 412 314 
207 342 108 8 270 72 278 130 63 253 
119 479 468 136 491 160 348 161 45 381 
431 
