161
0 69 18 5 158 55 75 123 64 110 
103 138 159 41 87 82 32 29 71 52 
88 86 102 21 100 132 60 121 74 14 
2 37 85 9 83 111 129 36 26 63 
77 47 106 1 45 108 142 27 120 10 
144 156 155 61 79 89 40 126 118 153 
116 48 93 12 112 35 99 94 25 115 
97 62 66 90 149 67 92 7 141 98 
104 113 80 57 11 31 131 147 109 38 
81 58 134 119 137 4 22 95 20 8 
51 128 124 125 33 19 23 53 43 46 
76 16 152 54 157 84 39 59 78 114 
136 30 101 6 34 148 17 96 49 154 
91 127 50 105 44 68 145 143 72 65 
13 117 42 133 28 56 140 107 146 160 
139 24 122 70 73 3 135 15 150 151 
130 
