501
0 348 317 104 6 403 99 361 46 133 
169 369 19 375 48 346 29 302 63 447 
154 395 420 446 497 56 69 485 186 316 
210 30 62 180 357 257 7 208 60 94 
167 121 165 221 365 112 360 438 405 101 
482 472 59 277 443 202 205 106 389 161 
457 77 32 377 452 440 276 480 17 91 
25 469 211 83 359 418 297 278 96 185 
353 20 23 311 134 435 40 166 459 12 
322 92 426 461 67 354 329 55 408 390 
52 247 174 15 5 126 398 139 368 114 
97 78 385 74 483 477 299 184 177 64 
136 216 129 49 473 27 171 327 200 117 
376 427 285 380 333 328 378 332 222 364 
201 21 347 223 65 79 414 188 57 307 
181 39 492 237 140 340 416 34 499 495 
429 2 300 148 220 284 135 43 460 479 
209 468 339 345 352 258 319 13 189 259 
404 125 367 400 399 466 358 102 422 160 
256 85 268 272 14 141 203 366 107 179 
219 301 118 442 325 76 419 84 234 312 
248 386 145 334 373 306 197 22 337 58 
381 151 86 26 431 487 309 338 146 372 
289 11 93 288 147 318 434 384 321 122 
295 156 214 291 406 470 172 462 493 320 
231 187 44 433 270 162 98 262 236 423 
207 355 150 343 194 70 393 89 263 158 
249 251 88 1 244 290 253 465 286 413 
66 296 437 73 287 246 351 18 491 45 
144 24 391 428 159 432 212 155 10 264 
116 481 458 349 191 424 250 363 305 217 
132 387 370 282 326 453 204 392 274 103 
80 490 71 108 173 206 379 142 137 471 
293 463 41 394 444 175 254 241 33 72 
4 498 350 467 397 37 51 273 456 183 
245 474 281 149 152 196 425 130 242 323 
279 225 111 409 265 218 193 68 239 298 
362 294 415 199 313 36 105 280 314 178 
82 224 176 252 335 449 90 192 275 243 
489 226 410 9 436 215 388 412 331 153 
441 283 124 75 454 269 484 330 127 31 
87 229 235 341 157 8 310 303 476 255 
168 16 308 464 164 233 28 195 42 271 
374 232 383 47 143 190 110 113 292 455 
120 488 344 382 238 371 38 227 128 54 
402 396 496 407 266 401 475 35 230 95 
182 324 421 261 228 478 448 53 439 417 
451 450 315 240 81 486 109 267 356 198 
138 115 131 213 163 445 260 50 119 304 
336 170 342 123 494 100 411 3 500 61 
430 
