501
0 106 227 133 254 267 10 493 470 187 
224 96 44 248 347 45 341 483 499 201 
444 372 389 451 140 426 102 9 28 180 
391 70 56 103 490 446 348 32 193 11 
333 323 319 41 356 176 315 384 279 71 
293 167 476 434 34 256 173 475 380 412 
207 72 307 110 368 296 276 469 151 117 
355 16 25 215 166 411 291 387 340 236 
310 371 495 105 204 440 268 192 435 496 
174 57 272 436 136 402 252 442 382 84 
185 178 157 320 218 7 14 183 6 74 
143 235 240 455 407 42 49 286 367 244 
30 164 481 73 374 188 159 445 314 210 
471 431 243 437 154 161 498 484 63 253 
1 282 287 134 439 370 26 81 433 89 
43 273 197 361 327 37 13 410 422 155 
303 466 54 453 100 24 409 132 257 75 
220 69 430 17 170 280 221 162 169 23 
39 230 416 88 200 114 326 92 104 262 
186 260 263 65 239 228 147 338 226 396 
421 94 474 31 245 358 115 449 50 66 
222 305 189 4 148 277 281 278 478 500 
365 364 408 388 265 492 179 289 91 452 
288 77 351 76 142 459 119 216 335 8 
456 488 247 486 67 219 420 381 112 113 
485 55 99 60 29 343 86 450 206 275 
123 419 130 255 48 225 472 467 394 357 
363 205 46 366 20 209 350 352 406 413 
62 139 27 489 427 460 250 454 160 359 
417 290 152 399 477 405 38 336 443 342 
101 203 432 121 403 59 249 345 126 194 
479 58 383 386 128 258 93 237 461 316 
35 85 181 375 301 118 12 53 165 311 
309 494 441 144 462 353 52 196 150 232 
18 285 379 465 125 415 223 246 172 304 
198 87 229 270 259 330 325 294 269 108 
414 354 107 61 423 385 447 491 137 149 
448 51 177 68 21 82 482 234 400 312 
127 429 332 64 109 168 284 318 175 458 
418 158 346 184 337 283 231 97 349 344 
306 214 339 199 33 464 95 19 393 241 
146 251 212 78 378 317 264 233 80 171 
217 373 156 120 428 111 324 122 398 376 
468 2 360 392 390 79 116 299 131 302 
141 480 292 208 266 308 47 15 3 182 
242 129 438 190 202 404 362 297 298 22 
90 195 457 329 98 334 163 145 36 487 
377 322 295 153 135 83 211 138 261 300 
463 497 328 397 271 401 369 473 124 425 
313 321 213 5 274 424 40 331 395 191 
238 
