501
0 421 453 433 6 498 270 415 224 266 
500 362 82 69 395 189 325 470 214 396 
350 197 77 20 472 24 106 454 308 327 
469 257 368 103 213 5 388 371 195 90 
287 306 455 496 364 58 316 437 342 240 
435 353 232 231 97 42 402 244 129 141 
382 440 499 258 108 256 301 51 55 333 
444 289 397 169 294 381 211 389 133 279 
180 269 190 408 210 191 225 114 183 407 
102 318 285 130 248 161 467 200 111 15 
495 138 32 218 304 176 249 260 198 284 
179 167 158 155 19 463 26 459 229 480 
118 204 137 347 182 352 239 215 223 398 
400 359 427 115 16 491 439 250 17 93 
293 144 330 334 276 375 67 12 369 38 
445 490 425 41 56 149 253 53 49 432 
296 446 473 286 18 322 457 394 241 486 
85 405 212 345 420 104 363 227 196 488 
159 78 47 447 9 277 52 46 150 460 
403 63 207 186 74 123 452 410 30 374 
145 185 343 456 126 22 8 321 194 310 
349 216 139 429 336 251 303 124 96 376 
324 109 315 288 300 430 233 202 120 295 
40 298 392 451 401 332 221 426 387 236 
107 36 64 458 132 156 57 423 497 184 
475 166 417 235 50 2 377 71 273 243 
356 341 416 462 384 305 255 1 14 100 
119 357 291 99 339 468 385 281 331 33 
373 307 265 361 34 338 131 358 173 380 
262 360 271 88 127 261 174 413 479 79 
411 171 87 335 297 154 175 168 192 116 
160 205 121 80 177 151 61 442 386 230 
54 474 311 68 44 390 312 320 23 493 
66 275 461 10 89 76 272 478 245 247 
134 378 81 346 146 105 340 217 65 344 
142 438 466 62 35 70 337 21 91 228 
29 112 419 153 283 226 37 482 178 441 
282 94 128 404 199 329 355 313 399 220 
172 140 136 326 449 39 367 465 268 252 
219 187 448 246 292 188 365 372 147 319 
323 317 464 143 157 348 406 162 203 13 
201 59 75 238 351 113 110 170 314 237 
428 263 412 485 418 45 193 181 481 206 
148 422 477 31 3 83 165 494 122 489 
209 125 98 492 391 264 60 414 163 92 
434 222 7 280 484 72 383 254 450 43 
242 424 234 393 152 436 487 117 309 299 
25 101 370 27 164 379 11 48 259 4 
267 366 290 278 431 84 274 28 354 483 
302 208 471 135 443 328 476 73 95 409 
86 
