501
0 388 27 496 165 305 133 423 271 251 
497 110 314 489 119 363 283 113 255 338 
7 84 474 245 246 75 439 10 3 440 
421 123 302 206 74 79 179 30 196 415 
471 375 425 340 6 11 153 274 107 351 
115 380 202 296 188 254 378 24 156 51 
66 225 106 169 436 438 322 345 256 284 
47 483 263 4 117 218 286 265 476 238 
137 170 382 178 241 405 454 268 96 370 
211 167 68 275 272 397 91 295 495 394 
419 478 134 360 459 460 146 50 359 398 
294 390 93 333 389 125 350 224 349 151 
416 161 184 8 192 413 463 336 431 22 
399 138 94 129 171 230 494 376 493 29 
317 490 277 55 144 306 5 208 135 414 
72 143 252 19 417 201 468 108 323 384 
327 174 214 348 362 430 43 205 337 122 
166 73 215 282 23 355 194 17 35 481 
297 393 177 480 20 81 12 458 387 90 
408 223 67 374 136 62 406 253 409 391 
240 329 200 461 126 199 231 14 189 149 
303 95 92 451 109 472 452 59 190 104 
291 418 222 155 492 243 278 38 33 16 
280 250 36 120 61 160 396 453 364 128 
308 270 488 49 197 148 312 432 182 164 
15 341 464 372 114 334 450 328 482 142 
307 97 64 498 410 76 444 13 357 466 
276 217 371 462 428 18 261 185 379 342 
52 304 232 158 111 264 335 310 319 467 
209 449 26 124 456 226 325 403 445 175 
228 28 204 385 292 221 448 203 257 420 
198 83 118 1 324 339 435 163 473 485 
273 31 53 181 491 131 100 465 85 443 
358 289 249 315 300 88 21 290 424 39 
154 37 207 212 127 313 235 60 195 412 
45 213 486 176 407 229 77 392 326 34 
87 70 318 65 367 216 130 422 260 239 
63 281 42 411 343 369 347 32 78 262 
366 353 457 234 299 147 101 426 356 103 
210 285 187 242 455 401 48 159 69 219 
484 354 172 500 157 365 247 57 332 116 
102 386 40 402 80 433 2 150 320 499 
475 381 191 469 446 46 479 434 311 321 
395 368 54 442 383 331 89 233 41 346 
132 373 477 487 279 470 193 441 168 236 
269 427 267 437 173 105 344 183 301 220 
293 71 227 162 98 259 121 180 186 447 
237 152 309 141 112 377 404 266 25 139 
288 361 56 330 99 400 429 287 44 140 
58 248 145 244 316 82 258 298 86 9 
352 
