321
0 146 292 14 213 290 232 106 271 18 
50 314 115 174 310 97 289 83 218 250 
77 219 268 212 44 266 4 36 76 65 
111 68 319 274 161 300 248 291 249 223 
252 236 239 307 143 257 6 85 215 235 
198 41 45 311 298 299 264 237 56 230 
316 267 207 134 211 168 288 9 296 308 
35 141 42 136 253 228 20 315 99 200 
71 37 178 17 89 82 258 284 261 173 
95 317 279 7 69 130 154 303 281 160 
199 179 285 147 27 98 28 86 158 112 
255 320 260 132 184 113 126 175 189 295 
256 194 191 265 12 246 305 205 210 5 
240 282 227 57 135 301 10 167 128 155 
309 185 94 11 64 29 73 283 47 88 
43 62 229 145 131 49 63 127 3 222 
1 208 259 180 165 164 104 25 31 58 
312 277 225 294 108 286 40 144 192 38 
195 270 105 107 163 278 120 156 238 16 
66 139 241 197 169 137 245 110 188 33 
60 196 74 121 54 21 109 280 152 221 
51 34 254 149 226 263 217 233 287 150 
193 53 2 151 129 162 123 186 182 24 
231 172 142 70 214 116 90 133 318 87 
170 297 80 92 153 251 276 171 209 26 
84 32 220 8 157 140 206 61 273 216 
114 247 202 159 201 304 55 72 119 52 
306 313 15 124 269 122 59 190 96 102 
13 39 67 138 177 234 78 23 148 187 
125 81 272 93 166 183 91 181 224 243 
204 302 75 176 19 101 244 275 100 46 
203 48 79 117 118 293 103 22 262 242 
30 
