161
0 59 160 129 10 83 123 36 8 47 
16 57 152 45 143 96 95 119 56 99 
74 107 128 40 73 135 34 29 89 2 
46 20 11 30 68 145 93 84 79 102 
148 63 153 80 124 41 6 71 32 38 
159 130 17 48 110 127 19 104 114 87 
122 103 54 131 43 85 70 23 50 82 
118 77 26 9 1 65 117 116 156 126 
25 158 24 12 44 64 61 155 67 150 
105 142 88 76 86 134 31 66 13 58 
101 62 144 60 14 37 33 69 39 98 
3 90 100 115 133 51 91 111 15 27 
7 132 49 52 120 78 108 137 109 94 
113 53 42 72 81 146 141 138 21 147 
149 121 22 157 125 136 112 28 35 139 
106 18 97 4 75 5 92 140 151 154 
55 
