161
0 74 147 44 93 84 91 62 98 54 
149 110 21 15 105 2 76 159 53 75 
142 107 104 63 157 134 154 121 86 64 
67 60 39 92 78 51 19 81 65 61 
111 106 158 116 43 89 108 77 135 113 
125 139 36 126 99 41 80 10 136 115 
124 100 143 59 66 144 118 101 46 9 
140 27 72 56 109 123 131 156 35 49 
17 16 1 160 138 3 38 32 71 127 
30 47 18 33 13 132 129 73 57 7 
42 50 26 85 68 96 4 95 133 114 
146 55 40 130 69 155 12 117 148 29 
11 22 102 37 79 103 82 153 31 34 
112 87 14 88 70 6 48 152 23 122 
58 141 24 25 20 120 150 52 119 151 
137 83 128 97 145 8 28 90 45 5 
94 
