1001
0 66 924 30 207 632 349 775 695 201 
118 45 154 605 23 720 663 256 146 762 
327 317 184 754 263 712 219 539 116 687 
444 863 449 697 708 563 325 766 589 159 
880 648 594 404 390 706 33 878 698 639 
85 527 52 286 897 993 607 529 142 929 
680 839 281 293 816 400 212 221 973 738 
161 700 608 641 767 826 583 277 568 290 
442 626 466 600 369 238 843 596 428 786 
291 858 229 918 302 243 102 464 556 842 
857 616 196 232 340 88 236 389 491 249 
226 255 942 105 181 747 808 830 985 193 
488 487 320 876 92 372 362 10 721 581 
247 611 450 962 483 792 545 889 89 53 
239 502 425 347 870 885 213 448 553 514 
829 413 386 399 922 988 20 130 620 73 
430 925 846 298 653 224 713 622 61 186 
869 557 547 128 387 845 157 522 222 997 
693 874 316 913 310 481 264 382 152 459 
970 546 779 195 549 339 636 375 50 753 
872 801 197 513 815 524 989 6 15 200 
774 509 657 699 758 46 319 438 496 335 
981 403 728 577 904 873 598 432 417 103 
746 827 330 526 694 749 115 361 261 541 
164 297 565 820 763 203 285 257 191 198 
612 744 783 756 120 852 365 630 394 144 
258 308 434 218 969 881 679 809 227 633 
443 300 932 205 760 3 909 454 482 353 
802 618 462 804 515 31 174 743 649 923 
705 385 187 188 602 162 278 855 397 825 
921 507 736 418 986 917 655 324 332 452 
57 49 742 242 274 702 961 910 63 27 
984 847 776 185 270 96 409 477 273 896 
228 883 368 287 7 979 141 131 861 854 
770 29 473 346 640 724 294 964 95 799 
928 807 768 642 817 469 176 292 110 235 
510 431 495 689 169 603 838 56 903 78 
420 217 599 34 578 733 175 833 554 558 
920 908 967 715 233 890 345 11 2 834 
661 777 849 441 210 585 4 609 956 664 
619 64 941 39 370 711 38 559 87 407 
974 534 465 412 215 564 71 460 334 654 
357 959 138 936 703 905 133 586 106 439 
675 402 822 945 338 51 836 542 797 411 
750 782 456 351 912 696 41 571 752 126 
250 894 957 624 886 951 341 645 731 757 
140 796 367 864 453 634 543 127 927 764 
209 328 276 587 427 156 231 755 671 93 
751 480 342 336 490 326 16 987 80 567 
40 734 934 48 709 947 501 722 1 991 
901 437 540 658 592 13 810 463 405 32 
790 288 435 562 354 803 819 104 884 139 
321 279 812 935 262 840 963 17 436 821 
606 282 516 772 646 22 192 771 595 35 
472 503 468 395 727 392 55 832 461 982 
410 25 769 244 683 401 601 844 132 853 
194 879 486 158 129 478 745 673 506 965 
421 660 408 926 960 289 398 8 318 315 
533 91 902 331 123 647 248 939 573 899 
150 220 406 313 94 86 445 523 659 189 
688 741 949 919 806 177 190 204 323 723 
798 893 666 569 561 378 887 670 145 343 
862 112 999 627 360 429 167 614 992 678 
628 423 447 732 202 505 149 512 938 28 
650 37 384 765 574 784 978 710 266 234 
704 373 5 137 714 841 972 62 272 778 
835 707 72 692 946 433 366 684 591 907 
474 793 79 440 312 12 537 525 976 604 
457 511 151 230 245 831 504 730 160 552 
795 476 691 68 223 682 416 225 521 98 
576 898 968 520 737 990 651 519 631 97 
166 265 729 610 371 485 686 996 471 59 
944 307 794 811 69 44 494 868 813 665 
931 814 740 350 517 536 726 113 875 980 
685 90 895 572 180 125 719 676 171 580 
275 9 475 376 14 643 135 635 381 788 
355 975 497 305 182 206 424 998 301 787 
856 99 379 955 309 859 499 348 254 183 
240 994 74 566 1000 108 590 414 299 172 
470 124 940 493 954 451 100 637 669 773 
148 65 111 19 83 824 303 356 681 805 
208 284 163 759 143 828 269 260 216 781 
280 791 668 67 363 58 848 168 109 237 
84 748 117 739 948 47 674 121 304 75 
54 419 551 333 785 818 725 241 615 892 
43 467 718 42 914 26 60 422 906 575 
259 701 479 170 153 24 329 498 550 283 
531 296 800 377 82 850 383 952 119 518 
155 638 915 555 891 492 597 971 690 134 
950 662 780 388 570 579 322 958 508 995 
268 911 136 943 415 70 882 860 380 253 
18 76 165 851 122 251 717 867 21 544 
311 211 888 582 983 871 352 393 358 877 
500 178 866 314 179 455 344 837 426 652 
306 214 977 789 865 735 933 930 199 458 
621 77 593 625 953 937 173 489 364 532 
677 761 359 560 252 246 535 716 629 548 
667 900 916 966 644 528 101 538 114 588 
584 271 617 391 81 396 107 374 147 295 
656 337 446 613 672 267 823 623 484 530 
36 
