501
0 495 424 197 194 110 73 423 404 296 
338 247 351 155 464 97 78 300 310 365 
74 364 468 445 85 147 398 134 311 291 
199 164 319 484 371 382 299 87 331 32 
258 165 287 182 42 72 16 128 166 420 
391 82 265 127 279 109 222 223 144 22 
408 379 448 416 457 380 137 170 282 309 
466 442 190 394 358 352 400 201 250 47 
246 453 432 237 349 252 332 458 235 9 
133 158 105 52 455 67 175 31 461 325 
94 357 39 341 324 68 106 462 60 314 
493 66 176 274 489 238 471 98 435 441 
131 103 454 35 240 71 337 473 251 472 
429 340 452 178 285 366 231 92 342 171 
226 5 421 29 90 51 268 361 410 40 
157 249 262 228 142 347 188 202 2 159 
499 61 497 409 53 160 456 477 480 401 
470 148 374 302 316 406 426 427 488 245 
486 384 140 216 24 360 111 236 115 101 
263 323 308 230 3 114 465 18 403 355 
195 334 260 123 21 205 304 186 492 81 
130 210 89 292 91 359 203 482 86 161 
253 25 244 62 27 120 386 36 264 383 
483 431 436 70 79 116 17 430 328 204 
93 76 256 180 467 96 407 254 277 388 
399 12 267 104 336 333 183 390 13 100 
34 145 163 57 329 405 321 412 139 418 
450 261 288 129 248 6 242 377 425 122 
150 112 414 295 83 20 389 284 167 26 
318 192 330 65 313 498 169 124 278 289 
149 168 266 494 118 368 348 481 14 387 
241 270 119 346 443 59 428 339 198 343 
335 363 327 273 211 187 113 156 234 174 
193 478 500 107 135 491 212 301 474 370 
200 344 154 143 439 419 28 275 173 84 
233 207 396 55 125 393 312 136 19 146 
218 259 487 121 184 138 33 243 221 298 
271 322 294 303 10 37 362 415 30 50 
217 417 476 23 345 162 444 49 41 172 
434 375 153 38 141 1 378 433 126 372 
397 4 152 469 225 381 77 460 15 449 
479 214 307 177 63 293 213 181 151 69 
306 446 80 99 255 56 320 437 191 373 
395 459 88 102 376 239 369 108 451 297 
58 485 269 353 232 132 447 64 272 185 
75 385 208 354 189 286 257 48 196 95 
356 44 402 490 438 290 206 463 179 283 
219 496 440 54 215 367 224 276 7 45 
317 227 315 413 281 43 229 475 8 350 
392 305 117 411 11 280 422 46 326 209 
220 
