251
0 21 200 232 221 64 223 9 3 144 
78 45 90 40 22 99 125 247 111 170 
160 63 152 31 110 114 6 73 183 187 
83 127 47 196 198 145 100 231 218 122 
1 241 16 226 44 26 156 67 84 18 
42 76 132 238 182 167 41 66 210 87 
20 30 163 134 202 135 33 53 92 216 
101 172 7 36 165 159 58 81 204 61 
77 8 246 5 129 124 188 56 75 74 
192 105 112 212 184 4 180 205 94 245 
113 178 79 131 189 96 82 220 230 128 
158 25 62 60 15 28 194 236 195 43 
38 137 27 147 11 130 69 39 154 121 
65 185 115 161 54 219 19 2 133 249 
215 211 248 107 148 239 186 34 12 176 
10 35 208 59 242 153 91 140 177 120 
171 49 181 193 234 146 116 214 217 138 
97 191 104 164 190 89 174 29 233 197 
243 119 117 102 175 86 139 209 213 237 
203 123 93 201 229 166 244 136 228 109 
162 141 68 85 155 88 173 225 235 50 
207 108 142 118 48 98 103 14 106 157 
70 227 179 168 57 150 206 24 151 23 
240 72 169 55 250 149 143 32 126 52 
17 224 199 95 13 46 51 80 222 71 
37 
