501
0 173 261 463 81 93 401 441 464 57 
90 388 299 457 277 26 412 34 64 209 
171 212 129 76 248 433 246 471 373 20 
489 203 323 483 352 368 317 370 260 443 
59 223 424 202 304 417 459 23 245 46 
409 67 266 24 69 120 411 426 145 138 
450 275 142 185 286 470 38 254 2 480 
324 167 383 421 63 466 15 106 420 84 
30 415 242 354 226 234 45 253 16 107 
256 454 289 339 272 428 467 492 143 29 
315 179 394 410 274 237 99 290 227 115 
435 201 32 327 249 78 416 233 330 21 
378 47 455 73 37 17 35 100 22 300 
217 281 473 432 372 174 7 230 53 318 
85 204 493 345 397 163 119 278 169 347 
131 139 87 475 399 291 310 469 218 220 
48 500 154 331 288 477 444 356 359 406 
402 18 31 141 494 395 6 65 56 342 
213 222 13 451 219 282 166 82 125 180 
381 334 258 446 182 391 390 403 335 128 
296 344 247 453 380 162 79 3 168 265 
351 186 199 140 257 484 408 60 150 329 
270 398 250 355 127 364 12 460 8 214 
80 481 135 326 431 126 98 312 418 96 
474 235 70 371 151 357 393 423 486 231 
88 287 422 293 200 52 224 66 255 375 
353 306 295 313 123 165 110 307 121 465 
54 376 305 358 346 239 336 187 68 133 
283 363 221 72 425 414 130 367 25 44 
111 176 350 83 94 132 452 184 58 61 
41 386 456 385 338 170 190 348 449 177 
86 316 191 458 328 396 4 74 325 149 
442 225 389 321 147 33 445 102 92 343 
14 337 229 71 491 362 314 10 232 11 
95 236 264 292 206 400 436 28 271 159 
332 382 413 158 137 369 496 366 113 302 
479 499 103 405 9 498 188 404 269 448 
268 387 156 134 228 360 43 263 195 430 
19 196 482 437 216 175 104 49 308 476 
97 240 205 153 490 279 384 207 91 241 
148 427 118 27 101 440 285 319 487 5 
243 349 238 478 157 160 419 215 322 303 
161 434 365 244 361 273 122 197 340 309 
192 183 51 117 447 488 379 485 301 377 
298 178 407 259 105 77 392 468 276 114 
89 112 341 429 136 155 280 284 62 462 
439 50 181 39 297 1 495 124 75 109 
461 198 194 42 294 116 472 193 320 108 
208 311 438 189 262 146 267 251 55 333 
211 144 497 172 374 252 152 36 40 164 
210 
