251
0 245 160 120 9 3 100 219 225 112 
246 180 40 194 124 57 206 26 198 135 
70 54 158 189 172 29 17 16 8 56 
18 69 58 75 143 6 128 84 72 129 
116 200 152 98 170 176 34 83 25 80 
90 227 186 149 188 73 50 21 205 168 
49 71 202 43 217 244 145 163 47 190 
113 96 82 99 22 140 223 203 1 119 
173 91 7 74 213 15 156 109 248 95 
155 239 201 228 39 114 51 185 164 199 
30 234 19 183 154 65 35 64 94 222 
76 250 89 171 10 174 5 131 233 242 
106 187 229 125 191 147 62 184 210 107 
122 68 130 159 88 37 211 204 66 67 
249 231 61 32 232 48 97 11 136 4 
243 13 212 207 59 208 216 105 162 236 
118 181 110 221 137 177 209 81 63 46 
108 12 146 241 179 165 192 157 38 138 
167 27 141 132 195 44 93 197 230 111 
42 237 33 79 214 123 77 20 142 193 
153 23 31 87 53 115 2 150 224 215 
134 247 86 182 133 24 144 127 220 235 
161 117 28 226 104 52 36 92 121 169 
196 218 45 240 166 126 139 78 102 103 
238 85 101 60 151 55 148 14 41 175 
178 
