161
0 141 132 70 124 156 114 100 157 155 
144 43 98 113 25 1 93 145 86 35 
112 99 105 48 36 91 49 143 45 139 
14 55 148 107 129 142 56 159 96 58 
77 65 118 38 23 12 125 20 72 29 
76 104 131 74 71 151 32 160 51 69 
80 4 5 44 81 50 154 79 26 109 
30 40 92 28 94 90 85 158 111 87 
13 78 7 146 103 21 136 95 88 122 
64 121 102 120 47 42 140 108 101 22 
11 57 46 60 147 41 89 24 110 34 
18 153 128 16 133 9 17 135 15 134 
137 59 27 119 61 115 106 149 116 6 
75 39 62 83 63 138 67 2 130 3 
84 127 37 19 31 53 52 54 97 150 
68 8 82 33 66 126 117 152 73 123 
10 
