251
0 148 175 65 2 15 12 205 181 62 
224 170 243 6 236 44 151 222 149 69 
220 156 180 88 154 217 43 147 187 136 
166 177 162 67 159 116 179 78 194 192 
172 70 125 198 42 92 123 31 128 234 
75 167 174 55 195 246 134 250 225 143 
209 137 52 121 86 219 107 118 4 230 
131 120 229 37 157 242 204 74 77 53 
240 50 1 161 188 105 144 208 203 142 
104 215 206 135 11 7 5 228 233 29 
114 95 168 189 112 59 127 97 197 90 
178 190 193 169 108 82 10 211 150 117 
214 51 68 91 119 32 83 138 152 21 
185 14 139 248 87 18 99 64 239 186 
146 60 122 132 213 30 40 80 94 164 
212 191 8 238 79 35 20 241 160 130 
25 115 36 93 231 71 182 24 113 22 
54 109 38 126 249 26 158 202 84 73 
106 244 100 145 173 201 226 85 33 140 
223 17 72 183 200 218 41 89 81 245 
28 227 235 23 49 16 13 61 155 216 
165 34 46 232 184 96 3 45 58 221 
153 141 98 247 196 111 103 199 27 48 
133 101 66 102 19 76 207 163 63 171 
56 129 57 110 124 176 47 237 210 9 
39 
