321
0 186 145 313 12 72 305 278 38 83 
219 183 136 232 24 153 63 121 195 311 
283 189 5 143 265 117 139 106 126 2 
141 204 288 207 314 51 111 36 157 252 
180 165 194 39 244 234 56 320 192 215 
317 91 22 33 291 47 122 220 31 105 
30 167 290 32 267 281 79 213 315 68 
198 16 238 285 13 209 133 57 264 295 
211 199 44 26 318 158 298 109 23 96 
50 137 251 110 277 246 69 43 82 108 
284 71 279 280 241 65 148 268 113 191 
74 177 99 48 184 200 29 227 86 308 
101 222 89 248 216 245 54 168 182 212 
120 85 97 17 19 303 155 319 179 62 
80 49 224 164 230 307 255 202 93 103 
70 42 247 95 10 231 174 7 149 187 
190 132 163 55 301 8 128 193 53 229 
226 58 67 131 260 173 112 45 1 161 
130 4 218 116 100 104 21 178 94 201 
81 160 14 18 76 208 185 46 123 286 
292 162 181 41 304 156 250 25 276 142 
140 214 299 77 306 11 188 272 64 274 
258 256 78 150 266 152 259 98 312 243 
87 175 261 92 310 294 118 223 242 135 
205 52 309 302 196 114 239 9 125 35 
107 66 203 61 40 257 269 217 170 171 
134 129 275 169 235 263 236 34 273 115 
296 102 28 84 210 166 271 15 73 75 
144 147 138 3 233 287 221 37 159 146 
282 90 225 151 253 289 300 20 127 172 
124 154 316 60 254 270 119 297 293 262 
6 197 59 27 237 228 88 176 206 249 
240 
