1001
0 427 209 292 4 786 105 109 633 106 
362 514 678 642 651 188 212 732 8 693 
200 645 193 994 226 773 995 414 936 866 
272 108 94 170 189 905 150 643 566 337 
801 316 942 368 351 44 522 374 145 899 
904 755 124 24 768 765 301 397 137 824 
609 304 416 919 960 56 442 471 716 631 
804 837 559 893 661 257 998 964 931 30 
969 6 76 309 506 843 181 992 976 547 
184 341 574 205 646 649 229 225 177 384 
952 121 935 746 435 538 659 430 847 990 
63 808 314 972 484 263 993 429 232 825 
784 650 877 668 982 781 413 526 569 927 
710 886 383 634 509 816 489 42 333 785 
819 968 869 107 503 160 946 770 687 460 
831 353 610 876 914 77 836 697 210 322 
826 662 385 319 438 110 203 47 360 608 
497 910 474 377 154 40 617 393 975 236 
235 92 267 96 909 130 581 21 156 699 
211 926 949 521 218 97 702 754 517 230 
417 734 38 344 530 350 54 704 356 299 
305 142 715 85 296 180 985 179 194 747 
480 306 363 915 50 139 302 376 251 622 
167 366 690 231 814 542 991 543 921 280 
79 524 491 310 948 555 240 743 541 852 
444 17 33 423 709 680 846 66 849 810 
880 171 576 433 284 439 294 198 776 197 
500 777 19 528 248 788 89 748 562 64 
830 289 34 766 464 67 855 771 437 986 
352 774 532 14 331 432 255 525 279 41 
12 612 478 778 93 399 185 183 408 789 
98 685 84 592 461 738 266 759 68 879 
558 505 717 315 162 756 884 518 120 217 
809 780 340 520 479 923 554 372 917 412 
911 684 950 244 787 406 355 247 791 481 
216 494 49 874 955 334 348 513 492 571 
615 82 402 782 723 728 689 912 873 196 
585 567 891 303 818 908 114 468 763 370 
775 626 600 246 345 834 619 835 941 703 
238 749 657 168 191 477 883 243 654 343 
720 641 270 967 448 587 424 287 519 590 
291 466 411 947 593 860 347 627 459 736 
676 901 686 118 462 688 713 157 959 938 
954 548 241 999 123 599 282 502 821 907 
234 739 591 632 186 575 380 387 221 560 
511 957 850 653 208 535 666 805 698 53 
463 87 418 224 11 308 281 735 922 603 
529 158 956 119 324 706 496 857 894 527 
761 832 293 793 851 201 862 731 721 790 
996 932 971 769 589 450 674 65 550 951 
487 361 708 338 667 740 677 75 859 621 
371 452 83 1000 670 544 421 913 307 604 
220 95 605 10 665 546 245 258 553 829 
611 400 403 99 476 250 583 536 714 219 
135 549 578 392 25 979 5 842 111 20 
783 134 802 288 504 375 695 811 1 598 
441 817 845 373 451 940 51 16 48 268 
259 486 833 233 446 928 606 906 329 425 
701 648 613 346 751 510 31 682 807 354 
129 918 90 102 335 339 242 254 539 681 
133 744 101 890 320 683 457 342 445 881 
472 91 924 318 870 311 369 26 875 856 
840 249 796 507 970 359 902 39 889 73 
431 469 757 381 635 898 888 261 596 588 
131 570 540 772 52 920 618 207 531 190 
933 945 997 283 419 237 3 916 718 265 
443 863 822 104 166 176 274 864 767 737 
800 820 71 844 37 601 762 508 195 260 
607 178 286 958 533 545 440 192 215 673 
934 561 78 100 300 630 482 812 551 332 
973 984 45 206 669 72 365 584 828 136 
726 449 276 321 23 980 838 349 974 155 
28 582 228 597 887 652 379 712 278 658 
35 579 434 164 741 798 60 644 806 512 
426 501 614 858 396 415 691 7 872 499 
813 295 803 213 126 401 885 854 152 70 
103 81 367 594 252 394 639 36 327 116 
149 903 455 132 944 572 470 925 428 937 
557 724 983 882 900 22 779 163 285 981 
896 325 447 182 128 125 978 323 454 664 
298 568 672 122 46 848 616 405 897 637 
679 853 727 625 358 792 388 117 745 271 
264 483 953 32 841 143 398 153 647 86 
357 865 328 878 140 275 556 58 151 495 
671 988 638 523 485 69 722 795 929 112 
407 15 273 390 199 694 297 256 962 794 
515 563 141 930 88 475 586 473 147 395 
861 159 173 764 410 660 458 577 18 404 
13 386 27 516 214 146 977 729 871 61 
74 43 422 961 55 636 815 227 187 317 
436 663 57 138 113 943 573 640 839 537 
730 620 465 827 467 719 595 169 629 456 
313 364 2 222 29 277 628 707 239 202 
127 453 760 711 655 552 493 966 892 391 
312 750 895 115 564 262 148 696 752 799 
534 488 602 382 389 62 675 733 269 490 
498 725 965 565 161 336 144 823 204 253 
330 868 172 989 753 165 580 700 758 987 
223 326 692 378 59 9 963 80 867 797 
656 742 623 420 175 409 624 174 705 939 
290 
