251
0 223 46 4 9 222 106 38 40 148 
137 237 90 37 70 5 132 173 201 81 
231 214 41 12 121 178 122 166 177 212 
180 97 54 224 107 43 91 136 88 171 
242 240 197 225 30 50 21 117 85 155 
11 142 162 28 139 25 127 151 16 249 
123 205 2 160 211 52 10 135 232 153 
179 163 68 23 243 113 131 47 209 77 
152 190 75 112 44 176 170 33 183 65 
72 98 63 104 96 228 134 108 26 125 
105 213 141 61 55 218 140 60 143 187 
161 168 217 236 8 87 159 42 245 15 
215 84 184 53 210 110 250 39 191 89 
154 204 79 220 32 58 172 246 138 29 
130 238 149 6 234 34 1 69 74 76 
48 206 227 230 86 94 188 200 156 194 
128 22 103 49 24 126 114 185 165 3 
120 119 80 235 150 182 186 73 133 145 
109 59 27 17 115 195 20 144 78 13 
51 66 45 56 198 181 7 164 196 95 
71 192 175 248 62 216 64 118 219 101 
167 99 35 158 147 92 100 14 93 146 
203 207 247 169 83 157 31 67 124 36 
102 202 239 19 226 174 233 221 199 18 
116 111 57 244 208 129 229 241 189 82 
193 
