501
0 410 62 198 70 474 470 140 335 157 
112 118 241 406 468 77 120 32 212 168 
385 87 250 425 417 348 257 68 230 390 
400 104 102 21 489 119 435 246 199 308 
278 53 379 434 267 145 238 403 436 129 
275 433 500 448 24 361 25 80 331 169 
126 260 294 450 162 255 319 453 251 276 
460 52 394 261 234 180 493 22 26 428 
366 165 427 334 265 344 473 95 352 377 
69 457 326 237 289 55 462 91 233 83 
416 459 320 372 356 268 142 92 332 341 
316 115 395 178 358 495 106 317 259 97 
274 281 73 75 101 312 463 156 441 164 
88 359 484 14 47 380 40 59 225 20 
223 264 378 209 307 443 134 34 109 190 
218 408 1 122 430 461 12 57 175 146 
123 89 437 282 172 455 350 271 2 327 
65 177 472 354 333 202 36 476 397 213 
322 58 483 290 396 152 116 487 252 464 
167 283 103 226 302 136 398 207 323 488 
263 338 478 368 469 412 442 381 309 407 
364 306 110 438 9 231 440 458 179 402 
494 369 19 153 340 7 292 79 479 284 
23 159 315 353 98 371 287 481 243 17 
477 222 185 130 139 445 466 183 399 220 
446 30 154 486 404 144 124 191 176 114 
78 133 465 423 280 492 189 449 16 208 
236 138 288 205 96 258 426 46 285 325 
187 314 245 304 386 256 497 203 409 171 
150 194 439 490 330 4 161 411 355 475 
155 200 166 321 158 35 235 339 192 148 
39 86 298 173 363 229 186 405 13 3 
239 137 421 313 64 301 29 431 391 444 
415 482 300 471 295 244 387 393 303 217 
329 135 491 210 81 107 384 447 286 49 
227 127 72 45 11 6 362 324 85 31 
467 94 365 299 392 336 131 201 401 262 
347 370 204 211 270 61 254 413 232 499 
374 310 84 111 279 311 414 184 214 240 
141 27 132 272 42 485 456 193 349 74 
293 174 99 56 143 357 195 43 376 248 
291 337 221 121 228 163 108 82 113 451 
305 373 343 8 125 181 147 149 15 360 
66 297 38 93 342 346 117 37 188 277 
367 480 375 328 67 273 318 424 41 429 
296 418 452 498 170 206 247 388 266 50 
219 382 51 33 351 160 383 5 128 10 
422 249 216 28 151 496 54 242 196 44 
71 419 18 253 269 345 224 100 420 48 
105 389 63 76 432 182 90 60 215 454 
197 
