1001
0 928 619 550 467 278 14 553 326 712 
770 906 581 835 963 824 936 606 897 354 
847 146 851 744 392 281 140 7 497 473 
913 54 181 821 621 893 100 670 82 206 
987 37 922 560 638 28 715 763 535 979 
977 324 693 384 359 973 56 632 126 844 
737 360 10 927 832 2 490 585 494 288 
241 258 658 788 597 714 567 284 911 403 
453 626 816 786 624 969 292 471 842 722 
35 304 85 544 811 337 882 945 730 434 
604 639 478 417 531 168 63 9 862 439 
230 187 975 790 546 941 668 167 895 673 
578 729 703 641 276 959 571 815 769 938 
451 17 410 629 386 440 331 651 748 399 
192 608 444 289 951 677 193 282 415 64 
834 745 355 38 919 954 563 561 343 175 
700 757 397 792 706 57 746 73 637 225 
538 123 62 758 485 487 300 31 592 370 
642 539 827 751 603 438 306 838 724 155 
613 643 830 881 884 311 194 552 721 804 
947 228 69 875 346 787 418 428 436 466 
837 785 201 794 404 412 944 515 831 926 
857 335 672 66 676 818 65 905 762 402 
322 702 545 180 239 191 290 379 447 98 
454 22 382 575 462 907 273 914 60 479 
861 902 243 970 576 242 743 153 848 163 
674 901 678 716 87 852 943 820 209 915 
574 965 765 784 695 985 136 846 558 981 
845 869 340 780 717 593 888 885 726 992 
182 103 537 607 101 20 864 483 312 633 
108 771 883 320 416 419 493 237 29 896 
353 828 964 795 791 279 573 664 646 679 
162 840 527 127 974 118 484 725 183 509 
994 36 200 649 781 514 196 42 937 833 
170 152 929 77 30 315 860 280 495 92 
805 158 759 918 849 463 219 186 24 124 
570 332 996 256 47 666 950 853 916 572 
336 371 250 568 213 234 94 135 903 779 
872 718 477 413 935 442 931 286 257 739 
358 910 372 520 577 437 68 526 161 460 
891 808 465 364 741 521 305 425 534 617 
474 650 773 329 185 655 445 580 246 662 
8 421 459 411 708 259 660 711 958 441 
591 374 375 469 909 530 283 349 84 949 
270 199 137 173 640 317 986 504 720 698 
165 659 457 904 125 70 754 635 500 313 
957 245 595 952 812 782 249 697 481 344 
15 858 482 166 78 81 557 777 202 503 
238 298 18 796 16 5 955 631 866 920 
393 464 389 636 856 216 622 369 501 91 
984 967 144 405 83 293 772 976 395 966 
76 921 807 939 122 420 565 423 513 408 
248 255 946 829 995 363 536 268 96 41 
287 647 518 625 890 307 492 519 704 961 
138 598 330 376 809 547 602 88 517 452 
222 752 799 449 588 719 630 988 930 407 
58 559 610 299 783 145 645 350 227 40 
129 157 516 713 143 652 735 589 990 422 
171 204 223 327 345 865 11 365 813 825 
339 582 532 95 823 982 766 455 301 46 
356 176 401 105 6 178 682 634 587 114 
542 989 747 260 940 912 933 51 115 112 
188 489 877 377 511 226 212 357 378 52 
23 197 264 528 362 600 653 272 709 609 
776 579 252 294 184 130 107 351 923 381 
549 3 876 133 297 151 253 426 198 775 
687 207 802 59 778 768 208 309 32 596 
319 435 584 523 548 265 590 348 932 274 
599 980 855 841 508 736 689 27 210 80 
398 886 691 110 705 266 978 997 347 564 
654 512 50 879 803 236 562 756 540 97 
806 44 892 131 251 424 430 303 139 727 
61 502 472 367 675 681 233 510 554 149 
99 211 934 476 710 113 878 220 49 1 
873 71 749 541 900 686 684 699 406 90 
917 308 680 586 871 285 72 601 898 388 
341 707 195 203 594 543 648 657 694 45 
723 263 814 174 665 468 318 119 254 262 
296 89 368 755 953 396 583 732 132 731 
789 618 261 316 120 555 429 998 614 924 
4 701 615 999 39 269 948 277 400 753 
491 431 458 13 863 366 383 271 663 235 
810 160 295 205 33 797 159 409 868 612 
874 229 801 960 190 750 556 215 616 793 
826 761 685 867 688 391 870 244 310 764 
767 470 854 983 414 683 733 164 524 498 
480 224 53 908 156 644 486 628 740 529 
217 819 671 667 106 499 142 427 496 461 
728 314 352 141 12 623 267 968 247 627 
661 34 836 43 569 48 925 488 179 443 
67 116 899 373 117 690 291 843 850 390 
611 240 25 74 19 525 328 506 839 147 
942 798 620 189 387 86 505 214 221 889 
991 822 21 150 177 507 774 433 323 475 
361 302 338 75 321 93 232 566 522 456 
692 432 342 333 551 742 148 385 859 102 
334 800 275 533 696 394 734 380 894 134 
760 121 172 218 738 962 817 154 446 26 
656 880 972 104 79 993 111 448 669 169 
605 971 1000 887 128 231 109 55 325 956 
450 
