1001
0 311 581 647 28 416 53 871 973 333 
241 438 908 124 685 607 113 831 424 522 
903 90 724 51 777 216 733 807 705 823 
589 514 419 914 859 134 80 293 8 312 
834 470 118 87 774 393 595 193 469 691 
949 149 786 960 379 356 152 902 373 68 
254 830 473 326 154 740 280 782 296 244 
544 686 63 663 954 421 649 703 412 143 
163 261 701 48 751 942 202 144 227 934 
789 579 291 636 580 330 839 602 367 739 
494 117 598 536 422 139 383 998 622 999 
141 492 480 184 583 755 545 445 811 285 
129 432 542 590 657 173 978 776 882 746 
587 790 493 677 801 240 14 400 410 684 
972 402 135 378 750 849 308 203 787 126 
898 231 797 610 270 498 361 164 486 318 
576 506 939 74 448 719 176 673 109 263 
450 929 446 552 785 57 417 613 586 798 
935 110 553 3 672 728 783 508 749 160 
451 555 60 476 61 362 964 743 106 706 
273 195 843 62 365 375 946 892 723 174 
504 208 687 990 107 404 122 876 927 720 
408 39 247 825 970 933 180 251 913 632 
502 136 148 429 358 457 453 289 466 26 
543 345 41 806 2 861 919 832 815 221 
856 252 668 662 258 9 633 752 894 757 
336 58 747 697 829 59 821 510 70 459 
187 246 574 948 606 837 37 127 166 985 
957 495 693 803 608 290 561 742 671 441 
389 442 678 863 571 509 758 162 284 248 
599 925 600 27 883 911 142 1 577 820 
461 793 16 111 524 886 855 984 372 640 
629 369 44 347 191 601 619 708 317 387 
566 562 351 91 874 335 794 433 621 616 
205 692 190 575 937 391 243 916 541 682 
511 808 796 805 680 292 709 277 220 25 
955 436 388 275 567 177 458 197 305 921 
922 431 268 651 559 795 804 547 781 694 
584 6 255 539 853 115 681 609 153 219 
741 83 565 233 55 788 171 528 11 596 
625 836 496 300 765 763 397 490 875 906 
975 497 304 848 462 172 50 12 21 526 
33 322 643 725 132 822 409 558 974 721 
315 479 267 18 983 753 950 550 889 556 
688 907 986 483 439 623 212 928 207 128 
956 71 349 294 93 995 846 449 505 427 
656 870 353 772 145 977 302 729 773 475 
334 368 748 818 722 313 256 332 967 965 
79 618 382 183 819 557 738 770 873 597 
833 65 146 464 279 675 594 257 850 573 
226 155 269 737 23 499 634 77 434 638 
938 666 756 170 664 872 989 324 924 250 
43 860 736 196 396 612 926 133 661 932 
754 179 467 54 653 405 764 94 767 188 
329 31 915 771 864 966 73 310 869 944 
213 49 537 971 209 605 237 437 658 699 
66 392 299 189 549 101 398 463 513 35 
281 835 996 104 715 779 406 945 535 639 
328 359 683 165 430 674 727 102 646 520 
452 512 460 501 718 444 615 676 769 940 
222 346 75 518 842 716 959 893 775 641 
357 531 24 707 491 917 570 667 282 827 
710 215 182 593 961 760 941 554 896 306 
181 29 868 840 813 411 76 36 88 17 
648 42 342 395 988 936 484 802 689 297 
385 487 489 867 307 516 931 95 980 85 
617 123 784 276 230 198 968 168 325 47 
78 465 288 339 899 838 175 991 551 734 
800 199 259 665 45 891 72 381 901 428 
119 814 20 962 637 717 726 810 679 905 
204 904 348 530 341 403 337 669 350 192 
210 64 517 654 943 569 690 264 519 474 
150 266 585 108 314 376 745 260 242 650 
791 563 138 320 572 628 151 485 588 426 
766 540 744 218 98 147 105 206 670 5 
468 201 56 878 969 930 366 303 910 515 
841 343 249 792 862 265 712 364 228 735 
953 239 799 987 418 96 546 852 816 994 
178 714 881 137 888 130 809 900 824 131 
89 560 768 828 521 644 642 414 211 523 
13 97 538 887 591 370 997 711 52 532 
384 660 759 958 603 114 386 659 851 447 
890 423 611 620 880 84 635 86 34 238 
947 30 454 125 360 371 22 865 407 223 
700 415 981 568 40 116 355 443 507 704 
844 425 380 262 186 762 440 185 340 879 
344 845 156 731 761 963 471 455 327 278 
826 885 695 979 38 235 1000 286 295 167 
354 478 217 32 234 854 10 140 525 918 
655 420 169 19 624 399 812 993 909 604 
274 46 884 778 780 194 847 7 401 158 
533 413 631 323 952 225 81 488 730 316 
157 732 272 253 912 652 67 626 15 287 
377 529 69 435 614 374 992 271 456 477 
817 232 702 592 920 857 866 877 99 224 
503 582 363 321 627 331 214 82 121 923 
976 338 895 301 283 500 564 92 394 548 
630 527 897 229 472 645 482 352 161 120 
390 100 534 159 696 309 858 982 319 112 
103 298 4 245 713 236 578 951 481 200 
698 
