251
0 6 5 207 145 148 87 42 196 190 
165 88 175 149 83 189 208 43 170 53 
167 135 74 63 216 24 157 102 168 220 
205 195 18 109 192 69 163 237 22 64 
164 100 125 48 131 98 159 118 36 235 
187 166 153 222 14 122 2 11 194 173 
212 39 59 181 46 80 13 108 191 17 
77 62 232 35 127 154 31 75 37 3 
95 23 33 155 133 143 68 103 132 229 
66 55 141 140 121 91 89 221 219 139 
101 116 231 81 85 136 56 28 41 158 
249 60 238 209 225 111 188 92 226 250 
27 234 146 117 9 79 105 203 161 169 
224 241 176 239 65 84 10 201 199 240 
138 97 15 44 114 193 26 119 215 242 
227 107 78 113 233 130 147 16 206 4 
112 115 144 128 182 123 151 177 150 171 
8 96 38 54 183 228 160 94 45 93 
204 162 245 134 178 86 21 20 67 198 
70 172 25 99 73 247 236 76 202 184 
57 152 47 110 244 217 218 58 124 61 
71 120 230 213 104 179 51 32 180 1 
90 50 174 30 29 106 82 52 223 186 
34 129 126 156 19 243 185 210 246 40 
248 137 7 214 49 211 142 12 72 197 
200 
