251
0 208 224 182 174 159 91 6 229 38 
205 177 52 86 221 133 153 188 30 3 
248 19 12 90 146 14 141 169 190 178 
166 162 44 198 4 20 110 31 15 151 
64 200 179 117 119 47 37 242 237 78 
148 23 236 213 201 143 225 5 134 36 
113 50 9 106 16 96 85 101 175 58 
130 212 26 207 240 137 189 93 98 69 
249 197 114 144 161 206 35 170 22 220 
40 104 1 234 184 219 122 59 53 88 
43 17 140 66 233 164 65 199 8 107 
115 204 2 62 193 79 186 112 216 228 
76 129 81 246 168 80 157 74 145 136 
152 214 108 70 84 68 223 247 139 45 
191 11 183 46 56 33 57 10 49 82 
192 163 123 75 131 243 211 34 128 154 
195 95 55 72 215 125 180 203 48 138 
118 231 149 132 155 142 181 61 241 250 
217 185 232 111 165 239 71 150 18 24 
209 103 226 173 25 227 245 105 28 196 
77 135 27 109 194 60 89 100 67 21 
160 202 126 120 32 116 124 235 54 167 
13 244 42 41 29 172 210 99 121 127 
158 176 87 83 51 92 102 230 156 222 
39 218 63 73 97 187 94 238 147 171 
7 
