321
0 123 220 200 188 282 239 285 27 303 
309 190 228 175 19 296 222 257 154 11 
178 56 43 314 127 55 266 18 306 255 
73 229 57 320 114 109 80 100 174 140 
300 81 286 111 237 128 308 103 280 207 
90 261 126 221 315 151 171 50 223 232 
226 166 1 134 225 33 193 205 139 259 
149 20 290 167 253 39 116 313 265 131 
110 96 104 270 141 233 142 182 211 64 
170 224 254 115 256 268 153 199 157 69 
238 156 312 161 132 279 284 52 26 219 
183 241 75 87 181 122 177 164 15 82 
46 305 244 70 176 94 230 297 60 274 
260 318 250 206 67 99 40 152 185 125 
143 37 281 17 155 162 159 58 172 28 
147 240 36 89 74 317 133 273 106 25 
8 148 216 258 293 243 76 289 72 13 
267 316 107 292 304 173 79 108 245 3 
150 227 242 295 269 294 186 117 10 22 
31 136 276 311 119 16 180 29 202 23 
231 85 65 88 187 201 145 35 248 215 
291 298 118 97 7 51 130 113 71 47 
121 30 5 214 249 2 287 271 24 77 
218 49 105 262 102 275 288 45 83 101 
78 44 146 179 263 319 213 203 98 198 
246 197 86 158 93 194 91 252 209 189 
112 59 41 42 68 32 277 165 84 129 
235 169 299 212 48 217 38 301 66 184 
34 124 195 283 63 95 137 234 204 160 
120 135 4 196 191 62 264 307 272 247 
278 192 208 138 54 163 61 210 12 9 
310 6 14 21 92 236 302 144 251 53 
168 
