251
0 170 3 121 55 36 98 119 153 40 
111 146 162 5 154 211 131 28 134 13 
204 46 116 198 185 99 196 78 95 145 
191 2 246 143 128 18 43 77 122 180 
141 126 165 4 125 94 12 58 166 73 
205 202 61 234 38 229 219 93 156 110 
172 240 160 32 184 81 97 96 60 168 
137 71 210 127 106 237 76 69 41 10 
66 236 197 199 158 157 173 59 84 190 
250 72 86 226 248 52 181 164 174 139 
6 144 140 149 37 113 232 214 203 9 
192 183 90 241 33 133 31 130 231 82 
207 152 117 115 75 80 142 63 62 11 
70 222 176 132 228 224 223 89 195 189 
87 159 247 200 193 49 148 239 169 208 
100 47 151 218 101 212 187 209 1 171 
108 20 65 14 129 109 23 227 42 7 
178 21 74 91 118 50 123 48 150 103 
220 45 83 114 230 17 53 56 206 136 
54 138 249 182 67 105 179 57 104 155 
188 186 8 216 27 64 215 124 51 243 
15 120 217 107 102 29 194 175 35 68 
163 238 79 88 39 213 245 92 26 19 
25 244 147 24 85 34 167 235 135 112 
30 161 221 22 177 233 44 225 16 201 
242 
