161
0 149 18 132 48 136 54 9 42 12 
2 75 22 156 147 76 134 118 24 102 
62 114 32 72 71 153 92 88 36 65 
16 59 94 41 10 138 158 142 53 84 
29 122 15 21 52 79 74 57 154 44 
160 27 39 63 51 34 140 80 151 128 
31 78 86 131 119 13 109 108 61 50 
96 99 17 137 6 106 93 30 45 105 
33 148 104 113 125 127 28 155 35 40 
38 1 130 120 110 19 139 159 111 129 
56 73 64 117 7 60 11 115 143 112 
107 90 82 121 14 58 83 77 23 8 
100 150 67 25 70 152 103 55 37 145 
4 47 97 101 46 89 66 26 49 87 
81 124 91 133 144 98 3 116 5 69 
43 135 126 68 95 123 85 141 146 157 
20 
