251
0 39 87 172 81 68 53 154 106 119 
27 100 151 51 210 6 33 235 169 88 
8 9 219 238 195 156 140 155 175 26 
62 212 85 98 121 174 101 178 93 131 
245 193 111 199 142 45 19 90 181 24 
189 206 250 97 173 80 148 22 72 137 
227 221 164 218 92 110 61 17 166 177 
76 132 120 91 220 1 204 2 75 41 
40 179 59 21 20 191 46 114 234 200 
150 36 198 138 176 54 147 187 102 237 
34 70 83 95 168 23 42 58 28 228 
94 146 5 67 213 222 144 217 73 184 
170 56 29 104 232 183 180 127 157 37 
215 118 152 48 18 89 31 186 128 105 
57 60 229 123 116 112 205 141 11 44 
159 49 223 38 52 225 50 196 185 47 
224 43 149 139 165 192 240 248 32 171 
122 153 65 134 231 167 197 247 182 188 
14 133 117 78 143 125 4 25 202 30 
71 74 243 109 12 249 236 241 108 63 
145 115 79 55 214 194 10 211 86 233 
99 239 208 3 113 244 163 126 66 15 
246 7 158 160 129 16 103 135 242 216 
107 84 136 201 203 64 13 226 130 35 
162 69 209 77 82 207 190 230 124 96 
161 
