251
0 230 204 46 34 170 169 14 222 84 
83 107 141 200 93 172 233 13 73 25 
90 182 227 112 207 120 119 50 229 202 
117 94 223 237 138 221 75 88 246 160 
247 19 205 78 171 4 40 159 33 98 
146 198 51 147 20 55 164 203 15 152 
167 109 249 153 127 74 148 234 104 53 
12 129 135 86 114 66 206 30 41 59 
179 95 89 68 128 7 238 144 61 38 
181 118 64 28 24 102 239 190 178 29 
145 215 232 134 231 27 193 71 250 16 
196 6 115 111 18 70 32 208 110 136 
52 219 54 166 105 2 214 158 39 5 
62 85 121 113 209 10 226 67 97 82 
154 180 45 56 212 161 96 130 201 140 
23 165 242 162 58 69 76 49 44 26 
248 108 197 116 220 163 195 92 225 175 
57 79 36 173 80 186 123 177 156 188 
8 1 72 211 99 189 77 224 133 43 
126 243 187 192 37 142 228 132 157 87 
155 210 244 21 17 65 151 91 194 191 
106 139 149 122 42 11 143 216 125 63 
199 176 131 240 35 48 9 31 241 217 
150 124 22 184 3 101 174 100 81 213 
168 235 103 185 183 60 137 218 47 236 
245 
