501
0 419 248 89 23 20 439 497 246 321 
279 203 232 468 327 113 336 127 424 391 
392 256 109 479 142 353 411 195 495 13 
240 215 499 119 417 426 265 216 84 466 
348 367 255 310 202 6 362 413 328 40 
371 100 101 63 167 464 296 9 81 311 
323 290 496 181 25 161 295 210 238 434 
112 36 399 337 333 269 29 220 266 443 
375 483 221 177 332 422 258 68 218 448 
293 110 241 97 174 182 147 326 461 178 
267 410 381 263 423 481 56 134 75 129 
3 199 212 304 493 429 200 485 494 283 
292 145 148 1 317 253 170 15 139 141 
158 278 118 289 350 156 237 383 239 385 
453 61 322 408 114 92 440 282 470 206 
53 157 193 37 454 57 355 291 331 151 
44 320 346 285 168 271 70 12 121 154 
398 482 60 301 72 65 329 77 259 403 
351 176 217 268 478 254 342 164 16 35 
198 214 389 85 234 414 138 228 155 54 
341 352 103 314 430 288 146 99 27 71 
407 435 377 231 450 319 316 459 287 390 
34 230 412 313 243 379 38 486 354 428 
8 117 43 30 242 88 55 418 395 455 
123 325 79 204 120 489 159 187 188 222 
300 272 130 252 93 462 58 11 122 264 
437 260 235 452 315 294 31 229 298 393 
136 173 172 457 50 64 236 370 275 115 
334 277 69 133 152 190 76 463 67 368 
160 191 261 135 369 357 305 386 143 431 
404 82 175 126 474 373 153 438 372 405 
224 469 74 400 144 262 52 87 4 361 
149 179 374 303 196 98 396 335 227 274 
48 309 387 286 472 490 186 465 208 105 
26 449 150 213 78 467 124 477 251 180 
49 492 90 382 299 80 471 125 73 192 
330 219 365 169 244 47 28 458 397 184 
402 284 95 302 318 347 498 94 415 66 
201 140 444 416 360 22 257 162 500 128 
108 356 41 91 359 409 32 207 388 86 
340 380 194 211 7 364 270 484 249 476 
420 480 280 406 475 344 487 106 189 447 
446 185 491 18 425 307 223 338 107 312 
5 226 358 394 343 166 245 46 42 345 
165 14 24 436 281 451 205 19 131 39 
2 445 441 366 17 163 363 10 116 460 
433 59 209 442 247 324 376 427 273 276 
473 132 233 401 225 33 83 96 297 51 
456 197 308 104 45 137 384 102 432 339 
183 421 349 111 250 488 378 62 306 21 
171 
