1001
0 545 770 668 39 247 968 885 175 286 
105 202 933 744 54 177 399 528 630 220 
279 711 919 522 79 157 364 132 266 84 
371 899 587 611 249 638 187 847 936 318 
713 830 309 176 388 402 307 80 211 155 
354 102 382 43 7 833 688 325 69 359 
895 361 462 212 90 827 386 126 684 85 
366 794 348 759 741 817 976 81 302 513 
967 544 970 594 980 514 644 93 862 878 
902 430 523 905 511 525 287 66 581 165 
64 498 58 8 519 473 31 239 205 740 
270 985 404 649 381 868 133 752 716 480 
296 30 94 944 865 548 37 230 848 383 
949 658 369 760 535 832 503 53 564 850 
831 518 338 904 407 427 153 791 913 884 
267 254 38 252 742 875 910 141 527 546 
670 108 206 678 327 557 406 415 502 890 
120 861 621 605 124 433 714 61 731 363 
140 733 808 818 839 217 387 284 923 44 
739 767 306 893 532 42 248 400 257 585 
475 453 787 168 9 732 438 643 941 360 
872 761 625 260 118 117 289 821 746 162 
154 86 889 618 310 478 844 874 258 426 
18 491 974 397 903 926 795 667 939 216 
448 466 119 803 414 920 246 135 436 748 
584 601 213 654 914 583 664 311 536 671 
715 265 106 900 107 540 5 362 997 636 
940 774 921 110 159 856 755 12 6 208 
351 779 319 762 233 906 792 580 225 619 
567 329 173 28 190 423 606 488 708 712 
463 474 74 757 547 297 798 4 892 92 
477 378 167 170 472 171 896 300 1 240 
978 526 16 490 188 253 328 191 23 887 
829 95 604 72 657 346 465 935 677 308 
705 593 403 457 207 965 312 236 440 299 
17 738 816 869 357 751 679 185 666 353 
288 411 144 764 46 26 815 718 198 973 
541 97 116 598 616 492 389 706 221 669 
149 652 901 724 336 398 568 922 877 238 
775 33 229 566 543 809 458 145 343 696 
2 783 692 700 898 773 324 412 651 109 
172 562 391 506 908 812 285 801 128 992 
888 334 355 223 250 793 800 494 242 303 
166 455 192 445 131 836 727 661 344 339 
100 703 763 142 470 495 512 416 554 76 
632 444 210 390 745 194 496 951 290 243 
768 434 409 637 928 576 278 665 825 11 
966 261 293 184 87 15 114 672 277 245 
136 685 571 71 853 918 283 35 264 854 
255 20 591 891 352 408 597 925 663 459 
203 201 36 271 164 451 435 189 851 790 
51 379 148 437 820 628 101 375 693 70 
421 627 77 988 709 886 648 995 617 200 
993 461 178 450 758 699 431 859 559 629 
932 989 737 620 29 786 305 417 695 129 
60 915 486 725 401 614 282 927 641 852 
961 952 88 723 317 50 646 13 52 323 
215 161 376 602 694 25 765 574 330 578 
955 881 735 517 127 659 235 947 603 516 
499 931 769 21 180 413 313 691 834 736 
656 635 316 55 420 561 112 720 683 34 
446 950 333 183 139 521 682 686 484 826 
315 125 487 147 464 452 631 855 863 797 
538 460 728 998 972 99 673 838 75 193 
690 295 395 195 89 374 476 623 19 771 
964 756 879 954 749 633 73 782 396 984 
91 292 785 3 819 596 137 634 772 493 
647 778 766 304 449 806 419 569 515 942 
573 507 681 702 575 930 469 179 322 294 
276 982 880 624 837 340 111 943 268 40 
582 986 67 687 424 909 750 551 443 570 
841 963 912 937 529 979 509 743 234 442 
372 843 781 439 501 860 981 788 894 32 
273 977 911 482 552 747 508 811 358 41 
558 721 698 45 456 539 608 341 174 259 
104 432 138 24 520 729 957 828 349 701 
160 789 689 454 866 824 143 497 962 342 
871 274 531 867 607 27 49 916 753 367 
589 864 345 196 56 59 609 485 960 612 
550 870 996 640 883 156 218 504 533 256 
151 405 392 241 907 1000 298 655 553 163 
599 563 365 272 350 356 595 83 227 994 
524 269 373 662 722 158 214 146 956 804 
897 805 394 368 335 429 275 680 676 65 
710 10 971 321 122 613 121 780 483 990 
393 98 505 802 78 882 425 876 674 130 
231 645 610 262 642 237 810 969 251 68 
224 244 660 280 588 842 500 103 556 590 
953 929 263 537 150 600 823 226 730 946 
209 840 586 232 938 222 169 186 959 845 
418 14 332 428 577 123 182 447 857 924 
622 813 697 999 945 849 717 291 754 204 
57 707 113 796 370 579 639 626 331 549 
22 560 326 615 555 115 441 542 675 467 
314 510 380 410 814 975 572 228 726 653 
219 337 807 822 197 489 592 991 347 377 
422 320 948 704 719 650 983 987 47 63 
784 48 873 62 734 199 835 471 934 846 
776 385 152 917 481 134 181 479 958 468 
565 777 530 534 858 301 799 384 281 82 
96 
