321
0 151 177 146 34 289 136 301 155 64 
111 95 17 120 222 263 180 181 200 89 
254 25 131 273 291 113 230 86 306 183 
38 26 259 303 174 228 199 197 156 221 
227 310 102 225 316 279 284 158 223 77 
65 110 67 72 208 172 215 112 299 260 
282 305 231 237 179 21 290 124 205 56 
84 192 90 132 241 19 275 319 195 10 
320 79 59 264 15 307 196 297 119 137 
20 139 44 43 37 11 85 214 211 293 
116 51 133 292 304 193 12 101 276 175 
258 126 283 167 153 46 315 98 141 53 
82 135 287 154 145 62 54 104 165 49 
117 278 24 91 269 76 243 209 63 232 
202 9 238 33 186 60 70 281 201 169 
188 13 219 71 162 138 27 178 203 244 
266 240 212 311 57 45 261 121 31 274 
6 226 42 160 267 105 184 229 103 234 
242 30 161 296 23 253 149 92 73 14 
96 40 164 251 78 216 143 302 235 18 
93 312 189 81 123 88 280 206 87 213 
210 256 168 109 298 190 277 39 142 249 
29 314 163 127 207 66 295 170 47 129 
300 220 272 157 308 187 217 270 22 252 
52 257 99 48 144 134 218 191 1 239 
80 248 100 7 35 173 262 198 16 106 
3 318 118 122 185 224 75 233 166 61 
114 147 271 285 268 246 182 247 128 125 
148 28 97 32 4 317 94 108 309 152 
288 130 107 294 236 171 159 41 36 176 
313 2 55 194 265 250 74 150 69 255 
83 5 50 245 8 204 58 140 115 286 
68 
