1001
0 909 208 297 594 455 917 985 226 324 
977 294 543 343 681 148 237 641 773 954 
453 952 781 420 830 566 664 9 363 532 
829 262 443 312 334 97 778 163 290 937 
32 846 621 326 515 331 236 98 776 102 
770 751 787 806 60 618 265 788 624 298 
897 24 762 982 828 202 790 876 437 812 
996 536 505 121 892 796 36 123 384 883 
779 366 821 447 559 535 942 69 475 748 
907 606 677 398 891 551 687 980 322 692 
55 981 951 53 126 422 468 76 143 994 
282 283 763 643 991 716 808 867 176 990 
582 330 775 393 931 733 34 469 117 908 
546 696 988 99 957 177 279 875 631 880 
488 201 616 864 372 449 602 166 119 603 
581 526 758 718 998 689 215 41 882 580 
370 379 518 738 470 56 114 139 512 38 
709 731 938 742 662 71 827 760 553 91 
568 302 874 575 273 435 701 229 910 63 
961 463 638 656 941 807 364 560 868 426 
570 387 300 87 963 149 637 858 183 653 
592 936 857 919 152 445 454 487 17 722 
436 243 54 355 685 315 194 173 107 730 
29 339 86 825 190 247 798 934 855 386 
525 438 178 823 896 780 658 537 625 125 
14 933 576 253 37 715 89 373 471 561 
51 844 672 52 127 890 356 479 483 491 
711 900 978 877 138 345 620 514 466 232 
182 235 408 35 335 668 810 870 769 714 
299 697 608 678 743 62 498 604 837 209 
501 181 376 967 310 260 259 901 920 923 
847 187 329 538 749 83 169 457 354 204 
413 610 47 850 65 441 586 547 510 220 
175 899 278 622 567 33 261 95 73 212 
661 116 403 289 866 772 122 588 276 255 
159 969 511 214 679 717 724 916 904 45 
415 913 707 421 640 109 521 285 506 853 
878 987 57 317 206 375 494 434 402 862 
477 777 630 391 507 432 485 497 792 219 
405 467 860 316 947 600 755 308 147 419 
490 1 591 584 930 28 480 651 669 835 
574 11 185 902 321 979 887 544 128 732 
619 406 682 239 699 639 534 943 115 744 
809 694 745 912 179 414 451 508 935 134 
240 597 489 785 319 314 228 21 708 484 
381 254 174 629 976 188 196 784 932 956 
530 133 93 652 246 427 925 921 258 389 
929 834 111 851 325 286 118 474 539 105 
735 915 433 997 966 344 623 734 23 524 
593 968 486 129 320 627 203 605 741 132 
241 357 674 698 670 151 222 27 746 8 
799 873 894 446 31 374 843 327 675 713 
971 395 184 368 757 849 3 818 879 307 
729 207 74 589 676 257 841 579 949 972 
58 353 272 962 396 390 613 146 572 884 
645 157 601 465 813 458 824 131 649 478 
250 167 881 673 153 350 192 64 221 986 
789 171 950 78 46 238 291 771 695 667 
263 156 428 224 702 970 720 691 590 753 
311 269 440 759 974 611 704 550 898 523 
352 275 573 948 533 736 382 26 955 39 
165 108 542 464 20 90 172 710 529 839 
362 609 995 726 15 706 865 25 975 288 
429 520 418 499 304 280 663 409 223 805 
333 565 852 842 92 85 928 801 430 101 
684 562 754 671 231 903 814 267 472 983 
242 394 728 103 19 647 303 740 817 571 
815 595 197 251 548 49 1000 113 739 531 
650 318 284 558 337 856 59 225 503 549 
392 110 452 48 517 411 431 693 227 911 
161 270 336 287 349 10 635 527 752 16 
774 648 416 30 655 872 79 70 893 135 
634 747 958 442 145 886 764 680 361 794 
264 459 417 888 367 77 462 191 737 802 
804 540 555 473 141 721 371 7 380 999 
493 782 596 397 953 75 761 705 385 598 
992 130 612 959 112 348 244 791 189 906 
642 545 309 233 399 448 340 388 496 578 
410 450 690 683 84 628 607 217 577 765 
946 541 306 256 124 195 838 626 905 654 
863 557 100 803 281 836 786 522 926 82 
61 404 347 365 68 439 341 96 833 599 
614 516 155 840 42 819 211 248 160 686 
106 18 144 556 848 509 965 158 266 960 
845 922 495 338 301 342 186 783 154 351 
277 193 4 666 528 476 66 644 245 5 
945 359 939 12 768 249 67 632 964 218 
766 703 984 513 205 104 727 180 136 989 
859 461 198 6 425 323 500 659 44 633 
40 377 80 401 660 140 268 210 22 918 
820 569 895 296 552 725 360 482 50 168 
563 295 816 444 383 665 973 811 230 719 
293 274 822 756 944 831 346 72 583 216 
456 137 162 914 861 213 424 234 292 81 
615 826 617 150 423 481 200 400 492 700 
688 43 504 564 407 832 519 793 88 502 
164 657 2 369 142 854 924 271 13 252 
170 313 358 889 120 797 993 750 585 636 
800 723 795 460 378 767 332 712 328 587 
927 871 412 94 885 869 940 199 305 646 
554 
