1001
0 815 487 743 998 358 216 319 43 344 
750 726 574 105 212 564 747 532 634 955 
921 199 517 491 924 773 310 175 778 952 
373 904 236 315 966 997 409 929 423 399 
106 569 442 970 24 227 203 45 602 664 
935 635 585 729 562 636 693 648 894 575 
401 662 205 207 876 250 521 19 657 671 
418 884 696 840 403 954 338 720 594 124 
84 450 756 392 455 738 78 559 882 597 
901 538 408 384 420 906 81 510 824 861 
214 573 990 12 810 238 239 926 110 988 
407 251 848 915 770 87 728 291 736 758 
10 779 972 325 478 281 263 89 62 365 
132 745 354 546 818 688 167 61 269 771 
524 118 333 557 96 299 903 305 277 986 
285 80 864 233 905 530 619 438 932 400 
90 936 9 143 788 379 201 103 31 394 
64 519 314 579 75 33 666 996 674 703 
639 963 588 843 436 763 6 304 553 13 
39 429 762 960 334 245 466 663 918 371 
798 994 746 816 57 342 341 658 541 170 
880 672 183 302 412 667 23 835 133 160 
973 428 852 516 629 416 196 296 63 800 
483 503 55 95 592 804 465 101 869 102 
680 829 247 453 957 68 586 961 731 49 
357 780 833 857 303 316 210 405 909 707 
502 591 439 154 279 369 321 665 878 34 
488 659 631 712 225 48 317 504 113 220 
523 72 264 121 262 790 599 927 989 751 
432 787 50 189 598 71 783 459 232 60 
97 978 278 983 140 858 168 641 130 781 
153 513 533 17 313 348 775 218 226 686 
873 419 1000 475 77 149 94 326 114 947 
930 881 374 999 53 980 26 933 566 395 
47 587 361 836 390 705 506 460 219 548 
127 847 148 51 549 169 454 856 919 627 
462 979 859 948 623 249 764 243 480 917 
651 331 397 721 415 41 139 615 733 888 
865 792 396 297 547 959 583 624 209 129 
222 134 683 760 266 447 208 687 83 995 
437 560 542 739 578 509 609 464 298 282 
292 794 895 866 501 180 749 85 490 290 
650 508 766 3 471 98 819 690 744 104 
155 477 260 194 166 991 920 398 886 58 
42 309 151 119 785 1 135 582 717 706 
941 376 822 908 944 21 543 701 274 93 
812 584 30 255 267 855 589 622 939 254 
339 190 830 54 945 120 692 943 343 215 
364 552 337 15 870 125 669 934 563 200 
178 893 868 152 613 874 620 795 807 714 
360 786 616 18 284 111 704 293 229 158 
28 393 391 883 512 897 112 842 545 150 
896 511 147 723 531 389 892 204 610 468 
182 211 965 515 850 413 820 802 606 937 
576 171 347 185 668 544 435 141 754 982 
306 644 74 907 601 184 458 821 32 849 
187 514 507 713 253 122 108 479 76 280 
387 425 223 801 832 722 814 981 765 570 
217 414 670 718 346 88 595 426 940 294 
899 301 174 452 633 520 618 165 353 242 
813 237 350 335 682 655 839 322 900 351 
136 724 92 498 312 534 206 176 769 446 
891 535 953 330 241 875 99 581 608 494 
767 555 252 711 976 796 411 173 123 567 
612 323 366 851 732 777 626 230 86 191 
518 710 877 272 617 231 307 605 554 240 
146 761 126 809 37 607 753 422 890 295 
925 811 838 356 844 128 699 885 257 202 
975 793 679 985 791 725 735 193 248 434 
525 676 35 656 388 259 649 359 441 381 
258 444 550 834 228 46 803 52 677 640 
984 827 653 808 489 286 854 283 916 522 
621 862 352 431 571 799 145 643 329 451 
556 40 872 91 625 689 380 421 527 826 
234 192 131 652 681 484 448 942 363 179 
445 261 485 759 774 177 776 473 44 590 
268 109 162 853 797 410 375 481 340 221 
324 378 157 142 938 695 29 647 902 845 
697 638 748 11 540 837 493 443 256 163 
25 537 288 270 349 496 311 614 336 137 
383 82 923 188 14 246 911 467 645 536 
497 931 755 402 69 433 831 580 950 716 
660 841 969 962 186 628 289 195 79 956 
817 100 789 469 992 181 700 561 56 675 
715 871 117 752 654 637 156 164 898 987 
958 968 472 709 66 887 308 727 740 430 
708 20 528 593 59 495 828 825 275 698 
572 974 476 300 642 757 596 386 144 265 
38 661 161 971 328 741 370 224 463 805 
879 685 603 4 604 273 993 551 197 737 
461 36 172 73 951 702 577 372 526 772 
456 424 646 684 730 742 782 449 734 505 
404 474 65 914 977 806 318 67 867 107 
116 213 946 863 482 271 440 558 320 912 
529 159 889 276 287 382 406 2 417 784 
486 694 470 332 539 673 377 327 922 244 
910 368 719 5 70 385 964 345 928 860 
492 138 7 16 367 27 235 500 630 499 
355 568 823 362 691 846 8 611 427 967 
949 600 678 115 22 457 198 913 632 768 
565 
