251
0 121 108 195 180 187 3 120 176 39 
58 239 151 112 153 63 15 4 99 123 
135 55 18 182 137 249 56 198 51 229 
127 129 92 219 53 86 66 171 45 116 
199 28 201 88 16 142 61 46 72 79 
163 50 164 81 23 107 237 20 90 209 
149 224 29 38 210 2 77 33 48 87 
96 166 211 6 232 188 247 73 221 115 
37 159 207 40 226 244 44 95 24 36 
54 67 13 75 193 80 97 194 234 85 
227 183 42 128 240 140 62 175 68 204 
30 169 19 91 41 217 228 165 170 26 
47 160 124 5 192 102 59 10 191 109 
223 215 122 173 32 245 21 71 134 132 
17 178 184 158 177 31 200 241 145 156 
76 167 196 69 233 148 8 218 214 57 
1 144 141 213 118 250 222 190 162 60 
212 246 235 34 202 82 94 7 179 49 
104 161 242 89 110 154 155 131 9 78 
113 220 119 248 168 22 197 100 231 238 
186 98 157 185 206 130 103 133 11 84 
114 126 243 216 150 225 147 143 172 106 
152 208 12 105 43 236 146 27 117 14 
65 74 125 52 111 25 64 189 136 203 
93 230 101 83 205 70 138 181 174 139 
35 
