1001
0 82 409 273 4 380 915 525 465 35 
728 877 328 701 394 116 501 660 210 67 
488 431 255 613 45 550 714 883 747 147 
891 626 776 558 289 490 293 603 298 157 
308 206 340 540 176 524 691 462 497 30 
729 690 146 211 239 696 571 371 135 667 
31 515 787 26 734 544 811 672 96 928 
175 886 537 821 551 674 746 413 79 422 
115 635 779 548 312 382 194 53 156 138 
342 998 715 458 906 887 49 432 938 190 
873 813 824 556 412 654 109 73 374 399 
414 668 18 795 578 479 321 935 979 910 
212 840 476 178 627 59 150 588 469 461 
941 81 306 284 398 919 430 617 950 125 
362 582 369 158 868 803 9 378 765 681 
166 396 77 6 83 433 634 977 878 292 
372 288 227 520 622 763 445 395 219 686 
309 325 326 148 99 314 335 218 347 124 
68 43 983 807 827 379 664 959 563 160 
522 610 752 252 464 592 599 995 961 822 
903 267 451 481 249 555 222 991 598 712 
318 450 74 136 970 741 50 487 881 12 
829 280 854 123 140 186 926 16 502 616 
459 748 849 143 468 720 358 311 92 818 
513 388 196 122 882 996 644 707 29 735 
736 602 240 225 652 168 478 645 271 120 
472 725 161 880 427 363 94 942 216 504 
180 348 226 756 528 965 781 576 173 126 
760 828 790 774 783 72 102 777 3 317 
110 577 258 84 716 800 918 717 573 331 
155 44 897 750 370 361 401 275 33 916 
823 809 755 984 636 518 403 171 353 680 
718 499 944 649 441 154 932 936 208 251 
215 509 256 36 512 713 917 474 332 220 
389 508 759 410 424 221 418 55 946 988 
825 8 336 408 710 604 392 313 21 368 
259 971 990 963 773 648 58 193 901 238 
875 864 2 874 908 183 581 25 539 149 
719 495 263 446 93 948 421 404 585 972 
819 804 397 666 909 142 742 798 320 534 
591 624 543 567 229 549 352 484 684 677 
565 199 987 268 11 89 141 231 54 121 
662 858 913 338 244 857 788 872 247 723 
754 250 483 466 485 179 428 679 968 568 
914 562 237 739 297 449 300 694 91 673 
683 586 780 895 792 640 653 423 323 832 
266 471 791 419 820 391 574 209 758 973 
233 425 595 510 580 117 727 538 272 100 
797 278 737 145 957 530 39 163 159 32 
845 665 373 455 76 646 553 296 14 768 
956 164 838 165 452 542 796 505 697 837 
639 682 188 904 133 514 693 993 386 260 
442 366 762 687 286 101 699 448 516 618 
632 351 187 934 893 204 307 967 870 213 
88 498 869 457 865 437 799 704 962 200 
405 349 772 843 304 97 359 48 527 10 
201 943 969 90 966 997 282 357 316 655 
46 945 675 189 986 601 19 749 927 733 
859 290 661 744 614 98 753 743 440 315 
507 364 700 295 810 805 947 964 383 279 
127 69 5 793 898 429 202 62 327 766 
889 885 767 38 606 223 801 265 434 172 
930 60 345 439 384 894 775 111 802 888 
17 531 61 575 112 416 671 761 856 402 
281 42 137 650 203 493 770 921 167 454 
15 365 814 205 529 678 129 113 695 593 
884 56 118 757 294 492 924 322 95 460 
356 503 415 955 834 769 390 974 605 536 
658 643 182 257 980 139 981 952 619 708 
324 566 177 78 939 475 51 851 355 564 
937 863 982 844 546 561 794 287 291 985 
992 152 657 214 494 923 789 153 912 954 
66 572 191 848 841 738 726 470 647 230 
301 420 144 554 407 559 637 376 999 597 
169 377 387 629 400 836 463 500 846 579 
246 243 435 784 482 181 13 721 131 623 
132 547 976 839 625 596 902 831 254 232 
689 23 722 241 615 47 270 170 305 590 
467 709 808 393 436 656 1 907 197 339 
659 612 104 245 217 852 283 850 360 37 
688 751 899 1000 552 835 224 406 533 105 
207 85 134 847 949 867 771 511 724 375 
195 607 477 871 302 303 63 560 198 526 
589 958 519 812 354 333 806 855 174 24 
285 711 929 541 975 70 75 778 426 264 
34 732 940 41 642 730 447 933 367 866 
319 86 630 638 261 535 685 523 862 740 
71 521 698 343 900 52 22 438 583 385 
480 633 620 702 960 905 705 745 584 274 
269 911 994 861 931 879 609 876 786 587 
833 40 953 989 87 532 443 162 310 569 
262 594 106 731 816 473 785 185 506 489 
860 350 234 496 381 628 669 557 299 830 
184 925 108 486 151 329 608 228 951 815 
706 330 235 764 20 600 346 130 922 444 
334 277 491 27 853 517 896 411 892 107 
456 545 28 978 128 663 337 703 826 344 
692 611 417 341 920 192 676 64 890 253 
621 453 57 670 651 641 65 248 570 114 
817 236 7 103 80 782 631 842 276 119 
242 
