1001
0 997 146 790 505 98 623 903 926 627 
865 940 366 560 455 105 747 145 147 580 
240 522 977 573 895 216 833 799 436 587 
721 756 723 946 507 764 419 778 557 45 
315 42 792 936 540 405 301 209 47 716 
738 305 529 855 978 923 23 837 881 607 
915 784 211 219 361 843 447 741 914 194 
521 661 357 681 912 815 524 974 886 218 
184 736 50 355 229 379 291 199 704 77 
334 590 884 786 849 682 155 443 297 852 
783 262 506 471 61 767 46 263 495 99 
38 913 12 591 408 498 228 258 785 446 
530 152 539 380 269 950 547 515 809 726 
374 129 358 971 556 1 307 150 561 945 
993 320 324 659 125 924 885 295 406 810 
838 96 450 962 859 338 616 957 602 272 
605 197 104 459 994 480 633 600 655 868 
345 910 588 528 390 475 581 919 841 395 
252 980 794 306 434 233 321 119 171 544 
959 271 461 879 585 7 20 863 821 911 
679 745 825 106 259 858 502 469 362 340 
551 131 431 360 92 976 317 571 341 695 
378 979 874 520 66 280 901 121 640 589 
266 869 554 509 465 896 34 247 782 925 
234 177 250 221 430 512 397 777 847 173 
814 116 440 857 156 776 21 113 141 348 
283 932 25 918 548 851 878 421 599 473 
632 890 808 674 499 648 404 624 238 675 
344 906 43 205 342 801 990 680 458 668 
312 278 427 898 737 728 346 798 673 725 
501 998 699 930 241 151 492 410 354 327 
892 133 970 245 347 388 377 111 255 289 
791 474 954 746 290 68 999 71 267 478 
732 541 966 854 58 989 157 311 204 223 
922 684 618 938 651 5 693 476 797 35 
114 189 293 60 470 582 396 392 364 26 
917 188 664 803 139 80 260 804 893 284 
765 983 645 763 438 33 294 939 779 931 
179 44 191 198 72 40 489 75 253 644 
101 117 951 755 246 830 56 485 138 687 
711 769 185 90 683 718 862 153 414 870 
553 722 568 452 115 491 136 758 793 562 
812 30 818 411 583 424 559 965 429 172 
69 523 160 904 463 549 734 277 525 920 
887 702 486 727 182 457 639 829 89 235 
472 822 537 186 67 376 8 370 552 449 
53 579 270 647 128 97 496 441 987 195 
899 59 285 642 264 1000 703 689 268 316 
372 261 55 500 850 207 339 604 130 504 
929 417 743 685 482 981 706 365 871 943 
57 514 416 823 669 3 399 187 670 603 
356 217 846 613 287 619 831 988 845 835 
781 2 210 323 143 650 542 629 593 555 
671 908 710 968 824 423 740 802 678 435 
813 122 617 65 288 448 164 773 384 239 
401 535 102 735 577 336 662 902 6 654 
181 933 330 477 137 800 772 118 382 574 
905 393 634 368 242 819 176 303 697 638 
244 759 964 274 897 527 937 754 626 325 
719 437 625 533 426 752 460 394 265 412 
203 166 162 935 220 112 508 292 948 332 
621 597 142 889 256 298 464 168 986 18 
359 598 190 594 534 748 326 83 413 880 
630 928 329 517 836 876 692 454 300 663 
224 739 909 103 108 126 961 439 656 400 
70 707 313 720 558 451 28 731 789 882 
353 622 543 828 202 717 466 479 299 877 
867 691 309 511 39 62 13 123 921 749 
853 373 960 445 51 174 653 167 575 165 
154 636 442 872 566 371 212 770 643 806 
608 967 992 481 456 827 222 817 832 787 
82 310 952 565 984 483 333 170 518 37 
183 631 318 132 795 820 694 570 641 807 
768 713 275 352 834 41 4 686 760 665 
387 532 620 27 281 771 78 750 513 635 
934 864 842 135 24 531 510 49 385 175 
766 666 712 861 698 81 169 391 615 601 
672 839 875 742 467 418 432 883 231 907 
538 805 54 916 996 140 248 10 453 134 
595 64 286 381 762 87 596 956 383 714 
705 493 888 775 331 257 196 696 955 32 
337 415 389 363 774 282 409 208 343 230 
975 386 564 304 744 652 676 110 351 701 
606 369 88 866 227 17 840 724 649 991 
100 751 76 95 201 856 36 780 519 497 
425 860 612 567 109 200 715 609 144 158 
487 572 658 733 314 403 84 236 398 796 
526 536 85 161 949 350 516 148 844 254 
657 308 422 584 14 93 444 610 120 953 
29 127 942 503 251 91 488 124 569 279 
637 468 243 349 677 545 462 214 11 232 
215 546 319 63 700 237 894 22 688 107 
873 563 757 328 206 296 816 958 433 985 
586 302 15 322 730 74 484 213 225 192 
995 490 969 159 273 900 550 193 407 375 
578 628 276 149 788 646 753 249 891 86 
826 428 16 690 226 660 48 335 576 402 
708 729 592 811 52 494 941 667 420 927 
848 163 9 973 947 94 180 982 944 367 
31 178 73 761 963 614 19 79 972 709 
611 
