501
0 481 253 104 115 106 235 279 20 392 
488 179 168 164 338 361 328 302 199 113 
309 129 409 178 8 334 448 91 65 408 
301 372 238 109 154 474 423 486 234 462 
437 369 89 5 43 352 314 315 29 2 
246 86 444 209 325 320 304 107 188 180 
335 79 416 24 438 67 241 449 436 77 
134 176 78 6 68 427 260 485 3 153 
66 140 218 239 386 38 230 406 61 482 
319 261 345 265 73 387 92 390 271 70 
214 282 82 206 215 55 245 80 362 243 
496 7 95 226 479 116 53 98 440 64 
200 466 221 360 84 184 26 340 382 477 
397 356 270 349 186 150 365 141 237 414 
151 433 396 136 458 459 483 152 59 413 
90 193 127 348 44 189 284 375 120 295 
311 373 131 17 192 99 23 128 162 15 
376 252 307 34 305 207 259 1 219 87 
495 25 41 381 290 130 160 371 294 297 
148 343 27 174 264 125 478 170 225 487 
114 429 133 296 40 121 313 240 49 332 
355 45 222 13 51 50 233 450 364 473 
247 30 118 447 19 312 132 344 351 142 
278 300 404 163 224 42 383 324 18 317 
119 286 232 391 428 327 407 476 346 242 
277 117 425 489 124 158 333 394 417 255 
291 430 435 185 499 453 171 9 388 267 
35 359 195 399 138 393 269 454 201 318 
254 236 100 144 183 263 10 484 182 250 
306 500 441 469 341 146 268 456 331 16 
31 498 123 379 105 446 292 135 323 329 
465 28 457 63 354 83 426 303 172 490 
493 452 223 37 289 401 321 330 75 422 
431 208 434 419 102 110 389 497 285 249 
137 143 374 161 357 316 196 36 76 257 
202 273 62 280 166 54 212 480 308 122 
445 256 93 248 175 275 244 71 353 177 
370 439 283 322 350 56 14 262 229 60 
432 22 101 220 464 377 266 385 420 12 
251 405 167 418 384 97 194 472 310 287 
288 69 451 442 492 211 33 112 204 460 
157 358 198 217 103 145 126 147 398 213 
347 81 149 491 227 421 461 4 402 74 
337 32 228 197 187 191 339 368 342 46 
298 276 463 72 94 443 395 210 363 159 
181 410 293 471 11 415 366 470 380 155 
165 281 403 52 216 468 111 96 274 57 
475 85 48 58 494 203 378 169 412 326 
139 47 108 336 455 272 88 258 205 173 
367 39 467 190 400 299 21 411 231 424 
156 
