501
0 488 143 136 218 175 385 429 23 433 
99 498 427 432 357 447 54 461 401 360 
330 437 187 381 146 257 24 368 125 301 
261 321 479 189 230 258 299 120 209 220 
217 302 138 416 283 90 95 61 308 97 
329 2 421 413 249 356 407 93 206 491 
39 137 85 336 268 48 79 349 174 34 
424 226 410 289 69 6 25 41 56 297 
163 14 419 363 439 335 358 478 291 27 
394 300 475 334 8 18 67 184 247 150 
154 404 264 325 167 480 251 144 180 312 
319 123 179 229 451 246 471 371 489 426 
235 459 281 232 112 58 9 66 313 317 
86 241 148 213 80 12 462 204 350 37 
162 352 129 263 455 59 292 26 178 52 
267 265 70 477 295 276 222 438 145 275 
483 481 400 423 109 210 399 293 107 118 
153 10 128 130 396 326 252 227 140 472 
314 389 482 131 19 142 383 493 122 32 
55 117 468 244 255 192 42 216 494 103 
284 440 441 266 453 347 290 195 285 63 
65 253 149 171 233 135 277 380 348 403 
166 499 405 248 259 208 364 431 156 402 
152 473 17 82 51 198 446 74 13 127 
323 183 181 465 460 60 469 464 344 141 
121 476 442 337 22 172 133 243 161 168 
355 395 375 81 443 221 332 305 196 71 
466 36 186 448 445 449 31 282 231 78 
158 272 57 341 212 485 239 4 53 444 
398 21 412 151 91 106 271 35 7 237 
113 428 101 379 342 72 307 75 353 188 
96 11 77 435 279 157 373 298 316 409 
296 294 497 331 110 193 486 343 1 280 
76 454 126 378 62 98 64 354 254 68 
73 45 139 104 278 345 214 29 309 450 
288 436 5 362 269 207 119 359 369 242 
315 202 116 201 392 430 115 304 361 457 
89 200 84 306 463 83 328 386 240 33 
245 391 452 406 43 205 160 458 470 165 
108 490 256 495 340 262 15 376 46 390 
346 238 159 434 365 88 92 169 177 310 
134 286 372 102 418 111 173 287 374 377 
47 397 425 274 388 49 496 176 155 500 
382 228 367 30 191 28 234 318 311 182 
94 387 16 260 250 215 393 87 270 492 
415 408 100 333 414 132 417 124 164 197 
273 219 467 44 322 366 114 38 487 339 
190 199 225 456 203 324 327 50 474 320 
147 223 384 338 105 351 370 185 420 303 
422 236 224 211 411 20 40 484 3 194 
170 
