1001
0 261 993 266 157 457 88 448 398 163 
201 876 83 781 74 777 685 165 244 903 
774 825 86 877 507 849 274 639 662 842 
37 135 130 627 677 792 830 300 193 562 
397 378 738 9 396 582 365 384 460 490 
291 254 314 174 420 171 508 273 125 535 
679 739 72 225 95 414 485 756 106 456 
970 405 119 323 909 826 675 401 483 891 
905 62 886 837 631 75 356 999 554 946 
7 518 612 659 415 660 550 780 346 986 
645 495 395 334 229 844 706 498 722 465 
156 606 108 144 34 499 363 951 644 981 
545 544 143 923 578 764 91 621 563 188 
772 964 204 354 587 870 931 708 897 427 
112 935 162 19 564 908 253 516 589 522 
289 808 411 331 371 451 213 838 910 308 
565 25 299 552 35 279 815 693 53 13 
239 251 689 525 881 816 137 11 753 93 
117 776 965 599 504 802 761 159 701 387 
941 667 16 915 972 259 412 267 517 4 
493 797 309 953 569 268 720 687 936 755 
20 319 205 455 276 962 256 375 223 862 
985 867 215 63 799 169 133 643 121 245 
413 99 666 901 604 787 131 922 572 170 
352 943 757 491 595 588 250 111 979 481 
597 182 709 103 440 437 216 27 608 796 
807 664 960 869 615 591 850 952 966 203 
198 469 648 60 230 234 73 272 640 351 
529 310 394 959 328 218 832 242 694 823 
173 29 663 758 735 417 221 224 192 976 
947 716 458 467 76 567 692 478 404 416 
971 96 441 975 957 600 142 760 819 746 
487 800 409 590 145 705 840 795 927 424 
547 990 369 902 373 1000 249 785 805 532 
248 236 883 154 31 210 841 195 255 476 
58 702 994 872 151 670 79 264 598 982 
262 696 987 700 5 827 719 186 199 835 
263 707 84 917 737 963 23 104 750 803 
429 202 602 583 435 379 353 534 161 732 
382 539 292 714 860 672 899 123 257 789 
874 326 778 65 372 691 102 14 846 839 
100 432 36 769 368 374 28 301 191 466 
362 459 925 906 853 461 980 628 376 549 
298 655 998 124 160 786 712 725 932 818 
654 400 820 392 889 21 511 320 284 888 
821 775 991 325 434 146 290 900 305 634 
697 956 342 546 747 288 463 69 921 127 
10 140 794 85 920 822 989 209 913 316 
673 880 297 674 623 30 294 718 355 617 
695 269 817 866 676 875 548 81 92 983 
624 911 77 181 524 358 152 649 605 890 
968 442 423 238 317 453 614 916 594 78 
468 912 41 584 782 33 183 3 179 950 
647 246 232 184 438 801 408 477 636 333 
40 610 337 49 67 447 791 809 51 651 
630 56 762 930 834 949 669 484 390 383 
661 12 47 110 94 349 486 59 116 668 
858 543 136 107 32 311 924 721 101 275 
733 767 571 410 995 771 601 302 321 450 
219 611 167 431 926 118 226 938 197 542 
555 114 859 207 536 512 449 619 482 658 
24 22 17 211 969 364 115 510 345 955 
642 120 480 568 997 895 879 829 212 736 
690 149 559 421 773 734 717 863 710 407 
919 454 66 343 937 2 166 745 992 967 
1 770 471 377 70 958 530 625 638 98 
580 187 134 513 122 914 918 573 48 172 
521 190 731 650 603 286 406 282 296 790 
361 505 391 763 330 948 340 699 804 71 
618 38 711 403 243 831 270 892 322 622 
788 422 350 515 520 348 445 873 678 185 
473 861 887 585 904 558 180 574 553 433 
629 313 347 680 359 671 164 646 729 752 
277 61 977 26 812 452 813 109 742 381 
500 54 50 728 984 724 961 293 462 497 
681 278 751 896 126 283 344 740 402 148 
713 113 703 97 652 501 704 593 945 665 
884 641 609 155 150 260 551 430 388 836 
327 360 607 39 852 399 828 810 177 577 
726 46 418 57 439 306 443 132 561 18 
318 723 470 765 851 682 338 864 942 472 
698 894 228 749 231 779 105 940 557 222 
138 489 882 857 370 64 531 189 759 868 
52 656 566 933 581 684 509 748 996 653 
241 233 592 596 227 519 214 579 339 526 
281 541 538 235 329 871 811 474 754 540 
488 626 336 928 217 128 635 537 570 847 
247 446 613 87 768 42 744 426 153 393 
315 806 898 715 833 854 865 514 503 194 
855 43 620 523 978 934 637 295 824 492 
324 45 139 475 560 332 944 80 845 878 
312 6 380 367 479 743 168 44 287 15 
335 556 793 974 893 265 533 428 220 389 
175 988 258 464 766 586 385 506 885 419 
307 200 178 814 357 727 686 206 366 208 
616 843 494 240 147 496 304 688 176 425 
798 252 856 502 633 575 527 237 973 848 
632 954 303 444 8 386 741 929 683 196 
528 129 939 141 657 341 82 783 280 285 
271 784 907 89 90 730 436 55 158 576 
68 
