501
0 79 350 461 48 317 82 451 208 16 
165 106 307 329 295 18 402 148 120 170 
86 412 322 384 47 345 261 415 77 326 
340 152 491 247 343 378 332 127 369 49 
87 389 181 454 379 305 306 264 91 171 
5 14 254 387 251 70 323 245 252 385 
113 160 220 364 470 99 100 455 342 284 
336 196 186 397 304 434 495 349 356 431 
111 500 270 457 4 34 231 96 375 59 
175 363 277 35 312 62 453 396 142 299 
145 286 441 199 425 66 406 233 158 115 
128 61 346 203 238 447 27 162 141 471 
78 351 424 348 443 28 421 390 9 159 
197 32 178 98 365 337 65 219 275 294 
341 463 205 354 13 370 262 166 55 446 
212 198 496 371 64 131 225 243 117 95 
268 58 122 108 456 258 43 263 440 204 
112 445 368 372 388 472 60 54 300 156 
458 468 498 93 459 126 292 179 234 83 
230 290 2 224 223 413 334 20 80 418 
67 244 410 168 241 393 136 289 494 155 
157 274 383 184 97 310 133 119 398 137 
73 21 134 135 12 407 439 400 210 478 
315 475 361 23 333 31 201 116 417 242 
7 466 414 394 194 381 288 484 176 467 
183 8 486 94 266 200 452 338 105 187 
46 367 50 355 297 419 344 291 269 6 
429 209 487 311 433 222 404 249 174 267 
229 386 19 411 492 448 314 68 489 215 
260 464 416 42 17 150 335 15 255 276 
485 217 271 53 221 92 319 497 10 257 
482 316 71 146 449 89 193 281 392 483 
1 189 195 107 41 376 460 493 218 320 
382 499 37 63 360 104 279 151 380 177 
283 469 273 129 339 405 74 138 30 140 
11 298 272 180 395 436 39 401 420 327 
438 465 324 347 481 474 169 293 480 408 
202 114 357 328 430 154 72 331 280 139 
52 163 206 321 250 308 213 423 125 232 
352 143 256 103 302 444 101 296 358 149 
303 428 374 118 391 278 301 3 285 85 
259 282 427 38 121 51 44 359 253 173 
309 123 172 373 442 29 207 109 216 432 
226 422 353 479 239 426 132 490 476 377 
56 188 473 228 330 81 235 362 488 90 
287 130 450 191 153 76 57 325 45 237 
25 88 75 40 192 409 84 318 214 248 
246 236 435 36 182 265 33 144 403 161 
102 313 147 69 24 399 185 477 124 26 
110 227 22 366 240 437 164 462 211 190 
167 
