1001
0 79 302 985 922 317 198 959 843 386 
821 981 20 555 288 874 920 789 463 515 
683 834 427 763 960 447 808 700 272 26 
185 542 661 236 121 517 217 898 9 571 
743 58 27 806 165 473 267 966 797 675 
176 119 148 632 18 753 153 89 296 274 
330 298 547 150 479 439 283 967 671 254 
704 99 532 853 625 3 234 1 75 418 
207 211 352 412 260 812 877 178 871 595 
608 16 144 281 780 42 378 214 366 273 
400 736 876 31 434 287 826 634 489 95 
734 289 23 337 491 525 773 514 880 759 
765 12 554 431 259 902 443 448 454 526 
169 255 699 497 509 440 446 108 284 130 
570 726 605 195 349 511 733 451 8 988 
201 952 728 403 91 282 559 688 767 722 
332 977 87 354 464 205 996 991 756 503 
813 615 312 830 238 970 703 460 746 173 
694 395 796 576 624 187 864 553 875 376 
829 512 663 498 387 835 81 657 670 293 
237 63 990 374 46 156 147 56 705 725 
320 597 781 93 242 104 523 622 891 593 
410 748 294 186 426 545 487 516 34 637 
342 253 295 577 393 623 685 535 894 659 
203 693 483 613 357 406 305 399 719 667 
408 939 485 344 172 653 142 105 749 450 
323 887 328 648 587 227 505 679 575 655 
318 133 878 740 88 311 134 879 911 707 
564 669 269 13 662 932 44 123 596 994 
758 645 380 98 15 436 70 419 345 248 
347 166 560 404 964 83 851 654 933 251 
962 508 918 721 465 37 28 204 817 684 
218 135 802 993 141 462 228 521 935 452 
313 268 481 327 872 80 957 131 475 857 
832 219 47 379 524 179 402 953 546 955 
100 807 160 110 772 30 360 552 768 947 
617 128 709 649 340 628 974 561 321 745 
616 586 168 680 51 626 979 948 984 117 
794 569 713 97 59 837 896 914 867 223 
162 718 140 702 314 257 799 980 266 672 
308 107 809 519 589 477 120 978 664 855 
885 698 538 717 60 852 425 714 724 471 
455 383 682 48 940 691 941 338 468 590 
666 367 457 844 900 482 612 200 522 769 
10 917 126 114 755 915 21 992 999 229 
923 820 591 390 854 506 190 961 132 249 
196 456 210 825 146 329 579 54 241 275 
358 543 739 398 658 29 539 741 129 167 
85 216 946 470 363 804 776 882 4 261 
824 35 52 86 893 976 518 377 614 159 
361 944 202 643 638 316 862 180 598 764 
1000 838 240 647 550 847 82 370 641 496 
364 916 339 973 490 711 175 798 660 710 
584 716 250 221 453 771 73 309 611 646 
315 706 41 842 124 945 270 910 96 504 
365 845 912 551 928 424 385 785 866 76 
341 574 594 2 232 865 188 145 72 965 
803 800 816 541 750 355 897 245 152 678 
65 609 116 78 557 815 183 213 822 701 
507 856 899 548 430 787 861 433 793 788 
723 61 476 929 674 14 372 136 191 299 
777 24 415 892 805 998 38 599 189 601 
45 673 819 681 139 359 782 7 727 17 
375 181 890 158 301 243 77 171 971 388 
731 909 639 697 394 986 71 164 467 271 
36 527 92 729 322 656 881 494 989 6 
356 262 604 567 306 197 954 606 676 138 
818 568 501 502 53 154 67 619 55 558 
19 735 572 907 889 650 325 531 533 610 
585 353 151 620 391 886 449 324 420 895 
486 111 351 68 310 823 278 968 466 562 
732 831 84 839 369 62 528 157 633 906 
636 109 286 708 429 127 326 22 428 801 
791 607 873 950 778 279 715 161 742 860 
689 336 963 627 382 901 39 230 927 118 
409 995 401 331 199 795 432 712 635 256 
870 303 265 500 177 761 239 480 174 101 
371 592 206 537 600 651 529 290 931 943 
677 106 972 280 513 184 846 810 987 25 
841 437 828 49 182 291 937 868 949 484 
863 930 5 244 534 149 193 209 277 686 
66 582 752 231 215 581 252 859 921 833 
779 292 934 775 751 925 334 951 163 346 
143 668 224 170 444 720 499 762 113 478 
563 350 304 814 573 942 811 849 246 738 
103 983 578 783 982 368 520 225 381 848 
903 285 926 938 588 888 442 790 618 421 
924 263 472 869 997 905 827 458 665 396 
884 235 90 469 540 565 43 580 784 602 
690 297 566 747 258 441 212 549 343 640 
760 69 335 423 50 975 300 102 397 57 
264 631 474 583 488 155 417 319 32 373 
695 495 276 220 754 226 919 850 333 414 
652 115 208 696 435 407 413 644 544 222 
956 40 786 840 913 461 137 770 958 908 
936 445 510 883 125 493 492 858 233 422 
348 687 94 247 74 112 384 530 692 64 
629 192 411 307 122 757 392 836 459 744 
11 904 630 33 389 362 603 642 730 438 
792 774 621 737 416 969 194 766 536 556 
405 
