701
0 267 405 153 498 140 397 482 432 94 
596 692 138 321 502 77 686 157 516 143 
694 390 366 20 2 123 490 404 474 631 
191 364 245 383 398 483 541 465 604 361 
676 357 630 422 175 273 591 75 36 272 
573 73 650 662 506 539 395 159 29 365 
638 90 54 81 623 635 220 251 302 561 
200 554 131 577 164 612 285 136 425 320 
656 423 691 613 44 194 126 51 52 529 
550 605 375 199 217 107 127 606 617 534 
537 99 254 335 304 47 55 241 129 296 
488 113 218 266 189 647 132 93 210 588 
509 367 505 594 193 249 354 427 661 460 
619 239 666 14 646 351 479 358 57 11 
30 280 456 112 1 42 215 428 182 560 
411 549 558 431 543 567 438 621 614 693 
436 523 305 678 485 38 525 538 104 134 
169 665 110 378 401 174 597 315 521 346 
409 71 323 261 462 231 556 339 87 288 
301 248 83 531 48 565 489 317 89 115 
584 106 544 491 508 575 105 290 229 600 
700 444 122 592 39 181 19 499 589 7 
133 31 569 207 37 146 61 410 12 53 
496 25 262 139 503 111 256 316 607 250 
655 564 406 568 202 338 277 535 13 96 
79 649 26 247 371 682 363 507 297 255 
333 144 232 634 542 264 178 446 32 524 
578 677 590 292 362 514 69 415 520 72 
609 114 674 517 484 80 379 426 228 343 
291 611 582 46 17 403 167 349 681 130 
98 690 389 214 166 672 149 679 219 67 
352 532 108 380 355 9 234 457 284 283 
235 459 654 40 518 327 393 92 197 183 
481 16 593 252 501 168 18 435 190 562 
639 6 572 314 641 259 253 680 386 324 
551 570 587 439 452 608 330 227 443 263 
618 353 458 306 141 150 598 118 222 128 
466 469 68 188 385 658 151 576 268 62 
699 420 121 3 546 637 486 325 419 424 
512 698 101 632 369 74 625 176 687 510 
244 184 117 186 213 476 526 337 540 295 
91 663 603 224 331 63 670 155 165 669 
533 326 152 35 85 242 511 303 416 454 
580 177 162 437 137 205 492 76 50 429 
626 451 627 418 318 610 553 381 688 633 
527 616 142 675 70 583 322 368 102 441 
230 644 212 450 387 243 15 265 148 208 
372 41 574 86 275 161 500 480 382 579 
513 299 342 58 308 392 22 135 434 475 
555 667 417 400 453 530 88 449 225 447 
433 636 309 8 552 103 442 340 258 10 
198 5 494 179 412 221 563 21 685 270 
497 223 313 440 82 620 399 43 195 341 
120 684 319 196 347 629 559 294 293 394 
27 628 124 545 60 683 648 24 329 298 
464 652 201 657 282 307 33 238 487 45 
116 211 566 376 180 204 173 145 622 334 
158 236 536 350 209 311 408 171 226 493 
581 660 187 28 49 696 421 664 119 59 
109 66 4 216 23 374 95 84 356 645 
310 388 332 673 473 586 407 557 246 64 
281 599 504 260 477 274 624 271 370 278 
643 640 56 601 300 430 276 689 328 448 
240 377 78 468 697 360 287 615 585 384 
172 455 470 192 359 160 659 65 671 519 
413 348 642 34 528 170 695 653 344 402 
445 602 163 289 312 345 463 396 471 571 
257 495 206 154 467 97 522 414 548 651 
286 547 391 461 336 233 100 125 515 269 
595 373 203 185 478 237 156 668 472 279 
147 
