501
0 397 203 162 332 470 86 419 109 347 
151 258 282 36 368 303 299 466 259 391 
218 87 319 65 34 248 379 75 274 388 
362 238 298 378 67 240 6 363 247 120 
337 132 478 174 35 17 443 141 90 246 
167 213 182 121 396 3 305 457 425 54 
469 482 13 494 358 361 102 149 427 340 
71 179 83 260 307 411 9 226 415 369 
373 99 43 42 209 199 163 406 93 289 
405 164 492 223 159 4 261 359 181 140 
74 177 194 395 480 431 311 205 100 249 
441 442 456 308 122 235 201 475 257 454 
455 190 64 148 353 497 78 476 180 398 
22 447 309 471 38 390 377 451 161 324 
256 320 30 339 423 204 95 11 243 360 
327 330 96 351 220 175 113 281 346 91 
329 342 437 310 188 410 322 186 412 234 
432 483 156 146 465 40 89 436 268 434 
394 1 365 69 438 139 130 81 348 114 
321 300 215 166 250 196 251 108 252 420 
421 197 15 416 385 318 417 269 150 118 
271 461 48 262 135 474 142 41 296 20 
14 37 31 104 272 343 326 53 183 277 
29 479 138 477 452 367 500 178 386 350 
117 333 232 428 458 126 374 401 276 270 
39 496 76 294 56 292 302 278 464 467 
242 422 304 153 124 241 266 338 372 88 
26 28 301 154 158 70 123 355 489 312 
119 136 267 62 273 375 331 187 334 107 
486 231 134 97 468 345 433 25 105 66 
72 98 19 229 389 472 499 103 157 439 
407 453 217 364 430 225 32 193 490 306 
283 392 463 21 498 317 55 402 111 92 
219 381 137 214 101 293 275 488 133 344 
244 287 349 7 84 418 222 12 354 341 
313 295 376 221 481 239 426 459 112 176 
198 82 210 495 384 291 202 212 160 173 
47 325 10 387 52 265 357 450 129 145 
366 460 144 200 491 446 383 208 227 24 
170 263 445 315 58 49 284 400 485 172 
16 79 185 237 413 80 60 279 131 424 
51 380 352 127 147 63 382 230 155 23 
8 290 356 224 46 408 404 184 27 191 
399 493 169 429 207 68 128 448 45 403 
110 444 116 125 192 370 5 371 50 168 
77 189 33 165 18 435 286 152 143 236 
2 316 85 253 44 487 106 409 255 94 
288 336 335 297 414 484 328 462 206 59 
57 323 393 254 285 115 216 440 61 449 
314 264 228 233 245 171 211 73 473 280 
195 
