501
0 47 340 53 429 271 300 158 117 498 
233 109 293 393 73 202 164 383 483 404 
138 443 156 242 369 191 232 397 476 320 
338 376 419 183 198 26 248 222 454 335 
365 382 346 184 451 351 386 197 6 307 
119 216 8 275 95 231 34 18 15 148 
32 234 238 486 277 482 2 104 444 111 
102 16 259 319 343 499 19 291 309 280 
497 217 449 64 182 244 262 446 67 42 
348 273 154 139 122 201 269 142 17 74 
379 313 31 5 361 380 445 395 426 116 
200 144 322 100 151 288 135 345 215 500 
457 394 339 305 37 129 87 385 431 460 
459 468 324 287 81 94 163 421 448 55 
474 211 14 56 480 84 418 328 330 347 
112 282 350 246 126 493 45 206 168 317 
478 256 210 66 456 358 294 146 268 281 
461 265 331 370 336 427 128 387 115 175 
252 430 99 235 490 125 364 375 465 496 
188 208 44 140 30 223 466 243 165 333 
432 124 362 150 261 152 110 62 327 96 
368 258 255 260 254 278 417 134 153 452 
3 285 36 378 391 11 63 80 463 61 
196 270 272 72 292 1 311 185 179 136 
253 33 247 424 450 149 186 239 105 441 
86 177 462 477 295 193 214 203 24 35 
40 224 189 132 353 475 299 28 489 107 
169 402 38 354 473 308 303 371 57 133 
76 400 83 297 276 20 225 91 85 245 
137 209 228 321 396 301 349 143 226 316 
302 218 318 283 359 442 108 127 161 341 
433 352 372 434 435 408 159 92 251 425 
39 155 398 257 212 65 77 79 420 9 
264 492 366 290 120 325 237 59 221 390 
167 187 415 227 145 495 401 407 416 52 
49 70 103 160 240 27 41 58 286 438 
123 467 384 89 230 7 229 484 173 78 
12 337 367 342 360 388 190 178 289 4 
491 141 21 412 147 195 267 90 241 355 
263 162 357 22 323 250 411 469 113 75 
374 413 399 220 298 50 440 219 170 296 
130 488 381 43 13 373 472 470 471 414 
479 455 82 199 315 458 356 312 181 118 
405 409 310 98 180 46 266 204 485 284 
326 101 88 25 249 494 172 51 121 54 
377 10 410 68 106 48 363 274 436 93 
166 428 194 403 447 437 453 439 176 71 
464 481 423 207 29 174 422 389 171 314 
406 279 306 329 236 192 114 131 334 487 
344 23 332 205 392 60 157 304 97 69 
213 
