501
0 1 32 375 410 315 231 46 16 45 
145 38 138 235 233 34 298 139 427 311 
257 171 494 418 56 488 225 378 449 288 
247 63 453 450 65 54 104 188 352 468 
209 15 397 2 84 55 42 469 484 278 
49 421 269 59 444 131 309 112 372 318 
137 443 344 223 243 133 399 425 431 177 
100 81 153 336 181 275 495 99 159 66 
220 432 254 160 158 47 284 114 19 359 
296 125 194 323 384 282 343 434 314 439 
326 168 467 436 23 163 108 405 187 292 
317 30 183 120 360 111 215 457 267 71 
306 358 324 371 141 221 415 48 327 262 
226 207 31 155 200 151 285 78 129 217 
4 274 185 377 143 39 316 456 437 312 
299 41 441 28 373 178 422 8 331 57 
53 261 106 218 204 85 238 144 463 368 
52 91 440 189 271 462 58 270 258 92 
117 391 445 186 35 325 401 192 40 239 
304 199 6 197 363 392 362 423 366 172 
388 180 102 130 420 123 126 361 3 341 
27 293 408 228 498 95 386 90 115 24 
154 5 150 454 83 113 297 127 264 283 
169 287 260 407 167 367 157 184 140 435 
279 25 103 64 380 357 303 266 256 433 
107 179 412 44 404 426 342 430 302 393 
333 132 17 147 383 300 493 227 206 307 
94 69 438 330 346 124 464 216 291 472 
240 33 212 332 353 29 280 128 250 62 
389 475 476 175 465 416 86 198 173 76 
272 442 376 68 471 162 390 241 319 10 
322 165 338 413 481 382 487 174 350 79 
236 461 230 414 310 166 499 109 88 328 
229 135 320 354 121 347 14 37 164 370 
116 9 43 146 452 259 18 67 477 379 
149 492 276 134 182 152 195 50 474 51 
202 479 142 451 329 313 295 374 490 214 
277 351 395 455 491 419 122 485 496 402 
398 93 349 355 70 208 7 101 364 87 
255 478 190 252 196 75 12 308 411 110 
428 305 403 348 337 387 205 119 72 244 
60 11 406 286 211 136 394 248 340 289 
253 473 385 118 77 20 486 249 210 203 
290 470 429 263 224 105 222 148 193 96 
356 483 246 459 237 339 335 301 400 381 
191 294 334 265 409 170 26 21 97 482 
489 213 447 36 446 460 500 74 73 13 
22 417 232 480 219 161 273 82 98 365 
89 251 281 458 268 321 245 369 80 424 
61 176 345 448 497 466 201 242 396 234 
156 
