501
0 89 183 65 305 384 36 210 357 355 
239 28 57 458 296 394 294 2 320 328 
407 204 345 23 254 392 383 316 245 272 
44 337 69 404 60 447 353 174 203 469 
235 299 500 397 158 187 38 413 54 48 
53 228 207 414 40 256 405 14 145 97 
380 321 387 76 116 50 19 445 315 346 
177 8 279 121 295 396 102 335 410 412 
109 143 343 252 135 431 453 29 491 172 
163 468 205 319 94 42 265 341 170 497 
200 131 472 461 168 124 84 428 266 435 
80 197 4 152 310 401 329 49 154 288 
138 184 211 165 190 52 269 108 110 213 
420 280 217 365 459 87 334 125 496 218 
136 439 419 56 206 274 490 476 342 360 
450 251 212 133 465 444 374 229 106 297 
243 22 112 41 454 6 134 129 375 199 
25 71 270 359 18 9 301 446 409 132 
373 195 231 257 141 276 492 144 278 73 
139 388 182 51 123 201 416 85 488 189 
333 198 323 364 438 1 248 88 142 312 
34 223 180 318 15 107 224 372 244 411 
105 11 151 285 406 156 161 268 474 480 
185 155 421 113 63 381 277 356 324 96 
311 249 37 432 282 127 370 255 146 457 
283 64 263 192 103 16 456 273 26 83 
39 219 225 86 7 137 430 226 58 443 
120 390 415 327 122 426 436 371 271 399 
478 242 425 126 167 59 314 27 332 114 
378 157 473 361 267 340 434 95 264 262 
169 351 79 358 149 99 35 117 92 306 
402 260 284 159 300 196 17 437 460 493 
395 238 393 176 386 298 233 150 62 389 
484 175 191 47 258 21 471 128 216 259 
74 67 5 81 164 368 275 377 194 331 
487 344 385 77 313 308 482 160 330 362 
304 281 352 366 467 188 82 486 391 470 
442 489 222 179 100 166 227 178 339 479 
429 78 208 111 236 173 55 215 379 153 
455 495 309 302 424 422 477 448 349 20 
237 287 325 90 291 45 293 12 376 363 
423 336 13 246 148 367 307 220 452 350 
494 253 369 93 289 475 317 181 322 427 
115 202 498 232 250 449 24 433 214 240 
104 118 72 234 481 347 230 292 417 10 
247 290 66 30 140 193 46 32 31 43 
162 400 483 485 286 130 209 119 382 466 
75 91 463 171 418 398 441 3 101 462 
451 33 68 408 403 261 354 326 221 464 
338 186 61 499 147 348 98 303 241 70 
440 
