501
0 441 487 417 356 497 500 142 415 311 
215 135 121 251 11 114 84 89 172 281 
454 250 169 435 282 288 3 243 296 419 
13 262 448 145 467 270 352 378 470 187 
146 486 427 432 108 267 442 394 239 416 
15 218 406 23 92 407 63 252 376 193 
106 302 492 236 274 328 54 177 216 272 
326 200 208 430 403 468 290 370 258 201 
151 75 22 136 244 401 16 306 444 28 
184 377 418 422 115 318 227 71 379 140 
161 358 191 457 235 2 343 188 180 303 
18 203 152 112 402 230 256 194 437 344 
253 228 1 179 425 20 295 80 305 304 
273 308 50 451 209 100 131 383 264 411 
242 339 52 56 165 101 429 319 149 396 
460 97 83 59 138 389 293 393 265 211 
322 196 204 10 287 72 17 155 357 143 
247 350 175 475 338 37 226 375 234 336 
221 6 413 463 91 178 421 310 109 333 
493 249 55 323 27 134 241 81 443 93 
365 316 275 95 154 390 14 144 300 280 
90 286 398 474 85 210 79 277 158 433 
386 397 30 327 266 116 367 423 324 87 
279 139 232 424 431 374 64 220 462 60 
122 148 464 219 368 382 113 111 335 381 
317 498 49 224 29 420 269 103 363 257 
82 46 61 217 399 453 261 346 484 395 
70 426 214 38 225 8 480 132 325 289 
380 35 105 307 388 459 157 213 96 163 
404 334 153 495 7 372 446 345 69 465 
489 491 34 245 408 124 485 477 472 51 
254 496 373 43 260 461 164 494 299 355 
483 371 240 385 452 65 285 412 202 167 
436 283 246 58 127 119 473 47 199 12 
125 349 205 223 198 67 192 400 74 360 
48 40 174 126 337 212 439 314 342 320 
248 330 364 409 102 197 410 476 141 466 
291 66 120 147 313 348 4 128 39 362 
471 478 434 309 392 271 33 284 53 173 
42 98 150 171 490 206 301 353 195 162 
449 341 298 428 78 455 99 259 26 133 
233 469 159 73 351 183 104 445 166 129 
438 9 458 190 222 182 189 118 62 168 
186 294 137 331 36 369 332 329 123 207 
278 482 366 255 499 321 21 117 107 86 
176 238 229 354 268 387 440 31 479 391 
276 5 297 170 231 181 156 32 359 25 
450 340 312 110 19 77 263 94 44 414 
384 456 88 447 347 160 24 292 68 488 
481 185 130 76 45 315 41 237 361 405 
57 
