1001
0 561 701 460 751 763 257 147 145 916 
966 569 279 748 152 124 749 817 345 457 
668 608 627 553 35 342 281 936 69 760 
866 222 22 405 487 59 583 871 874 795 
88 214 14 653 299 114 480 636 64 572 
744 929 366 298 991 505 729 168 340 873 
854 419 117 884 556 716 629 330 834 187 
661 224 559 804 177 573 125 193 771 599 
36 418 907 129 517 777 86 468 585 737 
327 56 260 968 232 696 491 180 807 537 
394 719 621 592 235 29 549 3 593 301 
206 530 830 677 217 253 123 165 128 849 
273 353 840 81 911 33 976 28 803 488 
699 909 540 158 100 736 283 548 325 552 
558 102 815 872 356 390 793 20 915 786 
244 643 570 49 498 300 30 507 270 324 
77 875 135 250 690 514 389 772 945 490 
901 55 363 550 292 775 190 635 341 267 
375 933 960 787 442 386 705 338 665 188 
612 433 959 53 819 503 241 833 178 121 
42 755 926 684 122 734 910 509 461 62 
862 641 941 870 536 974 482 450 200 886 
717 562 87 727 510 880 676 747 980 475 
170 160 156 413 373 956 286 620 404 203 
500 789 813 402 742 73 792 306 814 753 
580 95 367 963 385 109 384 416 99 943 
409 212 981 255 554 659 958 269 673 71 
171 516 34 79 348 304 938 746 181 902 
563 323 285 858 44 149 115 424 445 970 
499 305 291 584 985 462 586 987 678 730 
750 239 983 693 972 796 19 611 274 816 
403 392 855 805 230 261 38 76 162 364 
765 26 184 108 459 169 422 767 478 721 
417 864 429 576 810 853 656 996 143 671 
318 863 951 259 512 889 106 861 174 74 
662 881 571 773 538 41 63 842 900 131 
785 296 906 344 262 660 280 868 276 547 
472 43 210 759 545 839 469 266 625 892 
2 791 51 703 990 57 293 484 103 458 
136 372 146 754 275 527 860 47 66 105 
107 680 908 383 904 779 667 566 328 967 
362 867 675 243 988 707 264 533 141 638 
294 835 758 370 799 642 219 971 316 539 
1 85 346 176 438 711 127 923 766 802 
733 4 65 8 788 231 732 421 836 179 
610 770 606 426 797 994 226 626 950 828 
935 899 989 914 493 434 551 555 350 82 
302 698 969 15 477 865 722 682 504 388 
523 649 973 13 355 594 975 954 359 196 
596 154 227 798 937 369 58 295 189 600 
757 735 654 391 134 543 322 728 307 962 
368 541 955 812 685 439 238 841 254 778 
463 825 317 726 897 837 521 211 228 435 
331 175 415 245 725 408 466 997 794 483 
251 263 24 710 511 905 75 877 893 215 
185 329 979 529 998 740 913 903 688 216 
89 252 924 647 237 800 17 303 708 471 
857 110 199 474 565 876 365 995 694 614 
161 652 98 885 218 633 430 639 984 822 
953 393 756 618 361 829 420 204 380 617 
21 455 311 486 112 159 769 101 844 449 
898 999 882 809 689 918 453 290 448 465 
397 319 309 5 464 846 332 440 741 183 
379 1000 582 191 441 640 579 715 240 818 
97 808 978 133 400 672 535 957 268 743 
336 113 568 745 603 93 681 351 225 702 
752 713 683 357 607 25 387 686 481 801 
427 952 783 637 895 80 431 534 489 192 
334 153 144 48 695 150 852 597 823 120 
912 94 820 61 993 670 78 172 709 700 
604 256 447 67 84 982 423 977 377 186 
399 182 679 496 45 396 894 655 242 615 
739 221 7 12 590 930 92 104 205 986 
921 931 476 663 616 784 398 60 308 806 
531 195 624 843 723 151 284 887 247 167 
157 343 946 197 827 587 965 137 414 407 
824 495 631 501 602 315 525 492 18 947 
166 31 479 508 961 720 811 542 940 72 
532 485 942 560 443 651 148 949 634 883 
821 518 335 432 320 578 436 310 780 520 
349 354 444 928 645 139 229 313 992 223 
155 768 506 782 714 378 50 456 515 246 
289 687 526 630 581 395 194 213 494 619 
922 437 869 248 37 314 669 202 163 358 
337 731 272 632 567 118 781 613 934 497 
706 528 845 648 944 948 54 666 764 130 
207 9 761 412 201 920 132 888 646 605 
724 859 591 11 376 209 851 382 896 718 
601 557 657 446 16 249 451 664 762 589 
374 321 891 119 826 932 428 68 40 360 
522 236 712 577 452 691 91 233 588 352 
890 32 848 347 622 832 454 198 312 381 
39 650 83 925 258 470 277 339 917 411 
847 546 116 326 467 644 609 564 287 271 
519 774 23 544 790 575 595 623 704 927 
598 140 697 964 776 52 333 879 173 692 
658 10 939 371 142 674 6 220 831 401 
473 406 919 70 513 878 234 838 297 90 
138 288 111 278 524 27 850 738 856 164 
282 410 46 96 574 425 628 208 126 502 
265 
