161
0 159 78 91 144 155 17 128 102 149 
142 140 136 3 85 38 80 55 77 137 
76 95 71 69 147 32 112 75 84 50 
58 139 66 4 134 28 124 62 106 22 
152 113 49 89 9 40 156 47 70 116 
87 41 103 138 88 160 133 99 94 25 
21 63 98 82 83 120 44 105 86 18 
79 1 54 119 16 151 157 90 29 117 
118 52 31 145 45 93 127 110 26 129 
67 68 148 37 125 154 153 59 111 35 
108 14 43 10 123 27 36 61 5 12 
2 48 46 109 126 101 64 96 73 81 
104 143 53 150 107 24 39 6 30 74 
131 65 146 72 11 8 7 23 51 115 
100 158 60 34 13 132 92 57 135 15 
97 114 122 19 42 121 56 33 20 141 
130 
