161
0 21 62 101 63 9 81 111 33 83 
96 132 7 51 104 45 137 102 25 84 
119 29 112 36 1 148 145 3 129 75 
134 56 147 92 114 67 61 156 160 135 
118 158 15 139 141 143 73 80 125 90 
49 28 47 91 41 32 86 108 128 22 
106 59 116 10 17 2 39 131 19 107 
5 18 140 66 94 95 46 42 24 14 
26 105 150 78 48 124 98 126 82 153 
115 64 50 136 74 144 149 4 87 52 
122 11 130 93 58 31 159 120 79 123 
38 8 117 43 55 88 30 69 133 152 
76 34 71 27 99 146 103 53 157 37 
57 121 154 12 70 151 44 155 54 138 
85 35 16 72 65 77 60 97 110 68 
109 142 13 113 127 20 6 40 100 23 
89 
