251
0 46 221 68 234 9 136 204 176 114 
220 115 203 77 157 184 30 81 116 75 
169 97 215 161 123 156 150 38 36 15 
29 119 8 55 103 185 154 26 60 233 
44 50 47 78 151 48 128 3 94 197 
175 152 37 108 76 230 200 31 188 67 
217 187 66 13 106 127 147 216 222 56 
135 214 69 104 165 168 163 88 186 191 
195 74 240 183 190 32 224 121 209 95 
159 120 118 42 70 57 231 102 202 110 
62 1 133 25 225 244 236 16 40 194 
107 21 11 10 210 167 24 86 105 192 
53 131 145 39 63 247 237 142 112 213 
226 248 6 223 2 144 172 73 101 125 
28 207 113 148 243 61 173 219 140 35 
5 52 111 182 143 72 174 139 100 198 
201 138 27 93 141 22 92 20 58 14 
164 84 171 80 205 228 250 246 238 232 
166 65 83 227 218 146 17 211 122 90 
51 155 23 212 98 41 181 180 196 132 
89 137 206 129 177 199 249 229 193 34 
117 242 33 109 245 7 134 82 12 96 
71 85 130 59 189 178 19 64 179 162 
43 4 126 170 124 160 235 49 79 45 
153 239 87 18 91 208 99 149 54 241 
158 
