501
0 79 459 82 85 387 262 39 353 429 
260 29 323 284 38 298 432 253 147 211 
185 182 306 466 163 404 446 382 384 419 
342 107 192 273 324 365 83 457 235 13 
399 339 115 465 340 460 80 318 320 428 
232 36 281 144 240 64 184 307 397 355 
62 164 286 335 148 336 27 12 377 176 
462 423 197 461 321 299 158 333 24 76 
207 70 290 188 481 165 317 470 200 154 
59 118 473 279 94 468 28 174 276 73 
32 233 42 245 254 201 171 436 120 313 
234 77 72 119 224 206 166 33 328 352 
173 91 388 257 376 71 408 264 421 341 
17 413 160 338 337 484 55 482 219 310 
411 304 74 383 124 34 225 485 136 435 
157 169 363 325 434 22 98 389 4 31 
102 477 471 487 275 441 478 449 223 420 
226 121 251 322 146 111 294 305 97 125 
247 35 60 100 331 309 488 271 244 316 
242 159 414 475 418 265 186 479 433 291 
6 239 368 177 394 495 407 427 172 180 
15 168 410 208 152 500 195 221 179 43 
5 270 480 104 3 380 486 14 474 409 
269 205 105 155 109 367 424 214 491 44 
344 37 130 430 8 391 131 334 499 453 
236 215 84 252 103 472 412 425 229 123 
19 40 49 315 448 181 250 237 110 440 
483 217 194 494 220 68 204 9 362 458 
21 312 447 75 191 141 431 278 53 65 
405 438 189 378 58 463 288 23 379 1 
469 238 95 402 89 476 356 88 150 199 
133 283 149 41 135 303 122 293 398 140 
371 308 178 370 127 161 489 11 350 116 
267 287 256 444 26 439 230 96 112 10 
198 354 66 400 228 493 196 456 346 93 
151 210 263 25 167 498 50 364 360 175 
162 445 222 357 454 497 69 20 2 277 
443 347 193 450 369 274 326 406 437 139 
366 349 108 386 385 330 18 78 106 401 
99 359 302 63 301 455 246 117 241 266 
81 216 289 202 249 231 114 392 67 128 
203 243 145 143 393 415 190 375 351 132 
86 261 45 268 361 297 30 390 90 492 
156 212 87 417 101 51 467 314 46 272 
248 227 496 345 403 218 126 142 57 153 
113 134 52 54 213 280 255 259 61 442 
373 332 48 138 452 358 374 282 416 343 
92 426 300 183 56 7 381 209 372 292 
396 395 464 319 422 187 16 285 170 258 
311 329 47 451 348 129 490 296 295 137 
327 
