1001
0 590 174 438 541 355 922 701 880 670 
1 463 843 523 655 540 481 756 317 16 
694 635 403 570 134 282 276 988 161 869 
577 249 918 11 987 932 592 649 346 734 
352 611 297 60 129 113 309 623 231 175 
533 819 38 445 66 511 817 106 830 375 
899 562 962 772 604 828 751 920 292 82 
965 693 911 248 503 668 864 730 930 4 
251 718 584 215 785 555 465 441 358 130 
624 219 305 851 326 224 68 416 75 119 
771 241 508 406 144 747 848 865 778 152 
384 125 552 49 280 814 810 391 766 792 
449 989 489 419 120 19 453 96 675 952 
700 212 369 124 165 467 888 695 272 209 
978 748 682 556 572 443 896 255 526 167 
14 31 898 30 580 567 622 535 269 732 
571 475 634 356 385 660 793 200 619 20 
18 32 284 394 353 546 298 320 820 400 
530 760 969 544 363 110 223 786 539 858 
487 529 811 717 779 65 683 79 596 92 
735 321 330 870 963 460 153 907 404 656 
498 986 703 510 595 184 33 91 738 724 
705 548 905 1000 742 182 148 875 985 788 
278 765 967 245 824 729 746 304 425 408 
868 557 721 608 950 773 393 377 259 232 
327 497 265 34 191 64 354 805 994 640 
121 980 574 957 73 578 501 852 217 913 
250 594 283 221 966 399 587 876 62 949 
999 6 293 286 434 661 677 123 833 857 
435 137 836 421 720 803 189 686 561 854 
579 154 517 802 163 261 776 126 362 197 
983 823 164 56 745 945 459 378 95 919 
839 72 770 136 490 67 29 402 784 514 
210 440 906 478 169 629 603 600 8 955 
585 638 166 447 976 971 333 759 612 13 
625 331 401 185 157 560 837 576 566 483 
349 405 492 90 289 678 719 334 942 15 
430 774 844 306 295 812 350 159 131 744 
954 878 464 205 187 193 651 347 388 396 
122 758 268 959 921 24 253 672 768 143 
274 411 206 951 415 61 285 998 710 775 
777 213 188 58 968 538 413 318 466 407 
531 581 752 390 211 647 348 158 934 454 
645 57 520 99 669 70 63 973 86 856 
439 679 341 103 470 991 559 168 418 737 
262 818 214 873 787 800 791 343 135 944 
723 337 632 22 186 997 565 195 257 151 
345 877 769 450 782 664 547 264 750 290 
879 794 323 702 509 780 646 322 964 654 
484 171 620 256 925 524 127 53 342 897 
586 741 575 180 846 472 568 50 118 410 
500 458 739 909 437 685 471 845 457 532 
841 360 946 662 866 7 109 181 446 736 
28 281 606 516 684 239 958 263 429 602 
849 697 713 76 229 112 709 379 47 871 
507 652 975 838 275 216 749 234 329 150 
912 806 433 397 798 667 618 468 931 610 
208 881 673 537 527 105 424 842 890 12 
874 996 426 422 414 884 312 476 601 690 
953 203 139 893 981 924 512 663 142 582 
549 55 339 392 715 692 727 162 155 993 
804 995 708 834 314 495 202 387 564 795 
563 287 628 479 102 835 301 689 357 914 
381 233 704 872 173 42 943 648 929 45 
665 681 302 915 273 128 518 984 266 767 
366 728 236 51 826 179 218 799 493 583 
840 597 859 607 83 496 107 551 196 194 
2 477 613 398 630 534 902 757 71 243 
687 956 149 554 141 813 558 480 469 27 
474 365 904 525 699 452 761 938 74 733 
621 641 633 448 204 927 270 88 513 371 
307 722 941 764 928 636 254 617 386 599 
389 676 853 593 716 101 303 711 862 244 
114 25 170 325 680 247 947 190 935 827 
892 588 885 382 116 279 335 598 657 17 
553 609 861 368 696 228 895 300 789 815 
260 850 277 201 296 937 519 643 220 59 
543 970 808 100 291 659 3 491 85 160 
754 974 982 412 89 431 319 916 226 616 
923 436 644 855 227 743 910 132 87 395 
267 900 294 97 816 462 299 674 650 271 
364 825 589 707 494 605 69 104 46 370 
691 807 40 894 528 338 506 420 242 992 
504 230 409 706 246 542 832 81 515 461 
444 117 344 482 258 521 138 5 908 822 
332 977 336 451 442 198 755 156 252 536 
979 847 488 35 887 499 831 225 933 351 
763 639 108 781 591 310 313 917 84 178 
627 485 796 631 753 486 98 961 177 176 
522 52 207 147 361 671 948 376 569 115 
550 373 936 502 688 783 889 505 653 367 
658 237 9 324 740 637 821 48 77 183 
26 222 666 456 829 80 383 328 192 901 
238 939 642 37 903 54 731 111 23 712 
39 140 78 714 417 380 801 790 145 311 
44 43 860 340 146 886 432 883 891 41 
882 725 867 473 626 940 615 316 423 797 
455 288 926 614 21 315 359 199 133 172 
10 573 809 972 863 990 698 308 374 235 
428 726 960 240 545 93 94 36 762 427 
372 
