321
0 291 279 60 34 74 243 83 77 241 
285 200 304 174 308 25 43 58 31 136 
258 132 51 212 270 108 30 234 160 262 
33 138 259 252 85 53 292 244 163 92 
124 116 184 42 236 256 210 126 293 157 
121 152 215 81 131 217 219 133 156 41 
213 261 52 298 290 38 281 114 176 191 
208 66 118 111 315 317 282 263 297 87 
63 104 309 12 201 168 127 254 288 54 
103 203 109 48 47 269 78 49 140 224 
220 207 84 242 190 32 62 24 22 172 
248 225 274 128 119 88 181 14 44 265 
192 272 55 199 277 273 296 29 15 59 
205 95 75 158 214 165 306 196 50 21 
1 318 100 122 147 13 98 188 178 102 
23 28 79 153 149 312 99 294 167 143 
2 232 276 117 90 311 69 71 301 3 
7 8 72 228 289 40 268 227 286 107 
183 9 18 82 170 56 267 229 115 159 
154 226 91 67 162 314 93 295 20 182 
64 221 235 197 316 112 146 110 142 204 
27 187 251 313 284 211 68 240 148 253 
260 123 11 86 231 134 16 237 6 5 
264 46 10 120 164 257 230 70 175 161 
180 238 198 135 299 76 283 45 177 61 
194 320 129 125 26 216 255 209 106 150 
139 266 101 249 17 195 271 94 302 233 
300 222 247 189 37 35 310 4 130 303 
246 202 65 169 206 137 36 287 113 73 
280 239 278 141 319 96 307 218 57 186 
245 80 39 275 145 155 250 179 105 193 
173 305 223 185 89 144 19 151 166 97 
171 
