161
0 159 60 150 48 112 33 30 41 74 
143 82 3 26 104 98 47 20 137 56 
25 16 28 11 29 93 31 46 155 61 
50 115 72 85 132 24 7 13 108 151 
145 140 10 68 144 38 34 36 51 5 
96 22 123 111 78 152 59 116 113 71 
35 136 100 23 81 79 157 43 55 88 
122 120 9 118 21 110 121 52 146 37 
8 103 95 54 131 133 53 105 148 76 
94 117 73 90 109 87 17 67 70 99 
106 89 102 12 126 92 64 27 127 57 
19 149 158 39 1 129 119 2 65 80 
77 83 101 45 97 139 6 107 32 49 
154 153 40 69 62 44 4 135 84 138 
125 134 42 114 63 75 91 15 160 156 
147 130 142 86 58 128 141 14 124 18 
66 
