1001
0 614 63 769 181 810 364 917 253 175 
670 910 690 908 535 512 303 98 625 481 
811 856 854 950 118 633 30 152 987 15 
235 268 499 776 806 673 169 736 400 257 
624 8 519 611 85 135 848 251 717 575 
250 929 55 248 846 72 312 789 773 216 
345 388 919 322 382 895 697 679 192 771 
618 870 640 705 840 964 548 734 775 881 
918 668 788 685 208 486 570 632 933 455 
722 62 937 674 267 991 949 70 841 523 
888 167 803 778 691 12 344 484 185 276 
774 172 67 9 271 419 286 440 451 891 
472 188 681 662 530 71 815 458 911 212 
972 280 757 264 623 332 350 820 824 371 
269 671 10 872 578 787 644 435 552 191 
477 198 434 461 513 958 31 748 731 663 
782 540 310 747 88 494 507 293 653 945 
171 712 538 374 517 738 966 325 79 111 
641 92 852 47 859 923 54 443 403 236 
173 467 25 896 266 436 665 367 324 449 
330 1 863 73 591 562 215 580 40 882 
595 645 795 990 502 463 56 83 592 746 
86 347 635 693 68 500 292 935 430 163 
985 309 501 222 353 370 102 960 514 831 
752 857 168 560 470 301 143 677 233 278 
740 938 99 638 616 622 627 830 550 868 
858 290 772 818 563 66 605 100 488 508 
124 680 940 915 291 880 975 343 116 193 
557 57 983 596 836 529 567 714 683 589 
315 767 688 510 574 939 352 620 725 696 
657 568 851 155 199 489 26 457 687 395 
793 333 383 138 273 493 974 97 407 45 
709 342 988 495 821 827 630 479 491 437 
177 631 189 450 667 145 184 716 503 978 
947 96 666 200 903 967 504 82 603 805 
924 707 204 295 460 539 959 103 76 35 
753 229 877 380 894 456 969 319 392 849 
318 658 808 754 84 984 221 646 742 556 
527 651 396 886 209 404 577 669 38 791 
37 661 637 196 509 425 243 182 34 515 
231 475 715 454 583 659 549 816 469 790 
698 52 498 81 159 977 362 921 608 297 
411 626 113 373 794 926 149 893 448 485 
867 259 994 708 211 109 874 971 412 376 
594 995 93 582 442 214 724 3 190 755 
615 80 69 573 158 801 916 94 751 492 
652 585 732 834 112 737 914 300 53 636 
32 254 781 844 482 702 429 21 735 823 
544 999 692 48 416 95 817 252 311 474 
372 925 845 115 384 426 763 108 649 979 
842 130 942 524 650 365 796 551 777 270 
123 807 17 306 553 399 804 51 613 394 
13 838 165 902 186 444 766 50 195 800 
178 932 629 244 359 179 581 980 361 275 
408 554 545 11 238 779 471 176 150 349 
327 64 749 180 153 201 887 339 162 936 
282 695 541 590 161 287 997 602 733 401 
368 134 784 14 497 764 247 217 354 101 
125 898 860 730 431 363 944 228 559 998 
127 142 864 75 415 160 166 866 829 619 
348 355 468 240 847 213 537 598 206 571 
689 525 490 210 720 90 600 648 850 706 
366 723 140 78 909 861 422 639 904 262 
905 234 604 664 785 218 565 220 122 33 
970 743 187 445 719 387 432 194 528 686 
296 961 986 879 288 110 758 205 855 865 
828 375 496 682 421 700 992 413 16 643 
907 897 321 106 941 249 141 358 814 976 
533 428 822 799 20 59 61 703 263 587 
117 878 409 389 219 953 569 36 379 744 
955 279 518 869 726 223 230 329 511 418 
572 284 402 588 628 973 675 647 114 43 
660 922 727 873 711 274 543 621 876 561 
119 299 5 699 58 597 417 900 797 826 
837 241 255 853 427 136 464 128 245 642 
599 812 566 317 780 710 452 390 912 226 
762 930 4 164 391 934 721 351 328 331 
943 516 607 346 718 832 441 256 927 202 
28 120 656 839 89 281 148 694 398 27 
424 232 294 313 105 899 183 593 835 819 
316 634 302 23 423 237 203 139 946 951 
338 405 453 337 104 478 433 39 920 555 
340 131 323 29 672 871 22 305 46 505 
963 393 542 954 862 174 786 654 2 522 
483 759 996 137 884 60 277 334 285 890 
612 246 18 121 336 792 24 1000 761 265 
948 875 750 610 833 678 531 576 473 745 
65 406 701 526 225 684 410 532 146 713 
601 459 783 378 901 584 892 147 825 126 
386 536 41 466 272 476 617 360 298 397 
889 564 289 42 547 308 197 446 107 385 
49 728 968 414 487 144 465 304 843 133 
307 956 77 87 6 586 44 913 768 227 
132 993 224 798 260 480 447 982 809 129 
883 962 420 546 558 760 239 154 335 357 
676 156 981 326 242 261 157 765 928 521 
258 770 931 579 7 741 989 739 534 729 
802 377 462 609 813 369 341 606 438 756 
506 170 957 74 91 704 906 520 314 655 
283 439 381 320 885 19 207 952 151 356 
965 
