1001
0 721 467 764 787 516 326 663 42 454 
17 101 746 256 318 847 273 451 290 560 
237 812 700 205 418 638 478 999 192 711 
150 780 718 865 842 304 970 810 245 581 
964 397 569 953 831 983 47 254 952 971 
759 552 343 4 963 469 612 219 241 834 
2 593 57 35 472 896 361 600 965 29 
630 951 863 152 534 823 211 214 459 463 
263 186 266 103 528 851 833 796 943 546 
747 617 553 457 107 788 302 391 565 193 
946 115 60 300 394 636 416 335 625 113 
918 676 889 836 880 515 521 957 506 78 
713 137 856 561 497 904 522 232 938 117 
134 813 425 605 174 750 310 303 991 757 
184 936 56 541 346 146 841 411 868 251 
168 607 954 551 771 358 1 188 224 706 
477 41 405 259 433 355 96 699 585 201 
741 994 629 579 284 526 637 556 622 808 
165 97 890 38 942 504 235 908 511 367 
860 795 899 352 924 317 517 226 659 169 
623 495 912 28 312 338 395 876 566 239 
480 525 269 74 71 116 120 118 104 252 
434 52 818 976 543 910 825 92 34 390 
731 592 293 874 829 3 332 888 897 658 
508 819 883 708 373 401 248 213 518 800 
845 197 887 268 39 234 692 209 399 673 
429 805 599 228 643 966 667 601 24 262 
595 929 106 400 488 19 664 369 148 86 
679 998 537 498 651 363 803 183 997 862 
407 653 88 587 23 962 955 324 90 919 
930 911 869 359 486 807 53 242 6 598 
36 927 564 968 563 446 646 914 639 781 
754 366 538 738 291 132 789 225 687 902 
70 442 387 675 558 770 672 156 276 688 
555 187 948 374 345 157 149 297 173 775 
925 826 379 710 331 349 769 244 450 474 
341 12 287 616 321 448 820 619 984 139 
875 959 353 206 631 932 684 141 124 385 
462 100 923 419 328 665 322 247 258 288 
329 80 10 20 714 850 308 873 926 499 
980 212 482 159 72 993 655 533 306 91 
372 886 112 945 99 298 119 62 613 319 
690 295 857 683 130 677 519 362 79 281 
763 160 208 987 793 733 336 272 105 694 
444 650 364 347 940 398 356 835 337 575 
64 435 550 81 65 31 483 365 760 973 
895 921 428 243 554 716 238 299 878 520 
440 548 417 972 231 246 597 250 540 824 
654 15 460 1000 901 500 481 207 728 947 
5 774 848 171 404 167 661 279 559 777 
609 697 828 979 752 644 163 583 161 532 
218 386 439 325 111 590 852 778 249 131 
371 30 458 40 527 320 814 48 45 275 
722 368 992 758 445 657 408 744 591 430 
415 905 604 125 961 50 794 701 577 123 
493 323 393 767 712 624 473 937 476 13 
143 915 330 642 44 582 507 668 933 988 
403 271 768 432 717 185 294 122 501 853 
7 652 87 749 494 383 296 934 917 802 
194 922 817 762 707 839 9 801 956 766 
866 67 990 782 573 614 447 855 610 580 
578 370 603 315 859 660 177 464 628 216 
43 570 703 129 996 735 479 893 282 375 
151 414 719 736 730 376 503 121 114 567 
798 83 827 894 388 611 145 723 545 783 
977 396 461 632 765 240 669 189 913 606 
18 455 215 949 69 210 884 505 844 903 
84 102 618 181 424 278 689 348 158 89 
989 136 837 608 144 635 422 928 382 309 
539 378 704 685 509 154 402 410 289 542 
380 909 806 648 270 695 870 198 975 840 
809 557 867 681 594 175 502 449 682 776 
640 110 602 59 377 510 529 49 316 854 
229 260 674 656 960 745 877 647 230 204 
981 257 26 51 858 351 357 662 313 686 
615 195 907 140 547 82 223 21 55 179 
586 739 941 489 792 916 958 572 126 180 
468 729 804 727 649 135 524 696 453 147 
705 821 426 33 199 871 423 68 680 285 
633 872 843 931 61 709 536 32 14 202 
742 311 95 138 562 512 691 456 588 645 
484 63 571 437 832 389 142 339 190 737 
283 666 109 779 227 200 77 620 726 969 
11 25 734 849 233 720 748 589 127 392 
75 756 465 892 574 753 334 791 761 286 
995 974 274 811 732 452 133 568 221 900 
885 785 384 164 162 772 698 693 786 327 
427 76 879 950 412 584 523 944 421 475 
176 596 27 172 535 466 773 920 360 153 
94 740 178 967 490 431 939 755 725 485 
978 93 342 301 514 790 797 830 265 822 
166 881 898 882 264 217 85 751 236 671 
108 986 280 496 292 170 935 838 491 73 
203 66 98 128 436 471 670 864 906 846 
220 487 621 678 155 253 985 544 255 277 
982 715 724 37 354 182 8 191 16 627 
626 305 261 441 314 861 815 891 267 513 
531 492 549 743 413 438 530 344 22 196 
409 420 58 54 350 307 470 784 443 333 
46 406 340 702 222 816 381 799 634 576 
641 
