501
0 349 383 95 429 434 352 38 398 60 
181 471 53 310 336 259 135 218 392 277 
481 237 36 140 49 247 297 368 497 192 
462 289 130 288 298 438 276 136 261 2 
401 94 417 278 361 223 74 411 18 48 
488 151 180 188 476 169 380 418 437 369 
426 421 453 443 89 267 483 63 39 173 
355 230 110 478 183 485 229 467 99 252 
364 70 254 316 405 133 44 170 200 404 
333 114 235 479 59 139 100 328 29 47 
87 91 456 215 331 274 191 451 224 301 
165 80 148 376 197 466 159 67 127 472 
323 125 377 42 116 162 182 16 124 300 
325 175 304 25 154 71 109 388 146 363 
382 314 489 244 265 448 150 1 313 83 
117 58 204 19 206 389 342 56 460 189 
93 307 65 131 272 293 220 387 37 22 
208 465 473 126 371 96 15 163 202 138 
250 177 427 311 8 28 194 160 258 246 
324 167 397 459 20 190 500 43 484 330 
381 6 419 243 205 442 327 339 77 394 
320 86 457 134 112 365 299 409 156 452 
54 152 46 137 480 225 193 283 123 76 
348 491 414 216 113 290 359 73 34 435 
492 217 23 329 386 326 184 149 340 493 
390 4 425 66 400 207 384 171 450 27 
433 141 335 309 350 454 81 155 82 273 
403 291 186 64 345 455 236 332 251 498 
424 179 449 474 12 203 11 209 408 439 
142 10 315 275 222 3 195 248 486 68 
269 61 62 447 402 399 98 228 395 266 
121 322 495 302 17 393 416 57 103 45 
145 92 221 119 187 461 245 341 30 360 
166 35 285 356 499 253 263 406 26 391 
52 118 312 85 412 90 271 446 122 75 
468 233 490 174 295 287 385 410 286 469 
496 5 242 407 231 78 128 264 129 234 
294 475 97 296 303 321 470 257 357 226 
164 422 198 157 153 378 354 161 396 351 
41 241 158 464 440 281 432 334 147 268 
7 108 144 120 88 431 366 308 423 279 
337 239 270 317 463 104 318 227 199 84 
115 420 132 379 319 413 367 362 441 32 
176 343 436 55 232 372 255 105 102 40 
240 79 69 72 24 344 347 280 101 211 
370 284 353 346 185 306 292 51 172 415 
107 238 111 305 256 201 106 50 13 375 
9 210 168 262 358 213 31 14 249 477 
458 282 482 487 428 219 430 260 212 178 
196 214 143 33 444 445 21 494 338 373 
374 
