501
0 255 147 467 328 441 259 242 224 39 
190 49 55 95 207 116 101 76 19 314 
139 143 277 378 2 276 434 220 400 247 
432 81 294 475 270 231 332 121 489 88 
110 114 91 10 401 175 350 497 477 173 
22 372 325 397 241 488 240 330 305 320 
454 335 356 28 363 341 80 61 221 327 
160 416 449 431 293 164 311 358 430 282 
4 283 474 103 129 390 133 34 29 25 
161 453 157 279 1 106 153 94 456 126 
455 132 478 69 117 423 458 252 427 435 
348 414 345 183 8 466 451 326 344 11 
246 166 297 57 262 236 250 473 203 472 
111 83 158 303 413 155 487 292 145 35 
244 105 266 396 386 149 498 156 437 298 
409 419 352 97 179 59 43 134 264 355 
229 438 54 188 271 496 287 383 374 68 
165 463 142 261 275 284 307 342 234 479 
370 152 162 198 269 243 15 493 394 258 
130 338 329 412 51 24 375 495 426 268 
37 446 321 395 77 205 73 469 281 457 
90 171 361 296 23 263 304 485 476 63 
36 468 7 232 56 359 410 72 313 445 
490 272 79 470 392 137 230 66 21 398 
189 440 109 120 295 58 387 322 464 368 
104 393 48 381 309 62 422 218 417 141 
364 462 367 420 208 286 42 339 92 429 
331 265 442 233 6 192 123 299 267 26 
317 31 32 369 168 486 146 41 209 138 
67 176 172 89 87 200 340 30 425 40 
136 382 131 38 225 85 411 439 65 154 
290 235 421 343 140 191 500 151 249 360 
206 211 113 366 415 239 418 399 334 253 
100 227 12 404 177 491 245 78 480 18 
96 178 45 318 215 315 371 323 407 285 
351 196 465 310 47 377 180 14 219 182 
471 71 365 362 86 403 135 16 27 353 
125 222 107 256 337 238 237 357 82 128 
273 324 379 199 17 291 148 257 217 484 
214 448 452 300 213 248 212 169 5 312 
159 44 459 124 389 201 492 53 391 99 
447 319 50 436 13 9 64 108 195 174 
210 74 52 306 226 289 112 406 181 163 
70 288 184 84 433 251 150 481 187 98 
499 197 46 385 194 260 349 482 3 20 
428 443 170 223 118 308 336 119 424 115 
483 102 185 380 33 167 388 75 127 444 
333 405 193 254 278 494 461 144 346 376 
354 274 93 316 280 373 202 408 301 60 
186 460 204 302 347 384 122 228 450 216 
402 
