251
0 66 228 191 80 59 246 140 201 169 
38 105 55 60 11 72 167 179 7 123 
221 185 217 147 110 116 219 52 85 127 
109 113 41 10 239 4 203 33 192 247 
9 70 218 188 214 141 225 124 163 19 
199 5 202 14 115 129 149 250 12 63 
84 161 245 145 132 189 87 117 172 182 
35 23 210 181 94 133 74 248 220 175 
53 171 108 204 211 81 100 240 103 206 
227 49 134 119 77 205 101 18 223 31 
25 86 237 90 44 215 244 47 166 92 
83 96 106 155 36 238 150 118 157 43 
230 131 187 213 153 160 183 26 142 231 
168 164 207 40 190 121 193 82 138 57 
198 144 75 32 89 165 97 158 180 146 
151 178 78 170 95 8 30 39 216 128 
212 184 229 79 73 236 112 176 174 154 
21 17 50 93 139 45 102 226 91 156 
46 243 68 232 61 200 224 152 159 6 
137 51 235 56 126 13 125 143 54 37 
20 177 136 104 114 98 107 173 64 162 
3 65 233 234 194 148 58 88 196 1 
249 241 22 71 122 24 208 186 48 69 
242 195 29 197 99 27 222 111 34 16 
42 15 2 62 67 76 135 209 130 28 
120 
