251
0 222 100 84 2 15 246 25 71 98 
62 145 119 41 111 97 107 217 93 54 
8 66 244 82 144 204 6 195 78 121 
18 176 4 21 16 132 10 99 156 192 
207 67 241 218 59 163 34 109 182 245 
14 113 37 92 160 116 159 148 229 33 
236 249 26 143 186 183 196 184 90 154 
190 141 106 95 191 38 68 60 197 172 
187 83 231 142 42 157 179 247 88 228 
210 162 208 209 165 215 55 22 248 140 
74 43 48 175 51 52 219 135 177 189 
223 110 105 86 134 201 125 155 212 166 
194 124 123 49 7 96 205 12 75 170 
206 137 31 27 40 193 23 240 91 11 
32 131 46 243 250 94 101 53 173 44 
120 234 115 103 108 152 136 73 118 1 
126 226 211 161 235 198 77 79 70 171 
20 237 153 202 242 81 239 102 117 147 
178 169 13 129 45 233 63 224 133 221 
3 85 89 167 29 47 149 214 188 50 
238 146 151 127 30 80 28 213 35 139 
104 122 61 232 227 230 58 199 181 168 
65 128 5 72 114 87 138 36 164 220 
19 180 57 225 112 64 56 174 216 17 
185 150 76 200 24 203 130 158 69 9 
39 
