251
0 38 186 15 37 243 212 31 152 129 
150 74 202 157 141 166 213 143 53 222 
8 68 232 194 97 103 119 187 135 174 
7 12 100 182 153 78 75 34 73 65 
210 148 113 40 146 106 42 62 195 9 
131 183 80 234 108 91 13 161 102 50 
64 92 10 104 200 160 147 70 118 139 
193 227 236 112 247 86 192 127 43 216 
221 179 237 211 56 165 89 132 191 17 
71 66 163 188 209 224 117 67 126 23 
27 47 123 88 122 95 4 226 233 3 
41 16 240 185 55 214 57 225 54 154 
220 39 99 79 84 49 250 245 133 96 
137 197 2 90 124 82 121 201 77 189 
114 172 94 156 248 230 21 246 63 196 
76 46 158 48 235 14 87 218 93 107 
61 26 159 83 162 51 215 219 206 72 
125 242 190 144 98 52 239 116 149 18 
171 199 24 205 223 110 45 30 69 175 
145 105 173 207 208 203 228 29 111 22 
5 115 44 128 217 142 249 164 130 138 
198 177 59 32 28 81 180 25 1 101 
178 229 151 33 231 120 244 136 238 58 
241 155 168 184 20 6 181 60 140 204 
169 35 85 11 170 109 36 134 176 19 
167 
