321
0 78 57 190 85 8 155 187 145 147 
205 256 70 27 51 35 232 309 285 97 
303 219 48 98 65 86 165 26 31 311 
33 81 228 296 91 185 298 273 18 95 
42 152 194 10 300 264 291 268 236 88 
195 235 212 106 258 189 119 76 270 320 
105 254 297 115 44 59 111 96 173 306 
240 197 90 230 314 55 204 60 271 255 
163 28 172 87 109 192 175 186 29 249 
275 196 146 251 211 32 289 1 154 244 
313 77 118 182 151 56 218 295 200 176 
47 280 123 242 45 46 265 7 276 5 
208 201 266 199 294 108 89 128 259 269 
22 24 223 170 12 43 84 116 263 304 
216 227 122 177 292 210 233 148 178 19 
237 117 103 277 180 159 250 305 316 30 
13 168 198 290 162 135 318 23 58 40 
107 203 214 169 260 114 234 206 71 209 
231 281 134 34 144 11 253 20 50 73 
52 25 153 161 179 102 166 284 74 139 
64 49 193 6 140 315 215 213 15 160 
272 137 279 207 282 113 75 131 257 3 
156 319 67 202 293 16 239 4 246 36 
245 158 69 121 80 220 261 38 54 141 
174 181 82 79 164 274 217 157 226 287 
104 283 37 133 221 262 299 110 312 72 
252 53 14 138 224 2 225 66 21 68 
307 129 41 142 126 238 132 127 112 17 
167 248 94 191 286 83 288 171 61 124 
62 302 100 101 241 247 308 92 183 63 
150 222 120 278 184 243 267 317 229 301 
143 93 99 9 39 136 310 149 130 188 
125 
