251
0 174 122 90 151 145 132 58 200 136 
240 31 113 162 49 103 112 117 18 123 
75 80 28 71 59 124 166 152 191 148 
229 137 81 56 120 72 11 246 207 55 
193 180 184 25 177 203 147 40 231 74 
68 218 70 38 249 5 133 108 178 24 
104 29 128 106 220 66 245 14 53 198 
143 44 221 16 222 226 19 107 99 1 
26 94 146 169 105 171 95 62 76 157 
78 224 213 73 185 183 115 21 138 243 
242 85 201 248 196 176 79 35 165 204 
158 100 77 23 4 42 126 88 101 57 
127 8 69 135 131 194 202 227 233 50 
239 83 210 64 161 20 235 219 32 179 
209 214 27 187 175 84 142 173 114 228 
199 102 17 15 92 52 139 223 7 215 
225 170 34 155 195 160 48 97 140 159 
197 91 54 41 33 167 109 144 61 230 
190 217 186 39 168 22 216 129 121 153 
238 189 247 9 250 181 36 87 96 13 
111 234 141 172 63 205 47 119 188 67 
154 206 244 208 149 98 86 89 192 45 
163 134 43 118 82 3 236 10 241 51 
12 156 6 237 30 125 182 2 150 212 
211 110 60 65 93 46 130 116 232 37 
164 
