321
0 62 198 70 118 241 77 129 275 238 
145 267 53 278 308 199 246 68 257 230 
104 102 21 119 80 24 25 126 260 294 
169 162 255 319 251 276 52 261 234 180 
177 65 22 26 165 265 95 122 1 175 
12 57 146 123 282 172 271 2 309 306 
110 9 231 43 195 179 143 99 56 74 
293 174 311 279 184 214 240 141 27 132 
272 42 137 239 13 3 161 4 193 203 
256 304 245 314 187 19 153 292 79 7 
89 307 209 223 264 20 225 109 134 34 
190 218 316 115 178 92 142 268 69 237 
289 55 91 320 233 83 106 317 259 97 
274 281 73 75 312 101 164 88 156 14 
47 40 59 287 185 130 222 139 17 243 
98 315 159 23 284 285 46 258 96 205 
288 171 150 194 138 236 208 16 30 154 
220 183 144 124 191 176 189 114 78 280 
133 35 158 235 148 192 39 86 173 298 
200 166 155 186 229 29 301 64 313 204 
211 270 61 254 232 131 201 262 300 295 
244 303 217 135 210 81 107 6 11 45 
49 286 227 72 127 41 318 296 273 67 
277 188 206 170 247 266 50 219 51 33 
160 10 5 128 151 54 28 249 216 196 
242 71 44 105 63 76 48 100 224 269 
18 253 152 116 252 167 283 103 297 66 
38 93 117 37 15 149 31 85 94 299 
305 8 125 181 147 226 302 136 113 82 
310 84 111 291 248 221 121 228 108 163 
207 263 36 202 213 58 290 250 87 168 
212 32 120 157 112 140 182 90 60 215 
197 
