1001
0 723 94 198 526 427 613 837 443 332 
192 930 702 532 559 679 830 600 197 213 
878 333 568 172 17 337 388 944 370 391 
101 841 404 718 513 951 794 605 157 81 
508 707 818 77 565 614 351 813 455 773 
677 988 591 651 85 694 820 522 291 608 
479 669 972 822 169 110 845 685 46 898 
578 964 269 864 237 254 438 364 257 159 
271 355 221 810 371 379 165 935 827 468 
326 978 152 246 683 284 536 306 499 103 
339 56 696 630 904 750 482 629 693 409 
781 751 676 408 737 888 294 741 424 29 
800 356 934 834 160 569 156 116 130 66 
621 874 787 857 374 449 105 92 674 181 
342 261 381 328 303 485 27 883 183 146 
334 398 428 120 295 298 775 283 167 660 
588 80 354 734 308 616 641 910 698 376 
891 511 420 448 981 86 465 417 531 752 
665 114 463 484 796 596 921 850 756 297 
267 705 636 154 115 462 518 403 25 383 
581 716 791 423 916 589 913 263 60 658 
31 952 625 296 846 322 715 488 214 814 
304 755 912 980 869 341 318 691 37 185 
353 286 687 145 771 396 717 475 740 774 
633 218 579 201 720 847 170 447 819 492 
321 40 829 35 797 102 310 808 42 456 
835 937 917 860 826 585 437 10 336 893 
647 517 875 870 587 551 541 769 977 833 
131 690 731 730 259 41 928 923 58 975 
753 652 125 74 93 433 714 686 386 54 
700 132 803 430 203 668 47 842 277 50 
739 876 89 974 142 202 193 802 561 708 
52 550 599 123 392 745 542 521 79 316 
519 554 144 582 38 397 273 936 637 939 
574 416 252 654 249 851 967 162 899 405 
313 673 699 188 147 414 16 763 34 728 
849 868 251 127 566 155 21 229 855 995 
359 742 385 594 711 877 749 722 335 3 
528 713 575 331 345 238 510 785 18 100 
407 242 393 450 786 219 234 82 59 20 
970 451 452 425 563 314 149 4 209 982 
843 15 124 161 412 19 84 816 78 615 
293 896 697 179 178 24 30 732 524 377 
871 768 649 748 177 894 97 117 361 368 
23 966 106 210 113 780 911 348 141 494 
520 623 489 164 13 547 126 853 362 929 
268 848 712 28 998 662 681 655 138 122 
927 795 444 394 243 287 442 759 701 721 
11 90 2 680 491 766 410 640 672 231 
415 302 861 880 747 777 413 493 924 692 
946 429 555 211 236 186 299 610 922 706 
325 311 168 648 104 357 788 62 305 537 
890 562 419 529 369 778 109 48 309 324 
645 390 987 620 373 947 256 598 735 824 
653 968 958 292 576 504 907 670 960 545 
959 993 440 627 6 862 772 121 12 73 
838 856 639 895 477 969 925 239 319 387 
137 997 724 914 760 548 783 527 586 552 
657 199 320 281 204 727 948 726 490 72 
798 360 624 453 577 107 384 439 530 644 
346 400 943 184 611 926 839 920 76 619 
266 793 245 963 628 255 358 932 189 543 
426 684 55 801 49 556 617 821 352 738 
836 863 182 258 399 593 96 233 135 14 
918 500 223 375 480 235 323 401 88 372 
729 525 98 248 650 607 656 580 307 638 
884 784 659 940 646 558 445 671 955 174 
496 618 664 790 516 695 205 887 51 486 
119 906 512 290 764 523 983 22 949 187 
140 956 549 253 240 68 754 301 495 5 
757 609 411 33 461 859 971 919 250 973 
989 366 592 153 329 315 564 367 553 603 
434 840 402 312 544 473 276 454 991 380 
280 502 667 483 176 776 746 136 567 469 
421 195 546 689 285 458 825 241 64 32 
75 247 634 338 583 95 478 770 382 196 
171 688 224 349 279 540 206 272 572 941 
900 663 215 148 828 852 65 736 675 378 
200 459 347 832 474 602 881 43 166 744 
901 957 514 26 45 67 225 190 571 811 
129 1 539 933 470 812 264 515 128 343 
422 996 945 87 501 36 938 990 457 885 
535 631 112 7 953 976 719 39 61 260 
191 151 601 8 217 395 244 507 931 961 
111 965 441 962 908 226 506 805 704 915 
999 710 208 661 792 503 274 143 163 227 
175 139 844 435 626 262 317 635 597 467 
487 632 464 879 682 446 903 406 207 476 
288 994 173 431 804 557 725 509 992 330 
471 340 866 158 44 505 350 432 498 622 
134 275 703 642 282 570 889 807 854 91 
897 806 270 460 872 497 327 289 71 954 
466 220 133 150 9 228 604 767 606 799 
902 709 365 69 782 892 950 815 472 743 
230 590 733 560 265 779 194 761 232 534 
118 985 762 278 984 533 882 344 53 831 
886 595 612 979 909 789 1000 436 858 809 
108 222 538 867 905 300 758 83 216 873 
986 678 389 765 418 70 481 63 99 942 
643 57 363 584 666 180 817 212 573 865 
823 
