1001
0 177 708 659 434 496 512 623 487 575 
557 18 956 142 387 78 753 483 494 776 
586 439 745 462 134 343 133 261 347 978 
262 425 353 819 829 506 583 725 120 456 
435 825 12 86 1000 703 741 420 608 445 
682 137 616 551 858 294 863 53 330 513 
403 630 30 195 531 771 545 96 989 808 
21 826 507 44 491 8 649 309 735 796 
437 381 60 138 13 871 232 911 645 885 
129 327 937 489 965 46 139 643 801 97 
563 33 718 555 546 847 772 47 287 907 
154 768 798 272 755 454 726 200 108 225 
220 964 416 696 430 486 364 193 787 752 
185 927 241 637 670 34 212 421 831 217 
484 746 237 436 511 65 240 131 301 904 
615 976 266 786 268 720 478 374 665 307 
104 178 41 921 94 827 952 404 298 468 
50 817 495 824 953 845 974 664 340 770 
600 144 950 87 988 538 62 581 639 459 
68 612 162 290 997 947 769 35 275 110 
57 880 282 150 455 345 333 620 807 149 
627 257 804 915 304 196 130 161 724 505 
342 925 427 669 918 447 614 179 69 940 
750 308 651 734 840 55 730 263 782 202 
549 903 856 303 365 269 632 527 999 382 
913 209 987 402 136 754 201 712 370 662 
414 14 446 799 326 972 707 172 102 644 
288 979 25 628 396 836 893 43 781 208 
305 415 751 400 189 160 48 357 809 573 
221 348 198 361 758 677 408 215 709 688 
299 344 424 813 793 722 929 411 119 392 
143 695 739 123 866 966 686 855 216 892 
38 906 935 284 676 835 278 399 861 426 
270 558 879 36 729 377 590 564 235 843 
681 6 873 902 509 993 355 26 631 397 
802 293 744 205 464 366 256 683 715 991 
292 896 775 245 118 839 689 384 596 654 
98 954 63 585 912 660 816 135 207 180 
675 765 528 332 385 822 394 501 164 422 
592 432 598 52 452 559 267 470 890 797 
277 968 39 376 187 93 252 517 625 417 
926 99 788 668 610 84 946 29 872 764 
773 339 281 711 548 306 514 748 140 697 
89 569 521 960 199 821 379 955 335 811 
838 717 723 184 247 973 995 314 386 523 
122 652 638 476 823 323 229 733 857 936 
329 884 961 1 536 636 532 820 693 58 
530 351 698 759 121 4 790 31 604 737 
265 453 519 574 233 624 80 124 951 317 
475 74 589 255 148 331 853 341 743 666 
380 469 738 85 854 244 152 520 740 565 
492 930 141 657 508 626 933 760 324 228 
642 127 567 577 917 607 699 783 490 881 
116 316 990 173 249 975 17 312 767 428 
338 258 852 334 828 736 977 803 481 909 
128 792 898 710 460 328 441 15 963 887 
986 194 182 778 206 165 789 692 19 970 
310 805 153 618 11 602 168 391 685 672 
784 276 418 254 891 20 934 518 721 466 
167 671 280 806 593 431 561 322 224 372 
568 463 848 260 352 45 66 742 883 594 
16 641 571 125 756 350 9 151 498 841 
916 315 49 147 525 889 203 289 91 264 
584 389 948 647 285 271 243 667 526 554 
539 996 405 482 900 449 704 246 274 349 
928 174 234 71 547 680 223 113 393 535 
291 691 451 597 499 2 114 942 100 302 
279 227 578 687 273 992 679 297 378 479 
924 587 204 368 444 617 197 944 253 763 
346 985 663 648 395 694 115 51 413 337 
313 23 601 354 732 834 656 728 537 541 
296 24 844 572 407 516 156 552 238 920 
64 894 226 609 359 658 448 962 362 27 
922 655 731 325 283 994 375 534 239 633 
503 72 54 474 155 932 358 958 690 56 
673 550 901 230 762 356 488 109 713 95 
92 183 859 242 450 61 175 371 321 540 
678 895 210 562 88 899 214 635 619 461 
877 957 295 705 22 794 774 3 457 112 
579 412 874 423 595 919 832 319 544 145 
473 876 727 747 181 419 106 969 650 170 
32 580 605 576 938 286 83 553 251 10 
169 867 37 588 959 176 5 939 219 524 
653 529 320 218 864 117 570 438 163 674 
146 611 132 373 79 897 761 515 191 661 
818 77 70 814 749 949 111 785 504 497 
640 103 409 846 842 390 126 984 886 560 
480 702 458 59 542 500 810 443 868 522 
429 40 599 870 398 442 967 259 941 369 
472 719 684 982 981 186 629 158 591 76 
311 983 849 646 410 779 795 833 714 367 
566 485 28 582 923 888 621 914 812 882 
502 780 603 73 157 700 800 383 360 556 
465 318 300 90 231 757 869 250 837 860 
543 830 606 336 159 943 701 980 493 865 
7 188 908 815 82 477 467 716 533 910 
510 42 613 101 248 75 931 67 766 634 
878 706 388 622 213 850 190 777 905 791 
192 363 945 862 166 236 222 211 107 851 
105 971 875 998 471 171 401 433 440 81 
406 
