1001
0 742 703 489 372 54 318 424 179 777 
930 577 108 751 329 787 715 360 218 394 
423 849 852 666 3 57 88 433 136 481 
139 51 436 874 905 718 573 925 676 938 
853 210 38 84 797 160 606 580 672 207 
298 274 900 374 607 587 906 879 959 226 
24 722 688 61 985 268 64 854 23 333 
605 215 775 537 504 743 686 634 747 813 
325 839 304 528 793 542 196 438 505 228 
467 116 418 154 8 279 616 827 151 981 
296 623 56 243 844 199 998 73 977 478 
466 862 589 624 370 9 406 829 445 172 
514 957 292 869 642 493 405 733 70 454 
911 294 663 834 699 90 846 953 974 993 
363 53 322 560 384 808 32 6 876 533 
659 7 630 93 794 183 81 646 809 571 
187 798 275 940 749 915 562 157 115 748 
502 669 645 249 554 449 738 673 501 929 
353 125 503 831 625 708 973 864 619 700 
371 517 534 431 524 414 576 588 78 964 
500 696 346 219 392 231 399 293 145 140 
843 647 100 991 547 127 334 790 49 782 
194 261 35 721 476 947 604 11 435 200 
603 169 633 520 357 868 101 168 45 299 
171 873 760 137 788 499 425 110 734 586 
674 893 513 978 242 691 600 114 66 768 
40 692 667 657 104 103 316 549 117 832 
245 484 679 902 948 714 385 566 43 120 
126 191 319 461 300 635 997 118 142 307 
492 817 755 241 153 320 857 479 356 926 
400 855 340 34 570 257 487 944 559 21 
895 451 222 671 614 388 422 369 602 308 
128 736 60 907 720 258 186 920 488 63 
208 653 409 330 639 967 188 347 730 167 
522 349 698 986 572 174 913 598 626 184 
338 591 728 883 496 254 866 923 77 234 
253 2 661 519 982 390 419 14 903 396 
290 10 47 840 885 975 375 724 916 420 
289 246 94 50 355 612 928 255 990 631 
240 135 173 875 259 348 812 62 471 273 
305 789 20 106 766 651 232 416 107 75 
652 417 904 759 814 994 506 326 518 465 
311 856 297 621 820 641 962 46 845 134 
444 618 193 166 745 295 5 841 678 971 
345 632 480 704 822 871 984 729 878 552 
302 389 413 919 585 429 711 950 961 924 
859 668 401 689 434 235 965 382 229 324 
510 69 82 649 233 769 252 354 980 109 
881 408 867 412 227 628 464 681 726 693 
569 583 163 18 37 391 597 579 452 411 
765 404 983 658 380 102 886 336 575 441 
306 198 615 530 828 512 315 224 901 529 
908 968 291 786 526 41 825 737 152 80 
595 287 800 609 884 713 262 946 387 933 
865 914 206 863 963 752 443 403 936 592 
989 312 842 848 935 638 190 236 826 276 
805 811 951 909 799 421 26 622 72 453 
931 754 427 550 86 527 643 469 563 59 
377 677 758 213 1000 323 824 149 33 468 
806 150 882 185 29 702 58 473 402 823 
286 269 447 176 39 687 870 317 1 684 
367 613 996 620 557 945 83 350 180 792 
159 303 342 816 735 203 581 337 13 896 
4 773 818 650 795 48 250 531 556 192 
564 555 158 415 779 694 446 610 660 627 
341 772 397 941 810 675 87 230 545 887 
76 685 89 858 156 761 690 629 251 97 
195 796 807 17 141 532 707 511 860 725 
590 309 943 36 999 270 378 175 670 437 
599 922 364 596 861 966 784 952 197 995 
523 836 695 130 741 955 637 976 202 898 
335 463 719 132 558 665 486 373 442 15 
85 339 25 31 124 880 146 313 546 521 
113 263 709 942 256 314 432 912 819 131 
161 439 178 509 791 19 282 221 561 266 
774 932 701 455 475 328 958 428 833 988 
574 181 483 22 731 217 459 376 27 65 
239 472 939 147 821 458 164 457 143 189 
265 448 716 584 756 917 123 358 508 238 
979 284 705 351 937 398 321 361 368 785 
260 122 717 223 283 783 91 541 897 970 
778 144 52 267 515 92 593 732 460 582 
648 277 538 138 934 770 804 71 74 539 
216 111 485 362 891 225 803 850 516 536 
470 723 727 764 780 548 440 44 507 214 
264 656 119 551 331 594 682 209 640 543 
949 872 352 838 750 654 30 710 568 247 
42 271 237 182 288 746 683 498 407 712 
212 664 535 740 889 969 781 899 383 540 
105 890 744 278 343 956 960 815 972 992 
95 310 491 129 67 662 608 753 801 381 
771 281 285 98 474 205 79 830 301 96 
16 456 655 426 344 28 892 918 697 365 
148 706 767 121 762 462 395 497 578 617 
410 644 165 851 494 386 280 544 220 894 
757 495 393 954 910 611 332 366 55 987 
847 201 927 525 155 248 112 567 177 837 
921 244 877 450 99 272 359 680 776 68 
162 763 12 133 379 327 565 802 204 553 
430 211 170 739 601 636 888 835 477 482 
490 
