321
0 145 34 84 134 20 310 246 51 149 
248 11 152 296 262 86 45 297 71 75 
122 177 190 49 154 199 29 139 181 39 
153 1 22 222 269 99 94 253 219 76 
52 302 18 98 300 299 123 112 120 118 
81 192 228 58 78 295 257 210 276 55 
31 240 165 57 196 168 14 41 63 106 
274 143 230 67 92 70 241 320 159 232 
167 110 312 128 176 12 119 137 90 286 
285 113 43 280 170 244 130 38 212 54 
89 13 180 293 220 249 315 88 235 8 
147 30 259 290 87 254 36 53 311 80 
226 245 202 109 115 24 229 215 107 303 
184 213 101 247 131 175 273 85 10 138 
305 142 150 227 316 6 68 100 193 27 
250 309 256 132 151 126 50 56 178 289 
42 82 96 73 233 35 194 266 224 66 
164 102 223 3 179 2 141 189 313 140 
234 205 238 265 206 161 157 298 162 173 
225 33 74 136 208 319 103 185 156 174 
83 211 72 201 163 144 97 281 104 47 
279 160 200 242 191 204 209 62 114 239 
217 48 261 268 148 64 307 108 260 291 
91 166 237 306 44 318 292 121 135 272 
277 124 46 16 203 252 9 28 61 23 
198 40 258 172 283 243 21 95 171 188 
183 158 111 231 169 270 65 116 69 304 
146 60 37 287 267 214 127 182 19 282 
221 301 17 93 15 133 271 32 129 125 
187 25 317 294 251 207 308 117 278 264 
77 7 195 4 255 263 59 79 186 275 
314 197 218 288 155 216 105 236 284 5 
26 
