501
0 102 58 282 356 19 448 48 254 37 
93 326 346 450 258 278 340 81 383 465 
488 163 437 36 136 45 404 490 232 332 
9 135 30 468 394 494 207 132 224 170 
221 200 246 16 204 15 43 100 195 64 
344 130 320 400 87 151 397 72 230 94 
51 432 216 362 50 76 154 116 339 215 
370 178 491 499 104 119 308 66 59 31 
120 176 44 112 263 284 447 267 156 483 
337 158 187 140 114 342 438 418 192 84 
99 238 138 358 462 218 148 179 335 360 
413 107 399 53 375 475 368 305 209 7 
122 243 402 422 271 202 453 21 193 500 
436 341 185 105 256 86 442 276 146 496 
197 403 336 350 441 35 304 244 141 273 
401 287 74 463 464 55 306 489 406 181 
435 110 458 269 249 396 90 366 80 294 
160 410 89 8 440 239 26 469 277 310 
174 121 497 423 357 159 108 493 233 369 
137 134 63 237 319 38 11 380 460 123 
345 374 485 3 390 166 302 459 281 52 
378 307 466 145 296 315 419 495 286 377 
153 67 177 279 449 471 414 444 95 300 
407 10 477 317 199 20 27 381 323 228 
314 439 92 251 431 40 428 150 334 266 
147 73 129 88 60 198 42 250 288 70 
168 17 69 217 189 272 371 115 39 175 
313 186 169 83 268 309 429 433 257 354 
416 46 152 473 343 29 293 127 82 5 
487 412 261 61 33 316 25 213 78 446 
203 270 299 32 101 54 143 18 124 259 
165 47 379 398 210 361 274 220 387 242 
325 312 454 85 253 364 338 28 201 190 
470 382 23 367 275 262 456 214 311 96 
226 184 480 164 227 479 98 225 393 321 
373 329 103 117 348 430 144 365 291 425 
409 155 411 41 481 352 290 6 351 355 
171 161 219 457 451 247 223 353 324 75 
472 322 149 359 255 4 180 13 162 131 
79 125 420 385 236 252 196 68 303 482 
24 476 1 260 333 455 208 280 128 91 
417 183 297 133 372 222 248 408 347 391 
106 56 65 331 139 126 388 283 467 292 
211 229 445 245 97 461 389 157 327 298 
118 62 386 285 478 188 235 14 384 241 
172 376 71 57 363 206 2 240 415 498 
427 167 484 182 318 405 421 34 452 426 
231 12 474 111 349 77 212 289 434 486 
22 205 395 265 264 173 142 424 191 492 
234 113 328 443 49 330 301 392 194 295 
109 
