701
0 207 502 267 166 516 522 595 73 694 
321 657 255 341 39 612 303 566 247 603 
372 592 212 142 572 224 223 506 547 320 
319 555 257 47 250 607 691 188 36 465 
312 491 451 428 700 64 88 540 178 419 
227 424 108 458 586 434 537 203 220 34 
33 654 615 456 618 509 100 191 449 553 
24 234 9 48 275 231 4 266 634 137 
45 327 583 2 617 55 406 391 21 563 
351 631 67 193 157 63 585 129 92 414 
74 153 28 616 328 213 19 326 127 186 
600 597 552 359 219 669 106 208 471 338 
201 87 112 429 501 40 511 131 123 635 
104 649 393 358 81 466 65 32 530 598 
350 590 386 163 30 483 398 565 623 236 
561 481 580 396 698 405 485 7 679 665 
626 272 41 241 31 17 641 402 518 283 
160 596 638 222 650 624 254 128 392 352 
44 453 162 124 150 647 260 62 508 221 
35 496 141 462 331 390 695 422 513 438 
152 85 500 154 310 688 14 579 663 441 
60 347 79 237 549 493 569 448 296 672 
146 308 89 298 56 118 418 377 621 252 
435 476 642 293 543 660 156 499 214 61 
179 521 468 37 204 437 345 568 692 329 
582 517 344 684 606 384 362 492 681 677 
302 59 613 336 70 605 3 180 198 417 
457 653 53 455 110 313 385 187 369 594 
490 494 576 426 480 232 578 587 388 446 
588 309 652 258 253 143 132 189 135 259 
185 656 243 643 140 315 397 126 264 564 
280 322 421 640 38 671 332 443 121 18 
8 503 560 1 593 526 238 655 261 365 
375 525 570 636 340 454 97 190 148 512 
235 120 20 507 591 284 378 668 196 409 
343 533 382 541 307 226 528 149 278 75 
215 96 304 515 116 697 159 519 169 473 
401 205 599 217 324 567 184 98 670 482 
447 306 371 646 273 404 229 22 11 348 
589 29 285 158 171 439 370 337 667 535 
5 251 403 673 497 539 354 400 363 144 
682 505 548 182 209 524 389 431 632 658 
693 699 268 628 696 95 325 413 463 432 
620 690 155 666 300 167 557 346 625 46 
125 608 194 66 367 270 27 263 675 174 
103 136 294 262 474 514 387 83 395 119 
90 115 54 680 211 130 633 52 546 545 
430 611 277 380 139 200 240 192 423 689 
442 69 484 175 627 676 685 147 99 399 
202 527 72 317 334 412 644 173 323 299 
410 534 80 349 445 571 470 165 488 145 
249 683 102 16 216 478 151 318 357 536 
373 86 498 639 23 82 520 542 94 376 
661 274 356 420 433 374 10 122 107 271 
77 379 573 133 581 292 339 487 311 225 
58 619 42 577 355 629 13 265 244 361 
364 51 138 551 117 195 242 287 469 637 
630 510 622 610 394 248 218 575 105 614 
383 467 210 574 93 584 256 25 245 558 
411 170 544 554 489 686 333 464 297 183 
233 486 532 168 78 161 301 452 15 529 
662 291 440 436 674 472 330 289 538 288 
562 651 164 427 177 407 460 279 353 425 
504 609 335 290 601 43 49 228 91 342 
76 314 550 71 57 101 664 181 12 450 
477 381 68 360 475 531 50 687 281 648 
111 282 269 678 26 368 134 206 366 276 
556 604 6 109 286 197 176 444 246 416 
408 461 84 113 602 239 114 559 305 459 
316 645 199 659 230 495 295 172 415 479 
523 
