1001
0 391 44 354 218 530 240 572 743 213 
347 666 796 691 651 512 220 753 654 447 
694 18 243 333 113 830 224 883 212 732 
602 403 473 700 484 300 155 25 247 636 
819 960 399 93 365 16 553 675 736 443 
392 952 285 28 120 803 669 806 790 890 
183 933 97 705 412 882 203 982 851 921 
387 944 168 53 565 353 983 296 594 903 
304 563 173 197 448 965 419 831 520 427 
599 290 129 410 784 610 905 161 549 222 
275 663 464 710 404 840 562 108 456 498 
59 432 394 89 812 178 772 180 513 523 
609 949 656 973 785 157 854 409 366 314 
54 21 452 216 643 8 133 210 32 624 
589 767 13 987 511 192 919 540 953 70 
927 894 110 600 295 545 585 267 660 104 
923 294 592 836 937 88 9 876 802 534 
66 588 219 713 415 503 460 886 107 34 
317 628 298 875 970 293 45 814 709 828 
259 544 724 881 638 461 670 278 906 343 
375 936 111 286 137 472 56 284 969 201 
734 338 773 288 313 526 225 41 87 574 
401 17 481 382 838 332 26 849 154 91 
388 362 945 408 707 862 509 245 754 533 
715 824 714 171 301 818 718 966 650 631 
121 535 106 496 671 90 781 499 961 917 
896 548 967 684 384 52 783 358 859 273 
454 23 885 140 911 176 339 682 307 327 
241 538 632 874 198 451 364 351 310 780 
149 598 421 955 959 134 930 782 438 543 
665 264 441 330 762 425 800 747 39 954 
244 233 815 751 934 676 932 999 430 445 
146 502 357 444 968 172 305 190 386 119 
756 465 22 428 471 470 620 629 699 759 
679 507 94 626 265 738 801 752 723 475 
560 175 196 462 299 995 750 381 991 508 
605 835 807 597 813 337 316 469 770 230 
416 891 580 124 360 96 627 77 716 590 
554 748 834 617 397 260 328 542 206 798 
685 897 963 797 497 925 228 607 649 345 
257 852 159 558 125 100 308 880 431 186 
733 579 878 863 648 174 845 103 877 583 
356 372 577 804 697 901 659 870 582 515 
722 221 981 947 680 480 371 957 584 370 
843 606 350 188 827 868 429 235 521 33 
282 623 904 368 510 231 255 645 501 131 
639 262 398 142 994 522 856 340 578 848 
581 209 234 477 799 889 109 711 65 698 
922 667 457 373 37 912 996 86 85 204 
576 439 888 719 162 742 822 437 483 348 
476 940 893 763 105 58 860 487 761 147 
646 50 422 900 586 528 344 920 215 942 
810 866 76 223 690 329 833 673 74 349 
486 123 306 514 193 687 84 641 566 400 
474 979 777 909 729 101 453 30 873 842 
745 746 369 975 42 929 323 455 238 232 
302 817 596 389 148 359 63 413 775 595 
864 616 291 396 769 1000 276 658 250 570 
6 766 208 686 14 630 117 189 618 816 
19 199 757 68 820 546 205 167 839 569 
564 181 251 433 821 164 112 731 318 458 
436 668 846 774 730 297 417 902 532 363 
252 420 126 948 377 793 613 808 492 20 
946 721 608 5 850 128 771 720 551 3 
43 871 82 647 459 879 634 446 728 493 
858 837 57 506 51 342 924 423 335 98 
151 681 132 442 998 789 536 490 976 49 
287 872 749 406 229 662 67 355 303 407 
29 361 517 726 739 678 943 130 292 989 
547 652 568 640 166 248 289 488 928 270 
324 312 559 614 539 253 791 62 485 958 
573 479 974 258 256 977 633 985 195 938 
990 184 491 941 787 160 325 227 145 692 
825 895 334 956 855 701 735 309 867 601 
980 779 75 482 688 217 182 46 527 823 
611 48 69 755 61 971 239 725 625 185 
951 170 80 2 380 211 242 899 279 315 
525 116 35 352 266 556 135 561 635 283 
567 102 644 712 114 322 47 36 964 884 
331 11 40 703 191 467 861 657 158 249 
689 271 60 557 319 402 277 163 321 516 
593 165 550 95 141 505 727 449 672 898 
740 702 169 809 661 378 764 935 31 865 
55 139 778 853 655 379 555 207 529 811 
495 887 152 263 805 531 541 504 786 150 
926 341 99 696 177 92 984 760 489 997 
792 950 200 765 81 38 737 383 79 268 
708 637 993 892 575 405 374 320 78 156 
916 143 674 519 272 468 376 914 978 704 
226 619 988 115 1 844 500 869 768 537 
122 367 15 237 552 857 466 418 12 434 
992 664 118 910 179 280 27 426 907 71 
390 826 64 677 695 706 524 758 794 591 
254 261 73 346 24 847 494 311 788 683 
615 83 744 962 795 776 913 571 7 478 
603 194 832 281 187 518 622 908 153 4 
604 136 931 127 440 693 741 214 829 939 
414 642 841 717 269 395 612 918 986 450 
972 246 72 274 435 463 424 587 10 653 
385 411 326 138 144 236 202 915 336 393 
621 
