1001
0 543 700 677 318 101 514 953 471 699 
742 110 769 812 271 22 644 72 748 75 
224 195 475 923 290 80 979 608 531 673 
810 975 117 331 687 834 362 287 790 818 
343 30 490 621 34 980 656 886 870 670 
564 557 76 46 548 472 159 278 561 684 
219 585 593 775 937 371 390 789 822 763 
427 314 454 922 860 26 550 772 457 470 
872 74 572 279 192 591 263 79 251 425 
29 142 613 977 298 601 838 830 743 643 
820 766 282 509 415 323 438 758 199 987 
952 863 429 524 853 259 112 90 326 339 
713 522 398 176 911 391 84 722 152 662 
787 988 239 387 850 878 235 920 341 698 
136 744 647 778 791 885 179 665 149 182 
342 678 418 990 750 958 291 508 646 984 
320 160 394 824 495 138 244 392 746 494 
126 205 515 334 458 55 444 590 507 237 
618 936 941 250 467 230 667 364 848 367 
417 254 956 888 115 811 695 745 188 940 
324 129 140 931 455 258 25 671 183 635 
407 102 634 266 680 805 241 788 927 785 
542 162 935 215 512 528 378 412 905 651 
969 383 960 559 496 222 306 116 346 596 
652 249 723 410 32 907 603 82 23 998 
404 395 721 904 683 918 609 777 203 706 
549 993 479 869 843 329 575 86 96 995 
54 361 197 966 40 595 896 828 499 125 
59 119 426 198 277 256 933 639 855 217 
827 51 755 794 736 434 802 68 900 345 
737 525 798 663 513 732 638 352 612 627 
196 122 708 749 47 276 64 915 206 996 
44 460 388 372 728 98 688 57 693 547 
402 17 724 544 567 433 348 18 411 717 
260 792 253 299 58 901 307 133 155 718 
437 315 821 220 914 808 629 664 14 779 
300 322 668 3 4 15 807 130 399 229 
61 63 161 757 587 803 109 523 857 782 
981 83 632 505 416 552 243 221 626 448 
330 729 776 846 989 497 485 374 340 373 
943 910 124 223 21 401 661 12 60 881 
185 767 849 360 181 357 733 653 553 862 
726 232 405 213 597 344 166 8 226 551 
712 463 570 541 939 379 518 930 999 381 
396 752 194 262 566 946 895 925 890 273 
500 70 576 610 127 756 269 165 816 685 
375 377 351 293 948 970 77 66 530 483 
445 874 957 568 502 519 702 793 180 765 
516 672 285 942 738 439 929 204 831 234 
312 476 38 147 267 200 184 473 649 529 
710 305 735 13 295 118 107 880 354 773 
741 175 171 797 413 526 934 158 9 645 
604 99 403 31 919 316 492 487 951 280 
833 986 592 283 913 809 297 912 131 186 
669 963 600 994 734 148 121 719 91 368 
976 903 774 944 546 248 408 493 562 761 
335 521 579 537 325 598 511 795 978 491 
947 421 225 780 616 384 257 640 135 353 
477 697 309 882 1 558 720 636 1000 928 
216 446 868 563 679 103 992 586 974 871 
303 347 139 968 189 620 786 731 666 104 
545 784 594 100 800 302 573 622 982 813 
817 202 510 898 835 658 333 908 105 619 
630 301 319 146 865 288 50 338 42 310 
7 168 363 435 536 715 419 265 380 825 
873 71 178 852 847 134 73 694 356 823 
245 674 770 150 465 845 819 187 106 768 
39 231 462 41 686 440 633 87 141 520 
909 227 93 796 560 281 480 985 428 255 
441 806 489 2 921 128 851 430 386 313 
172 414 605 89 574 151 111 926 565 588 
578 676 450 781 534 218 569 33 397 53 
355 246 308 705 169 837 366 753 19 959 
452 965 164 501 274 864 997 836 174 950 
48 173 242 615 292 704 582 261 359 740 
764 730 535 238 832 92 424 628 268 555 
252 607 642 163 714 657 599 365 623 211 
270 867 436 725 214 754 747 815 65 336 
370 337 804 675 466 286 876 916 358 539 
891 949 884 611 973 233 707 207 503 16 
858 393 917 583 123 385 28 201 554 78 
400 114 422 689 81 153 349 468 236 589 
961 844 94 264 751 655 474 826 317 606 
660 56 193 879 897 177 866 840 711 275 
11 449 654 27 856 498 527 484 431 459 
443 681 648 321 799 52 859 108 85 406 
294 771 739 877 829 6 442 861 709 580 
332 964 902 517 972 97 814 945 839 120 
637 113 208 486 311 10 369 209 24 240 
696 170 464 191 37 701 692 889 228 659 
954 478 284 35 20 143 88 906 482 36 
892 67 801 581 631 382 760 624 875 967 
504 327 841 469 481 762 932 533 144 584 
145 759 625 296 571 690 842 212 506 971 
540 43 389 991 983 157 45 887 49 69 
432 156 602 453 409 577 95 883 154 556 
420 703 641 132 289 328 350 682 456 938 
783 955 727 488 247 716 304 538 650 461 
532 210 899 617 272 62 614 451 854 962 
924 893 167 423 691 894 447 5 190 137 
376 
