1001
0 594 501 378 957 711 1 61 765 746 
257 972 776 660 250 800 273 691 702 246 
340 998 367 292 461 303 467 752 671 210 
855 913 900 772 96 406 968 911 361 640 
603 89 382 348 929 620 763 199 154 119 
788 712 749 820 139 538 400 63 342 954 
355 993 519 612 263 558 818 905 431 103 
688 331 94 434 221 664 311 526 343 112 
164 571 725 439 185 487 16 767 926 726 
795 158 295 601 587 479 411 967 659 291 
177 921 773 281 215 309 810 672 364 883 
30 790 796 863 338 377 953 415 623 178 
778 528 398 385 335 138 50 509 425 819 
228 241 884 248 134 652 958 670 841 606 
357 136 602 240 491 759 51 687 135 989 
920 371 964 732 750 738 321 768 667 719 
822 494 912 123 838 879 451 73 893 770 
334 350 588 527 854 674 630 253 595 140 
705 983 72 249 592 786 326 915 605 979 
721 524 194 886 872 654 843 235 604 208 
970 110 653 474 499 621 599 31 27 775 
573 598 283 392 42 533 502 830 839 888 
959 198 68 443 945 39 8 156 947 381 
159 987 238 739 542 835 313 244 465 207 
69 52 982 145 870 831 785 293 541 871 
403 271 190 242 106 28 882 859 828 214 
363 906 927 446 264 261 266 395 823 694 
407 171 222 960 728 440 676 950 997 567 
514 503 996 227 917 668 576 388 346 126 
189 865 151 161 421 294 333 143 296 696 
978 553 864 23 375 815 821 944 490 12 
160 26 401 862 530 169 201 480 742 704 
332 484 286 20 740 284 833 454 422 305 
344 994 130 186 736 518 761 513 869 179 
507 457 710 875 543 137 76 247 678 511 
239 14 531 757 386 24 349 211 307 289 
651 213 445 131 45 570 318 442 420 176 
580 155 540 802 892 585 188 277 173 946 
317 19 563 328 353 481 269 278 217 952 
658 995 523 777 255 617 615 391 714 114 
812 272 233 93 856 99 13 647 515 200 
988 83 496 195 754 75 641 625 64 98 
806 808 124 708 730 452 435 938 811 325 
637 43 483 438 634 394 80 150 939 116 
373 975 38 948 836 655 4 673 21 360 
87 899 535 397 279 735 665 894 226 122 
753 548 380 146 661 429 40 107 384 798 
310 274 187 410 44 212 942 934 827 644 
597 935 924 437 932 379 25 341 980 713 
113 829 466 902 315 852 482 741 877 166 
97 910 572 282 832 347 956 896 890 969 
662 745 722 909 168 399 268 285 974 751 
937 505 84 677 565 459 619 881 485 71 
825 992 167 254 632 472 895 675 323 304 
205 848 251 679 537 322 376 230 387 522 
95 90 933 717 701 517 799 850 760 633 
618 204 359 197 258 608 362 846 104 125 
803 455 458 638 984 787 262 747 47 769 
834 111 495 656 977 510 575 60 1000 629 
32 552 128 589 801 447 578 352 614 936 
127 529 180 477 147 65 9 814 636 7 
943 460 930 734 645 301 290 428 497 610 
408 866 666 36 433 471 584 109 951 649 
369 784 874 267 426 370 324 512 591 971 
847 476 878 885 129 780 577 628 175 356 
556 202 949 33 316 903 643 805 162 813 
182 931 545 557 554 762 56 276 682 657 
748 698 366 121 414 288 18 506 941 709 
918 11 57 256 797 907 755 409 583 41 
58 593 990 53 193 616 118 925 723 690 
904 700 622 791 697 102 287 436 259 393 
37 265 985 923 48 404 396 596 196 669 
174 86 66 329 733 743 650 781 613 165 
468 469 809 191 368 516 568 163 478 402 
582 684 919 508 74 607 142 626 237 358 
991 792 430 54 153 232 354 132 706 534 
804 10 521 416 314 532 389 857 642 115 
794 868 79 955 566 715 928 302 555 456 
5 100 782 720 916 183 206 586 449 308 
693 539 475 306 963 88 299 337 546 418 
966 390 562 756 374 336 15 898 234 312 
441 225 590 148 35 729 724 547 550 683 
224 405 520 260 62 611 922 152 120 67 
789 92 220 319 218 731 609 663 680 412 
579 559 627 144 965 914 383 219 181 117 
771 901 569 493 229 351 489 639 149 766 
695 492 549 486 648 880 141 897 470 824 
889 170 78 327 561 157 699 245 345 940 
81 423 463 34 976 581 574 59 564 3 
243 999 504 252 300 91 727 544 29 867 
450 817 297 55 737 365 774 108 444 70 
986 981 101 413 793 500 707 231 270 223 
908 718 473 685 22 453 860 427 560 716 
858 961 17 631 462 681 488 372 184 320 
744 236 525 49 216 192 280 82 873 419 
424 876 807 891 692 764 600 844 339 172 
6 432 783 536 845 464 689 758 2 298 
551 646 837 330 962 816 417 77 209 842 
85 448 703 46 861 203 853 779 840 849 
887 498 635 826 973 686 133 275 624 851 
105 
