1001
0 942 254 99 61 370 682 122 363 690 
872 567 638 703 440 773 420 53 281 961 
577 460 659 33 807 171 84 720 85 344 
87 341 45 685 128 779 680 512 675 924 
372 539 565 505 202 758 958 656 300 74 
401 388 421 268 88 633 651 181 191 458 
811 989 413 290 802 245 760 832 915 472 
960 777 124 283 731 995 482 946 307 603 
450 94 338 977 263 697 783 409 823 189 
78 489 237 543 47 436 394 257 913 318 
691 14 77 939 901 949 201 155 301 999 
43 667 770 358 220 849 156 170 6 285 
922 754 815 933 951 827 717 610 925 352 
763 816 681 22 59 510 621 479 854 879 
976 141 738 745 618 25 382 16 427 13 
345 788 818 387 56 819 562 522 589 315 
1 18 373 335 810 529 645 635 825 954 
889 867 768 91 157 962 604 626 634 411 
998 340 845 625 429 736 948 351 874 52 
970 457 282 693 58 410 963 840 506 419 
988 19 44 813 721 509 89 733 597 575 
123 741 734 537 566 269 60 561 850 140 
163 120 359 766 435 639 531 910 328 640 
361 27 495 511 947 792 602 661 231 494 
552 994 775 978 508 929 848 293 280 940 
884 73 747 728 863 585 927 139 541 454 
39 616 97 556 8 776 205 194 229 296 
243 267 82 507 706 689 213 159 903 886 
851 841 135 789 501 390 752 716 432 855 
179 500 856 227 177 347 559 23 459 15 
270 771 870 953 692 174 844 442 833 740 
326 319 444 904 445 660 160 805 103 241 
275 333 520 166 885 125 592 980 393 30 
353 195 397 110 149 134 455 384 892 502 
748 62 96 209 873 606 871 865 550 812 
204 969 803 208 357 527 762 304 206 225 
249 648 158 712 147 704 964 164 496 434 
306 303 311 791 836 785 476 330 608 292 
549 488 295 117 34 629 242 584 137 83 
709 798 568 471 581 866 288 847 801 386 
772 600 342 996 183 611 878 822 314 894 
796 224 339 714 480 936 211 891 238 688 
628 284 297 218 932 42 437 217 192 828 
749 665 743 579 142 38 406 755 414 261 
425 902 463 197 487 919 403 327 868 271 
367 983 765 266 98 784 641 41 5 881 
984 719 368 737 433 272 542 710 767 677 
545 417 897 190 302 525 746 781 230 596 
761 861 79 937 586 900 150 423 905 265 
477 920 573 786 467 982 574 286 530 428 
607 228 931 893 115 521 724 151 226 126 
820 278 535 346 526 859 806 310 200 31 
614 404 334 533 702 896 876 846 312 71 
143 381 322 4 109 55 992 222 320 279 
65 742 966 669 178 834 698 408 364 108 
138 484 294 196 824 416 795 154 493 959 
466 560 203 587 887 707 184 778 551 831 
291 223 817 730 666 907 726 655 80 305 
17 950 29 64 210 911 852 809 715 274 
180 683 214 668 564 2 632 298 973 617 
619 782 787 235 317 580 132 540 943 722 
972 133 383 371 146 324 536 69 441 708 
569 993 739 153 670 590 895 864 24 236 
906 583 375 918 553 711 424 517 246 612 
883 402 46 952 380 594 473 751 515 162 
247 764 620 118 630 309 81 882 908 875 
576 337 443 57 790 415 492 644 182 636 
20 273 623 127 548 701 349 260 360 219 
631 826 759 216 808 369 735 916 465 418 
503 732 757 173 391 519 37 664 687 248 
591 400 642 513 695 186 329 753 114 804 
944 253 486 161 9 239 119 912 504 221 
175 365 572 276 595 474 446 439 377 462 
289 264 756 987 491 880 609 945 658 538 
558 187 148 671 240 169 650 244 799 643 
523 797 40 198 622 469 928 979 332 12 
555 325 499 956 287 934 673 395 75 130 
615 112 152 888 193 684 839 516 657 981 
308 28 95 857 544 10 107 378 700 481 
570 90 672 694 113 532 250 343 396 554 
497 32 649 426 613 355 965 967 54 835 
794 407 774 814 102 316 129 233 646 199 
92 582 136 662 11 456 821 975 860 713 
366 705 422 914 800 838 48 49 514 76 
930 70 518 398 405 348 780 21 678 674 
451 431 392 35 877 869 101 63 331 461 
909 627 686 100 86 93 215 468 842 899 
921 663 68 362 385 729 653 66 498 376 
769 255 744 449 571 917 862 1000 145 185 
652 111 483 168 679 336 926 172 829 858 
430 534 26 830 356 277 985 176 36 354 
67 299 207 313 412 654 957 898 106 259 
676 699 379 853 167 475 144 974 321 7 
546 557 723 991 262 232 601 464 725 51 
547 234 121 647 105 593 578 116 104 637 
718 258 563 599 452 750 323 971 448 968 
447 598 252 478 3 935 470 727 955 389 
837 438 938 399 490 374 986 50 605 350 
453 588 528 212 72 793 624 165 251 941 
990 997 188 131 843 696 485 256 524 923 
890 
