251
0 230 61 226 144 160 145 66 28 72 
125 136 75 214 233 187 127 199 98 222 
147 90 99 8 110 239 39 169 93 190 
134 143 247 246 25 15 11 106 20 176 
117 86 132 73 213 186 155 103 237 27 
240 202 71 174 203 62 215 138 69 10 
196 126 151 175 77 38 170 129 164 36 
208 241 6 171 33 2 142 195 193 7 
228 235 22 221 53 113 100 173 37 159 
114 152 80 35 45 168 121 245 47 232 
9 92 32 3 49 14 50 52 216 191 
63 194 154 76 78 26 101 130 150 149 
46 139 111 207 68 19 109 119 30 84 
107 24 137 97 43 34 188 59 184 131 
102 96 51 85 212 21 217 88 204 172 
42 249 148 177 64 65 57 41 135 179 
238 200 205 70 123 83 189 104 229 29 
244 242 183 13 112 185 31 161 124 89 
82 248 223 17 23 224 158 180 67 197 
236 182 40 225 218 181 120 198 12 56 
220 211 55 153 128 122 105 95 231 87 
162 74 1 5 133 163 4 81 250 44 
58 79 16 141 116 192 48 140 118 94 
219 210 146 18 178 115 201 108 91 227 
243 166 54 206 167 234 60 156 165 209 
157 
