251
0 183 50 15 163 181 64 119 106 240 
161 43 69 190 149 89 80 49 197 74 
164 116 232 17 8 11 145 31 97 155 
242 111 186 52 166 86 221 222 40 29 
206 125 167 109 156 28 56 217 213 118 
178 223 27 103 88 198 58 112 171 224 
229 133 132 214 92 46 83 168 193 208 
159 140 185 12 53 96 160 142 245 247 
70 105 72 162 139 130 82 30 102 22 
23 205 10 24 104 60 128 147 215 237 
67 94 48 174 234 32 36 90 211 129 
210 177 218 138 191 51 6 115 57 87 
201 63 100 146 93 34 187 75 220 182 
38 73 233 230 14 225 122 158 45 207 
65 228 114 238 135 235 108 78 175 77 
203 4 85 7 61 33 26 18 59 95 
209 239 202 194 2 250 148 55 243 141 
79 76 179 120 169 188 16 113 236 107 
39 196 152 21 154 170 9 136 192 248 
42 47 20 219 71 134 1 81 54 68 
35 13 25 153 123 226 124 144 131 195 
110 66 84 165 231 176 98 117 127 150 
227 99 5 244 216 62 37 143 212 126 
157 137 172 241 19 3 151 180 101 44 
249 184 246 91 199 173 204 121 200 41 
189 
