251
0 77 122 99 22 26 54 169 157 107 
131 190 127 237 95 46 238 39 195 163 
20 209 78 10 21 199 241 130 27 213 
32 94 48 228 161 33 3 55 185 239 
145 83 231 225 23 207 221 112 116 50 
53 109 137 121 97 117 173 230 171 149 
98 135 110 250 30 71 1 128 45 143 
24 5 101 67 85 120 11 56 144 223 
233 61 194 206 166 29 15 134 104 249 
197 73 17 6 58 147 212 9 4 203 
229 91 142 8 224 16 158 232 86 103 
88 115 193 129 96 205 80 102 178 125 
82 79 141 132 247 75 105 92 150 140 
162 100 235 37 177 2 31 36 220 160 
108 43 188 189 164 172 175 184 72 201 
57 62 52 136 34 222 93 13 154 69 
179 155 167 14 49 90 146 226 208 81 
218 180 187 89 242 248 186 51 64 25 
138 244 74 113 196 219 28 40 210 176 
181 111 84 114 151 234 18 174 124 76 
106 243 168 66 211 227 191 246 118 35 
44 214 156 38 59 63 65 148 153 12 
170 217 47 68 198 41 183 7 19 215 
182 200 204 123 165 192 216 139 202 87 
119 133 70 245 240 152 126 42 60 236 
159 
