321
0 282 318 21 200 232 270 288 221 64 
223 287 40 22 99 90 277 78 45 309 
144 100 145 231 295 218 198 196 47 127 
183 73 6 114 110 305 126 32 143 149 
250 55 169 319 72 240 23 308 276 187 
83 122 1 241 280 16 226 44 281 43 
195 262 236 194 28 156 26 67 84 291 
18 42 60 15 251 62 25 158 128 230 
220 82 263 132 76 238 182 167 283 259 
41 66 210 316 260 87 302 20 30 163 
134 202 135 320 300 33 272 53 92 216 
266 101 3 9 303 172 255 7 36 284 
165 159 294 58 81 204 61 265 77 253 
8 246 273 264 129 5 124 188 261 105 
192 56 75 74 112 278 212 184 4 180 
96 189 205 94 245 113 131 79 271 178 
307 121 154 65 185 115 161 54 219 19 
2 133 249 211 215 292 248 107 148 34 
311 186 239 39 286 69 130 11 147 27 
176 10 12 35 208 59 242 153 91 275 
140 177 120 171 49 181 193 234 146 116 
214 317 315 217 289 138 97 191 104 164 
190 89 174 301 310 252 29 233 285 197 
243 119 254 293 117 102 175 86 139 256 
68 258 279 85 141 162 109 136 228 155 
88 173 225 235 50 207 297 108 142 118 
48 98 313 137 38 267 304 103 14 312 
106 157 70 227 179 168 57 150 206 24 
151 244 166 229 201 93 123 203 237 268 
257 213 209 299 52 17 224 314 95 199 
80 51 46 13 269 290 160 296 31 152 
63 170 111 247 125 274 306 222 71 37 
298 
