1001
0 555 459 312 26 261 931 774 940 296 
477 200 429 816 557 414 829 406 96 361 
267 875 830 817 370 277 74 75 921 846 
678 39 627 534 682 869 772 433 750 652 
716 253 805 496 833 528 44 234 863 939 
761 434 191 924 231 696 550 706 947 151 
866 809 450 860 360 676 759 187 343 946 
804 304 352 208 845 317 454 451 205 746 
161 506 634 27 227 737 397 373 485 700 
576 666 181 985 808 311 457 73 283 176 
994 1 583 266 286 251 309 316 852 100 
149 656 581 475 284 31 915 693 590 625 
461 605 172 815 222 630 584 111 173 981 
105 47 577 120 936 464 116 810 653 839 
9 407 788 1000 837 45 613 372 110 158 
904 841 357 486 498 163 891 37 718 427 
310 518 570 295 742 177 532 289 858 967 
440 896 979 823 178 244 787 78 801 94 
293 542 34 533 703 426 199 524 623 348 
574 734 395 675 325 210 719 553 619 369 
71 907 572 621 229 932 192 119 754 194 
611 831 50 308 109 889 290 709 937 121 
424 445 592 3 543 356 989 598 402 21 
541 602 123 694 405 880 129 374 919 362 
341 806 544 462 881 827 288 690 473 895 
549 228 247 511 139 197 606 548 697 53 
301 639 122 964 797 618 488 186 23 795 
657 593 58 835 556 859 92 396 991 893 
20 972 136 127 960 851 412 217 983 975 
436 857 342 419 957 334 365 513 344 65 
647 437 467 969 821 101 363 168 264 941 
155 600 705 501 654 83 470 366 645 285 
33 347 385 811 188 664 35 770 441 922 
663 408 388 346 686 183 628 849 273 353 
263 455 358 738 962 731 855 262 15 589 
650 232 949 141 610 465 905 19 12 315 
479 739 617 24 612 594 371 792 195 133 
491 52 626 43 749 246 978 102 708 798 
185 117 824 925 864 535 307 563 538 224 
287 179 422 54 478 773 660 79 336 184 
662 781 174 514 256 349 90 883 633 202 
998 449 689 252 691 753 912 879 521 350 
235 818 723 575 928 624 269 270 189 517 
271 698 394 844 411 861 56 62 943 867 
888 241 865 778 282 339 688 950 236 807 
106 254 968 4 29 148 466 389 680 345 
99 418 973 57 828 959 67 992 124 987 
838 2 918 651 565 476 351 272 976 260 
588 209 997 530 597 956 323 32 55 640 
757 142 785 685 399 777 212 974 322 850 
531 902 42 430 368 280 49 789 525 28 
379 249 237 193 843 929 952 421 438 321 
337 758 233 853 160 755 431 579 392 88 
595 144 381 567 631 508 487 552 999 507 
265 483 822 536 386 492 813 847 175 884 
870 744 416 221 933 695 672 417 60 520 
825 707 890 892 239 10 970 132 190 147 
51 730 673 207 615 587 540 661 30 226 
986 635 573 329 367 432 996 908 930 872 
616 646 423 169 712 218 143 659 877 819 
214 854 338 63 644 505 40 201 832 820 
114 7 384 113 800 215 383 413 17 529 
551 717 724 670 313 993 134 783 671 887 
586 458 726 629 874 387 77 714 104 82 
219 439 984 171 599 103 452 582 732 909 
566 167 499 692 472 76 204 403 848 580 
780 871 578 882 13 885 38 497 410 794 
66 767 291 782 255 725 112 446 963 558 
448 80 614 16 945 604 642 415 493 752 
382 153 248 115 901 526 721 769 91 727 
699 25 108 156 607 206 398 637 961 873 
157 951 898 333 516 910 243 279 913 152 
306 768 300 546 509 710 953 747 409 69 
400 456 170 745 500 944 665 917 393 995 
687 728 162 14 765 442 453 297 87 545 
603 954 729 608 41 916 340 213 72 59 
868 97 948 404 601 923 840 779 554 934 
376 81 138 539 305 86 242 766 125 216 
364 834 638 906 733 196 988 515 319 48 
375 632 259 564 503 735 8 165 920 68 
763 250 401 790 982 460 118 966 46 658 
135 6 298 897 504 444 84 326 480 335 
390 681 355 812 11 938 447 713 704 862 
935 330 98 786 684 469 324 140 203 683 
569 18 814 435 166 648 802 571 275 180 
276 748 596 230 131 668 836 303 137 771 
926 756 354 70 775 641 328 547 900 878 
126 502 443 391 258 245 562 667 720 359 
585 223 914 762 669 220 495 886 154 591 
93 318 674 146 299 971 990 198 561 764 
702 481 377 826 743 741 36 425 292 523 
677 474 332 776 294 494 842 225 331 150 
942 751 527 791 977 128 159 484 894 61 
903 428 911 736 482 278 927 89 560 257 
489 378 145 568 522 519 649 5 463 512 
958 609 238 856 182 302 130 760 980 64 
85 240 537 715 622 320 327 796 559 965 
701 722 164 655 22 490 211 799 636 510 
380 274 899 711 803 314 793 420 95 281 
468 268 107 740 643 876 784 679 620 955 
471 
