251
0 27 184 180 138 241 110 246 117 77 
219 66 51 209 220 89 216 245 81 60 
125 99 10 82 50 126 166 211 123 250 
152 203 64 143 227 248 240 225 25 172 
153 131 228 45 49 185 74 116 118 234 
208 79 238 18 145 217 162 149 133 205 
182 223 76 226 92 71 26 88 28 224 
53 87 34 239 70 13 61 144 134 122 
146 197 158 171 247 11 210 57 111 177 
103 195 176 237 212 38 5 167 204 1 
243 164 17 31 80 52 47 55 95 109 
194 65 244 6 107 30 199 68 96 59 
139 135 191 113 102 73 190 168 100 127 
181 115 22 200 201 101 179 119 178 130 
157 106 232 233 105 229 175 193 160 15 
14 84 214 86 97 112 161 207 154 186 
23 2 141 169 104 85 235 9 21 128 
93 90 41 192 20 35 124 187 136 63 
72 198 147 44 202 231 188 36 108 173 
189 39 155 129 121 174 132 46 67 83 
58 236 137 75 215 3 249 140 7 29 
48 148 62 24 16 170 114 19 120 222 
150 42 165 40 78 33 159 91 54 12 
196 43 221 151 242 69 218 32 183 94 
213 8 56 37 98 4 230 142 163 206 
156 
