701
0 296 238 234 324 97 450 145 57 595 
602 232 180 685 310 498 508 17 141 241 
553 624 413 302 478 134 671 667 480 542 
522 666 489 31 380 81 698 102 384 249 
690 636 200 571 593 613 144 84 69 146 
262 47 528 245 573 120 503 606 53 490 
179 105 682 363 386 669 570 555 1 88 
700 467 138 423 226 64 362 399 625 344 
213 111 18 541 497 172 320 251 82 597 
211 594 122 267 519 207 176 279 492 394 
264 590 388 124 660 523 395 292 404 12 
337 397 473 80 116 609 289 645 110 516 
291 16 351 306 7 101 90 55 462 206 
458 330 420 276 518 495 60 415 147 46 
445 35 372 86 529 521 307 214 142 96 
644 411 578 588 341 151 649 274 224 510 
390 283 589 379 619 454 572 371 259 221 
93 681 137 693 328 569 148 670 434 49 
638 334 48 361 204 154 339 598 322 561 
513 574 216 261 229 71 242 377 51 285 
587 514 485 313 272 205 33 376 565 414 
9 167 290 684 66 441 258 62 466 504 
128 161 640 517 370 156 641 269 548 39 
451 349 646 524 118 127 114 382 74 13 
36 263 419 250 535 400 673 534 464 689 
108 505 14 61 546 170 121 140 65 367 
157 369 135 280 318 218 470 383 533 198 
212 131 281 511 426 436 406 527 393 632 
479 67 113 591 453 577 265 417 40 486 
298 621 6 435 185 626 536 107 155 126 
316 461 152 329 696 268 537 439 368 483 
538 614 23 692 455 405 139 89 357 199 
366 392 297 109 488 456 132 331 246 427 
28 19 592 153 631 230 76 350 300 244 
68 326 168 352 674 612 618 402 164 650 
215 507 408 117 189 173 223 94 314 41 
194 182 630 610 50 106 365 398 616 342 
125 311 317 515 652 257 568 530 678 3 
463 643 499 472 196 184 253 396 87 202 
273 335 520 225 220 166 469 502 680 459 
112 481 22 58 501 70 75 303 165 482 
30 266 286 545 360 500 29 222 160 27 
635 639 629 531 583 468 509 5 622 295 
237 34 679 356 181 103 549 665 433 695 
158 195 418 308 332 586 474 345 655 539 
43 235 270 309 203 175 658 299 373 566 
567 333 562 95 551 319 428 429 321 4 
676 44 494 233 697 584 260 605 100 10 
37 442 8 192 32 294 358 556 544 476 
654 452 447 506 378 247 15 600 608 512 
403 77 375 275 115 607 575 98 304 85 
557 683 353 582 315 525 611 465 217 581 
340 231 628 346 659 143 443 133 471 432 
288 239 604 401 391 460 293 278 72 374 
256 219 615 653 448 236 424 183 389 563 
656 431 430 188 11 576 20 410 129 409 
347 63 79 540 446 449 493 171 699 91 
73 254 287 24 187 54 52 437 457 422 
686 687 255 407 484 193 150 487 691 664 
130 209 190 201 599 444 325 240 381 355 
532 208 668 227 554 585 688 601 550 169 
552 92 45 475 477 651 662 421 83 104 
416 174 56 440 119 412 558 560 336 580 
526 387 496 178 354 425 438 633 136 210 
282 305 243 491 21 634 338 26 661 284 
564 38 603 327 617 623 694 197 323 248 
647 642 277 252 301 359 271 159 78 42 
596 627 99 191 672 59 186 177 149 637 
348 162 163 543 657 385 677 312 364 648 
228 579 123 620 663 559 675 25 343 547 
2 
