501
0 68 230 50 433 112 319 276 431 28 
187 400 302 414 446 86 460 166 59 211 
21 329 203 56 173 260 384 339 101 210 
346 369 11 131 148 140 247 365 300 481 
376 27 75 53 90 270 10 189 72 32 
98 195 484 324 113 284 430 204 239 136 
323 109 485 64 138 176 497 261 54 282 
2 271 465 9 296 396 463 38 161 473 
37 498 18 254 196 301 248 22 272 6 
245 81 321 408 251 255 386 124 440 404 
16 89 93 135 360 366 419 167 99 185 
160 106 267 190 331 253 351 288 420 162 
334 144 474 482 263 151 469 164 143 266 
374 235 220 206 46 357 332 149 455 150 
85 326 412 233 183 422 221 232 105 487 
19 178 69 421 277 418 70 153 225 123 
52 115 352 492 246 243 125 448 491 134 
290 141 20 182 367 349 205 311 397 441 
494 41 389 137 280 372 475 390 407 378 
303 209 464 170 256 478 382 401 78 17 
157 354 240 77 33 462 292 116 435 490 
63 364 110 355 214 188 145 36 132 429 
179 155 268 467 488 306 191 353 197 61 
410 67 257 40 147 249 104 212 174 207 
395 294 312 457 344 14 445 489 95 215 
327 186 449 289 341 118 152 314 91 269 
493 57 426 154 283 88 217 119 3 216 
120 415 142 423 49 5 71 128 126 328 
307 208 428 231 200 252 94 223 304 320 
373 468 278 403 163 416 406 424 370 343 
477 55 345 362 318 133 169 338 368 274 
471 450 437 117 4 7 459 350 175 39 
333 165 111 172 48 447 242 192 335 375 
87 213 330 383 60 411 177 305 340 1 
97 96 495 258 234 100 454 309 58 51 
275 417 129 102 486 342 399 356 45 483 
262 108 237 74 385 405 227 479 381 285 
295 387 250 229 202 193 313 62 24 452 
451 244 83 308 442 461 156 23 470 92 
379 377 238 499 34 198 444 35 66 84 
380 394 218 15 371 299 325 114 30 398 
425 348 496 219 436 76 159 443 347 264 
315 438 121 286 43 12 291 80 107 392 
31 168 472 241 171 336 42 466 13 317 
393 298 427 293 130 337 184 103 181 456 
310 363 391 146 439 222 47 279 409 388 
287 402 297 480 265 194 224 199 236 82 
281 180 139 476 8 73 434 29 432 26 
79 361 25 201 65 322 44 226 413 500 
359 228 358 458 127 273 158 316 122 453 
259 
