1001
0 112 947 961 196 329 223 465 254 339 
993 854 694 826 849 885 291 744 38 778 
364 24 86 148 190 638 522 176 757 490 
343 173 874 1 178 193 981 713 114 220 
498 737 985 932 955 637 786 602 887 45 
312 242 835 161 983 328 468 676 733 622 
593 481 128 889 139 77 604 208 740 746 
140 130 249 735 238 174 58 1000 865 589 
73 200 241 348 486 551 935 292 678 783 
246 113 218 639 766 821 704 504 150 216 
732 316 674 842 306 399 856 671 574 304 
36 59 928 228 982 78 601 375 353 44 
376 47 71 540 513 577 48 318 454 62 
342 635 994 400 365 67 385 912 974 582 
867 734 815 60 863 435 388 484 294 541 
81 809 909 165 877 395 568 211 871 647 
620 584 367 383 587 709 466 252 28 941 
361 599 545 134 425 192 257 2 914 767 
332 725 363 323 94 9 949 237 34 349 
167 777 600 334 43 300 447 422 586 82 
785 264 461 976 664 858 5 742 157 63 
999 712 997 579 937 799 515 258 359 844 
21 900 397 797 368 409 788 170 430 552 
606 702 247 550 440 37 820 471 682 535 
84 996 20 894 843 691 677 804 351 509 
977 336 929 52 7 76 382 277 177 243 
40 649 54 492 940 641 195 240 245 432 
917 592 566 506 321 685 879 394 926 355 
111 267 428 433 497 787 862 848 372 657 
575 256 137 236 463 116 503 222 837 841 
670 751 169 13 580 212 921 126 736 990 
485 297 331 560 743 473 149 420 210 311 
423 105 758 358 943 282 39 927 135 147 
834 164 536 870 125 92 143 866 79 847 
861 555 507 765 265 891 640 46 191 814 
607 206 56 374 356 456 42 370 444 918 
817 281 162 632 933 338 695 942 309 828 
898 838 98 371 410 102 754 401 231 119 
727 782 626 3 924 175 957 655 496 474 
970 711 455 69 643 519 100 253 396 166 
273 597 598 775 120 159 590 972 115 495 
136 412 823 188 442 213 317 881 475 811 
813 923 729 344 832 172 445 526 878 608 
614 987 902 413 872 16 944 967 919 796 
227 179 322 347 562 268 308 390 499 61 
700 627 851 457 667 952 452 992 930 708 
286 697 533 897 876 90 621 517 521 516 
892 205 689 131 564 653 467 915 204 959 
665 182 402 93 907 387 527 49 215 824 
988 155 284 585 989 556 14 888 662 905 
911 464 25 107 651 70 646 511 594 350 
868 185 129 87 724 836 272 518 530 108 
269 95 679 960 373 793 19 298 319 110 
925 559 500 17 573 544 301 660 596 979 
532 207 502 808 426 548 85 661 419 80 
337 770 472 753 759 764 617 922 418 289 
6 295 822 152 883 314 991 529 4 772 
489 656 962 882 384 934 801 827 117 966 
726 469 576 8 789 288 953 558 803 407 
438 26 144 964 939 880 958 738 563 180 
845 956 721 12 658 109 315 29 773 121 
480 406 615 717 703 458 618 572 512 825 
35 831 451 305 776 83 427 730 995 30 
232 747 950 255 476 731 411 285 810 251 
739 722 710 846 603 198 864 275 346 631 
718 122 352 830 437 184 840 857 448 65 
546 908 414 800 819 51 393 23 899 980 
901 459 151 873 403 57 225 416 686 357 
633 219 171 539 795 156 975 807 571 752 
790 971 853 525 625 104 714 634 903 360 
138 748 755 652 645 720 514 668 75 310 
118 154 15 186 978 259 798 624 377 745 
214 431 595 493 839 50 72 531 491 341 
951 829 628 538 609 696 534 276 283 567 
920 946 998 366 453 389 494 408 850 931 
557 699 716 963 673 642 591 199 278 650 
133 523 762 936 266 41 781 948 688 380 
417 262 101 611 812 362 97 543 302 510 
446 728 684 784 10 986 852 290 270 106 
260 884 794 307 33 163 250 53 194 217 
153 968 234 719 226 443 630 792 791 354 
392 293 379 904 160 482 64 706 528 605 
103 271 760 669 335 629 938 973 202 142 
239 450 421 324 327 680 99 404 508 22 
415 636 965 984 296 505 875 886 299 672 
145 369 648 565 187 610 274 833 345 378 
805 583 756 127 549 659 158 761 623 197 
537 859 168 588 146 741 554 654 488 449 
578 325 31 690 124 542 333 221 501 183 
91 553 386 429 693 483 750 279 27 768 
88 424 570 261 644 687 616 916 663 434 
224 313 340 132 707 405 439 89 619 910 
74 320 141 524 869 692 774 326 860 391 
612 520 893 470 460 681 890 248 436 723 
477 244 11 209 715 749 569 123 233 705 
779 230 55 769 280 181 666 18 561 66 
478 189 235 441 816 771 201 954 203 462 
896 945 806 855 763 913 32 398 96 780 
613 303 479 229 581 683 675 287 547 381 
330 701 263 969 68 818 802 698 895 487 
906 
