1001
0 732 934 514 698 784 692 685 916 884 
471 507 392 95 735 78 818 375 306 755 
567 462 93 415 901 682 774 749 664 114 
912 530 150 260 877 109 882 158 734 307 
331 247 926 127 239 411 871 857 91 794 
546 110 969 362 248 410 20 268 572 149 
185 580 240 579 179 809 294 991 243 218 
244 894 346 675 807 464 254 275 146 278 
937 616 119 280 600 702 975 302 745 403 
562 742 517 751 283 712 419 635 45 778 
725 915 154 716 543 153 770 404 730 835 
689 121 624 663 360 783 143 257 883 442 
904 454 910 924 593 340 68 855 623 760 
113 59 930 666 60 406 949 976 715 863 
842 334 398 188 938 432 513 11 846 470 
42 908 136 490 540 503 298 69 53 326 
319 353 387 821 430 707 284 205 889 573 
325 998 159 750 609 169 94 290 474 235 
615 968 285 34 164 1 962 647 435 859 
489 931 895 683 97 708 961 107 853 157 
323 771 869 105 140 492 61 936 625 440 
483 333 390 577 72 964 246 458 261 868 
337 516 190 824 819 356 603 621 434 9 
226 504 656 167 92 626 673 891 163 929 
259 769 484 418 141 985 376 354 946 982 
116 523 132 592 363 253 108 389 776 555 
424 907 314 696 305 944 384 639 194 77 
785 700 64 966 338 412 644 21 695 777 
539 657 759 182 225 134 16 447 515 537 
955 630 767 564 230 951 957 352 921 381 
599 610 697 124 823 799 277 441 12 138 
773 315 806 4 144 727 155 224 339 565 
38 905 723 172 461 898 369 208 329 101 
391 597 576 46 521 740 321 382 359 252 
529 861 374 274 525 62 986 421 953 919 
316 465 726 746 519 371 733 228 872 827 
14 605 480 90 55 223 186 438 867 295 
899 549 544 571 913 648 423 177 266 710 
741 399 7 131 560 482 980 451 207 947 
512 662 378 156 782 436 397 787 628 706 
282 810 739 791 569 865 408 166 686 542 
106 802 87 125 588 445 393 874 104 267 
923 118 206 925 649 533 677 954 309 145 
350 789 99 241 81 361 2 643 343 688 
272 39 133 862 180 945 426 457 115 992 
878 394 84 629 948 538 472 17 265 475 
463 840 699 373 632 887 5 927 220 815 
566 618 764 836 33 585 276 974 348 612 
170 718 79 476 505 607 466 281 582 41 
58 805 528 123 680 36 111 762 409 650 
721 556 586 602 414 816 731 920 262 758 
844 70 103 43 653 744 826 82 199 563 
468 914 854 498 532 297 994 433 370 973 
604 385 646 518 729 601 26 989 551 856 
611 417 52 128 790 812 587 50 960 481 
264 31 49 780 591 8 795 250 703 368 
117 993 670 388 209 933 833 792 720 245 
318 204 847 493 459 428 575 736 893 174 
766 550 834 40 756 851 102 581 641 655 
54 201 681 63 336 324 660 56 589 221 
535 873 347 317 175 355 232 416 501 71 
870 122 886 837 963 358 858 943 413 849 
486 255 654 3 210 885 981 558 952 803 
477 217 88 598 691 112 508 711 495 330 
301 427 763 979 303 66 705 848 148 161 
189 345 814 620 674 970 843 273 704 193 
694 634 446 786 304 292 709 714 401 679 
876 724 342 236 25 584 671 652 191 977 
667 372 690 524 754 830 552 151 892 999 
996 74 212 811 995 614 645 139 881 828 
296 308 613 227 320 142 450 310 775 693 
473 147 214 183 520 845 67 983 129 606 
596 197 594 51 29 402 251 222 678 299 
165 499 366 595 469 636 256 808 176 500 
640 242 669 866 510 950 195 672 400 972 
638 768 313 386 536 263 357 327 522 676 
813 444 200 631 850 396 978 135 420 380 
215 452 959 270 73 130 888 965 216 395 
453 6 30 187 449 231 879 422 583 747 
822 271 365 547 15 541 527 942 958 633 
96 460 852 23 287 909 838 831 344 13 
781 918 22 743 192 665 456 98 288 502 
312 37 293 801 425 642 832 120 286 719 
608 651 890 896 506 126 431 568 349 590 
825 922 367 935 213 578 987 311 941 437 
219 100 880 332 48 897 478 940 485 661 
258 85 89 407 627 364 748 545 997 171 
10 531 168 76 152 574 903 684 713 509 
956 35 728 761 233 765 269 32 291 534 
911 668 300 496 196 820 19 990 619 804 
83 738 443 341 173 405 659 752 875 554 
429 24 553 561 351 203 184 658 548 249 
622 467 1000 479 27 328 526 902 28 80 
198 497 800 796 557 494 928 841 238 86 
511 637 906 448 160 211 701 984 967 757 
772 864 570 839 788 687 988 57 488 279 
75 491 487 237 829 917 617 234 162 971 
229 817 335 383 65 900 860 932 322 797 
44 798 202 737 717 753 455 559 439 939 
289 793 779 722 377 137 18 47 178 181 
379 
