251
0 196 149 79 41 106 240 24 62 221 
195 250 184 216 227 208 37 209 175 27 
91 12 212 166 23 124 182 168 146 217 
239 173 75 159 121 78 83 8 81 99 
172 231 147 22 43 211 156 115 5 107 
93 193 170 10 202 243 21 186 73 89 
214 71 65 110 48 94 169 180 131 63 
245 13 162 130 53 113 51 213 160 244 
57 232 33 189 206 177 157 192 28 109 
200 179 76 132 58 126 56 15 144 86 
11 127 82 25 139 55 103 66 77 95 
64 80 226 120 145 210 152 97 158 151 
155 197 59 164 187 50 9 128 98 135 
85 190 100 133 114 34 183 45 52 19 
87 67 118 74 101 96 205 69 142 185 
236 129 215 61 90 237 234 188 108 116 
191 136 88 148 30 3 207 138 181 178 
137 104 235 241 230 14 18 203 70 161 
1 225 218 17 140 174 102 242 222 6 
117 220 165 134 163 249 153 219 49 54 
46 44 2 26 123 229 223 246 20 238 
36 111 29 112 228 72 150 198 40 38 
122 7 31 233 154 224 42 194 176 47 
35 171 248 125 32 68 199 141 105 60 
16 4 143 84 39 204 119 92 247 201 
167 
