501
0 175 213 231 271 258 122 395 94 159 
244 421 352 58 156 179 25 116 484 17 
483 133 360 417 373 308 470 176 393 401 
57 400 89 22 86 289 3 4 366 13 
391 422 202 265 408 390 7 111 342 297 
472 234 1 91 336 209 426 97 425 377 
488 441 178 120 201 498 307 353 457 160 
459 205 236 218 419 12 415 171 101 9 
499 34 107 398 30 449 113 119 229 114 
326 269 224 35 450 164 260 295 31 64 
82 39 261 429 194 381 461 10 152 370 
478 365 409 47 396 257 301 51 77 128 
53 248 314 266 69 458 153 479 40 78 
215 495 125 192 469 27 131 233 321 443 
84 206 242 464 123 490 134 407 334 491 
238 71 285 26 316 193 28 383 284 290 
442 337 99 87 357 292 121 170 262 183 
274 210 190 273 452 124 482 403 223 291 
413 38 169 67 294 418 283 126 299 487 
378 388 214 196 198 296 117 480 220 362 
48 300 345 162 446 473 303 379 412 199 
280 135 217 331 376 212 60 312 313 439 
81 317 147 243 108 85 141 221 43 494 
394 18 435 177 241 315 182 424 139 112 
402 20 287 186 454 16 466 256 358 95 
106 211 380 65 137 14 46 309 340 277 
184 405 263 250 476 68 267 445 249 105 
339 161 281 172 387 423 355 63 138 72 
496 21 392 24 173 207 232 428 465 475 
276 237 364 397 327 489 493 322 29 329 
335 129 474 93 235 52 500 181 11 444 
191 305 42 247 328 45 115 492 127 228 
304 226 54 332 286 222 264 154 245 56 
165 298 118 148 37 6 374 433 83 410 
462 359 102 375 319 320 59 259 225 100 
74 130 346 180 420 158 166 80 44 23 
330 453 104 463 2 311 497 140 8 219 
41 15 240 227 404 369 389 430 230 208 
293 146 188 268 75 200 278 62 19 323 
448 382 216 411 436 356 471 270 50 61 
88 432 203 306 110 438 109 447 455 363 
431 239 384 73 76 132 338 157 136 354 
98 49 5 189 103 187 367 371 460 33 
318 142 350 341 434 252 351 302 456 325 
251 96 151 486 467 386 437 347 144 324 
253 246 279 481 343 79 254 275 55 145 
185 477 149 349 399 344 468 32 66 197 
92 90 372 163 416 310 427 272 406 282 
414 485 195 348 333 70 174 204 368 385 
155 451 255 143 440 288 150 167 361 36 
168 
