501
0 212 413 348 121 63 143 438 157 308 
36 239 500 99 62 454 449 209 178 136 
179 377 137 338 423 58 479 168 439 384 
443 22 278 109 171 424 420 289 283 5 
472 468 170 466 107 215 329 290 182 376 
67 169 354 372 200 395 163 429 214 100 
51 494 234 1 226 465 148 269 65 77 
441 488 370 154 187 293 299 495 412 194 
245 276 427 296 285 297 230 351 364 116 
42 470 158 337 460 491 160 362 421 381 
221 123 436 357 281 181 397 172 444 219 
385 247 471 40 467 369 475 349 259 133 
7 367 108 13 317 56 266 457 448 414 
307 151 366 450 398 12 132 386 344 25 
165 9 258 298 235 375 120 417 198 353 
21 45 451 73 405 192 35 426 217 445 
240 20 242 280 166 3 447 97 190 394 
90 237 93 16 145 350 392 334 408 335 
393 128 274 53 487 404 164 415 193 303 
153 267 18 110 343 38 455 59 94 464 
146 69 211 440 206 186 430 32 11 184 
49 117 477 480 229 50 251 373 54 273 
319 389 312 331 295 71 86 374 6 208 
482 287 387 33 446 60 275 155 493 378 
189 292 355 433 112 173 442 207 80 496 
382 156 271 428 291 79 149 322 358 82 
253 458 176 459 260 314 185 14 461 498 
311 341 152 28 213 95 416 159 492 188 
434 388 17 243 48 402 199 315 360 203 
218 268 102 210 452 282 131 26 75 224 
486 363 489 46 326 270 10 379 2 257 
320 246 294 252 400 222 91 473 340 499 
383 205 134 352 333 330 265 309 300 84 
261 41 15 127 122 327 339 43 183 238 
346 111 105 27 302 70 484 328 478 104 
138 64 323 180 332 481 201 264 220 286 
396 411 256 55 456 140 225 254 244 161 
313 336 277 130 431 227 89 74 174 197 
418 119 150 85 435 272 167 347 68 469 
98 371 359 301 24 391 463 432 422 129 
409 223 399 196 476 365 483 39 147 162 
30 87 118 23 262 462 78 141 490 29 
453 83 191 96 195 321 115 231 76 47 
410 175 263 419 232 31 318 248 356 101 
126 324 437 66 304 325 288 37 92 202 
305 204 103 390 106 177 4 236 401 139 
310 233 8 114 142 125 345 425 306 19 
316 44 216 135 403 284 57 81 361 342 
241 407 380 144 255 34 249 368 279 61 
228 124 88 250 113 485 52 497 72 474 
406 
