501
0 375 115 40 120 326 230 341 220 454 
435 318 63 116 5 279 134 382 49 276 
151 437 18 8 244 59 410 436 339 488 
272 51 361 45 383 179 357 461 219 65 
6 27 80 303 48 195 232 264 430 362 
239 236 358 443 204 163 455 13 79 85 
122 227 109 422 84 289 193 486 490 416 
15 139 340 307 225 39 349 210 224 360 
261 249 265 313 92 123 238 330 418 370 
73 351 458 390 42 106 352 404 321 487 
473 291 463 456 387 378 480 125 350 399 
491 129 81 271 152 140 30 475 428 310 
104 384 212 57 127 334 67 415 7 427 
17 206 61 176 209 172 411 235 298 191 
237 202 22 55 167 211 376 355 181 192 
305 397 262 431 144 255 280 105 482 208 
95 229 273 34 306 304 254 216 438 159 
166 222 147 345 53 253 363 132 285 155 
60 495 485 23 14 489 10 87 420 149 
421 137 146 124 258 100 476 108 11 496 
365 233 367 322 98 107 47 21 446 309 
332 88 196 354 138 364 72 91 170 396 
199 46 26 20 240 494 294 101 83 157 
312 441 290 112 477 400 374 75 154 136 
483 110 97 62 460 377 269 359 434 131 
121 356 169 444 243 275 114 270 366 465 
278 293 479 478 380 348 344 412 99 117 
256 324 135 464 218 178 403 442 182 82 
165 76 381 71 462 481 28 25 201 433 
168 398 93 408 161 226 467 284 207 103 
301 148 448 414 35 246 474 66 52 24 
189 493 43 439 287 2 445 113 499 245 
260 90 368 77 498 187 36 64 12 160 
320 327 145 250 143 395 56 331 471 175 
347 452 274 128 419 184 342 259 185 248 
31 257 141 297 1 468 247 346 41 469 
319 68 268 470 133 328 130 472 373 308 
296 86 89 162 153 94 497 241 459 323 
118 424 266 292 217 263 200 317 283 425 
315 190 215 423 333 388 197 392 492 379 
74 102 394 9 457 19 37 391 484 409 
32 402 203 29 186 302 426 311 126 335 
223 33 111 325 385 329 231 338 372 221 
44 449 406 173 337 119 205 393 214 369 
198 389 401 183 174 407 171 466 164 281 
432 413 150 440 417 316 194 429 58 142 
277 353 450 371 50 158 16 314 177 180 
4 3 300 252 188 282 453 386 234 295 
70 251 451 405 299 228 500 78 69 156 
267 343 54 288 336 447 213 286 38 242 
96 
