501
0 129 107 63 367 74 141 241 157 308 
496 319 134 184 309 108 17 471 127 14 
147 16 232 390 227 164 339 317 21 324 
438 466 350 371 137 412 266 337 478 244 
427 474 166 354 361 328 91 484 329 374 
453 138 112 162 432 343 341 144 402 403 
480 27 67 325 87 429 321 205 45 72 
316 298 106 66 333 378 118 314 89 95 
5 445 422 347 312 420 234 94 224 359 
492 201 239 349 229 77 335 182 460 303 
416 220 211 83 281 26 69 71 65 450 
80 126 283 116 489 158 173 355 293 407 
225 345 54 275 340 346 388 267 242 318 
163 353 364 243 464 400 276 196 145 93 
30 446 195 363 41 463 214 447 62 255 
386 377 440 219 409 419 43 269 320 155 
113 380 360 24 362 387 82 198 398 247 
103 52 332 105 417 470 120 490 256 272 
434 38 265 212 189 216 327 59 125 235 
114 218 131 245 331 307 278 180 204 315 
454 210 79 499 379 102 11 177 401 414 
140 132 372 264 483 395 179 207 430 344 
277 193 130 35 154 153 365 421 36 39 
100 301 261 448 151 85 48 223 411 167 
248 352 213 178 441 206 19 423 289 42 
150 393 451 28 124 485 254 392 78 263 
334 165 294 384 3 291 330 497 56 476 
221 190 231 238 237 22 397 433 175 6 
459 376 148 443 498 274 194 399 81 1 
280 33 98 172 37 192 444 109 382 187 
156 12 160 408 292 336 47 249 136 479 
410 135 97 461 222 233 481 257 404 313 
357 176 383 186 297 250 76 482 7 369 
282 51 240 258 418 415 10 358 44 123 
475 435 500 356 468 455 295 161 209 488 
215 259 370 296 4 385 394 50 13 183 
99 246 53 86 121 287 191 300 391 236 
311 493 122 2 271 465 306 413 462 428 
88 270 90 203 381 101 75 268 171 133 
149 373 58 20 456 491 486 252 389 96 
117 60 111 84 202 49 406 342 348 61 
323 284 23 467 170 260 139 290 57 228 
405 92 457 9 230 262 351 174 326 299 
477 473 304 424 64 104 200 185 217 288 
273 310 396 159 142 279 436 143 487 302 
439 169 197 368 115 34 18 199 146 452 
29 437 338 251 73 168 495 472 286 494 
46 305 8 40 31 458 285 253 208 128 
25 322 366 32 426 226 181 68 469 119 
425 442 431 188 70 55 15 110 449 375 
152 
