161
0 139 138 24 127 42 65 10 51 52 
4 106 47 15 84 5 39 125 70 159 
9 80 25 74 115 158 78 157 20 56 
151 30 19 104 128 148 16 12 76 134 
22 27 149 28 55 150 81 45 152 29 
34 58 11 111 143 57 41 54 32 117 
83 89 136 79 123 36 97 63 93 122 
48 126 120 113 75 6 96 85 67 131 
119 62 114 110 69 59 102 17 1 140 
124 46 142 86 100 132 3 108 105 116 
118 35 130 135 82 8 60 92 38 155 
50 13 121 88 145 40 68 146 61 37 
107 49 72 144 103 95 153 53 147 77 
156 133 71 101 99 91 141 112 154 33 
87 137 90 2 66 129 26 44 7 94 
18 64 21 98 14 73 109 31 23 160 
43 
