251
0 161 36 117 120 223 150 155 20 72 
180 183 182 125 89 243 242 147 249 192 
232 65 233 99 213 245 191 175 211 172 
19 115 202 128 222 13 163 206 149 160 
24 124 18 21 95 169 203 66 57 107 
4 58 49 14 48 200 70 37 178 234 
81 33 40 119 51 7 167 189 143 38 
42 109 35 225 188 133 32 30 101 247 
83 43 135 227 235 156 199 145 129 112 
196 102 186 131 100 3 217 171 239 181 
105 71 140 98 212 22 168 44 15 165 
162 41 86 108 104 176 64 173 177 166 
90 118 230 12 97 221 151 228 187 60 
76 8 148 82 246 231 1 170 17 136 
111 39 34 134 45 63 122 185 201 214 
54 137 59 28 142 193 91 46 127 139 
92 164 144 84 27 241 78 141 194 106 
56 190 75 96 85 209 250 113 94 67 
158 69 207 53 31 2 205 16 146 238 
10 103 23 240 61 132 73 121 74 25 
215 152 62 88 77 29 6 179 126 123 
130 195 159 87 184 197 204 50 9 218 
174 229 154 55 80 226 79 210 248 219 
68 5 52 26 244 153 237 236 114 224 
216 47 138 93 157 116 220 198 11 110 
208 
