501
0 164 95 488 445 88 493 25 114 270 
425 110 276 57 389 139 187 298 200 269 
196 473 116 415 224 492 239 58 69 17 
246 80 410 447 311 134 312 371 265 94 
10 285 6 148 68 416 221 436 472 398 
97 191 433 169 78 292 128 377 32 275 
22 476 198 179 483 388 103 92 386 491 
338 449 38 145 328 237 400 498 147 199 
343 138 126 113 82 384 342 7 213 45 
258 65 241 405 40 260 284 471 19 378 
204 315 35 307 240 281 324 353 279 81 
180 441 49 29 319 111 346 245 397 181 
365 490 310 133 469 448 287 143 190 277 
280 233 64 104 209 454 395 141 51 429 
305 274 79 439 360 119 74 457 41 168 
77 263 462 302 390 341 166 306 304 411 
44 84 247 5 66 50 150 495 243 87 
193 430 451 466 155 460 286 406 408 46 
39 461 325 89 479 149 216 222 299 226 
160 317 185 446 194 52 172 393 443 16 
294 301 159 63 53 144 223 106 152 362 
366 259 422 355 373 375 192 364 27 271 
349 75 484 261 339 404 396 37 15 101 
318 333 334 120 67 175 109 335 282 206 
308 252 167 212 248 55 357 34 438 107 
195 251 62 72 146 322 86 370 293 228 
413 385 250 256 409 70 21 156 2 499 
352 418 137 71 421 163 225 170 303 102 
290 61 253 130 369 401 177 359 500 288 
108 132 211 13 99 189 431 42 98 234 
481 91 452 186 403 90 124 235 231 363 
182 236 238 83 174 392 56 417 467 485 
153 197 296 494 321 482 313 394 278 220 
142 497 154 468 242 264 463 314 453 295 
203 136 316 374 424 428 219 96 345 151 
230 208 465 475 28 331 201 54 376 161 
329 257 232 435 48 402 11 33 350 112 
337 8 207 489 20 26 12 157 218 158 
165 215 121 268 440 383 115 273 487 399 
262 379 420 291 372 73 478 382 266 131 
59 330 300 361 426 464 36 31 254 9 
183 442 255 434 427 444 229 309 30 14 
173 43 162 18 188 368 486 171 127 459 
118 358 437 336 412 76 474 419 340 432 
458 320 24 323 210 140 332 202 380 47 
272 387 227 60 347 450 356 184 129 214 
326 123 23 470 178 3 496 423 354 135 
125 456 117 249 381 1 85 391 217 244 
477 414 344 289 176 105 455 297 407 4 
122 480 93 100 205 267 327 351 348 283 
367 
