501
0 274 406 313 475 3 315 133 420 479 
74 152 143 265 327 79 162 97 343 134 
314 214 113 68 285 7 394 359 98 52 
382 208 80 483 210 238 462 485 252 349 
478 36 435 237 136 105 499 199 317 179 
306 75 141 342 279 381 177 280 430 229 
5 72 47 82 372 418 450 363 192 151 
204 145 9 115 345 132 31 231 120 253 
357 157 291 169 413 39 10 396 43 458 
122 299 189 295 1 431 492 140 188 292 
211 298 412 354 467 247 56 452 225 287 
34 32 209 333 124 270 421 451 219 283 
257 263 264 45 321 459 414 448 93 393 
42 481 142 100 154 255 489 296 30 487 
379 14 300 106 350 22 341 497 99 118 
419 206 261 41 242 355 408 160 332 366 
150 251 277 159 126 446 53 197 428 16 
376 490 258 212 15 400 472 66 69 114 
67 423 187 365 318 244 259 182 200 202 
73 172 402 27 339 62 249 500 344 89 
58 94 46 203 232 276 207 226 8 455 
329 498 378 18 410 121 436 81 227 21 
221 250 326 92 193 103 84 445 369 440 
90 245 168 398 289 96 38 11 222 186 
184 85 364 248 273 201 91 272 205 449 
480 23 320 28 385 171 301 322 109 464 
433 88 266 44 392 370 390 353 19 170 
54 86 302 111 51 112 361 356 35 404 
246 290 447 477 130 149 337 146 319 191 
137 425 491 377 37 388 403 284 2 167 
13 215 262 29 50 495 254 383 95 422 
240 174 256 78 309 488 426 405 102 476 
196 469 48 347 471 267 260 153 83 325 
415 340 457 484 164 442 312 77 224 119 
310 282 346 380 144 128 127 180 316 453 
181 444 438 297 439 123 17 216 6 125 
338 441 218 55 486 131 409 185 176 269 
268 24 87 135 494 324 101 243 305 375 
107 138 352 61 432 416 64 158 155 110 
59 26 281 139 466 220 63 104 427 117 
330 389 391 288 456 373 304 178 468 278 
275 465 70 443 236 33 129 294 20 368 
474 348 190 147 335 407 323 334 76 235 
351 163 194 496 360 387 228 399 384 362 
195 25 336 434 286 308 223 460 198 12 
454 217 49 358 65 156 386 293 367 371 
166 234 461 148 161 71 173 311 40 473 
437 429 303 239 397 401 411 57 463 395 
108 4 116 374 331 213 183 328 307 424 
230 175 233 482 470 60 493 165 241 417 
271 
