701
0 390 278 356 57 175 555 515 626 162 
418 235 97 71 460 619 597 139 661 26 
147 630 265 579 405 562 73 233 276 672 
16 196 569 237 306 64 144 124 450 284 
660 451 221 510 431 260 248 269 119 671 
72 318 411 208 286 634 430 228 623 548 
374 226 116 70 641 522 628 683 84 663 
92 333 77 614 467 560 446 300 150 289 
496 519 100 315 297 531 60 371 180 429 
564 587 88 643 662 568 413 642 153 349 
382 65 606 130 1 10 291 244 135 18 
678 74 341 15 676 584 345 591 78 272 
477 552 372 106 697 578 203 400 179 37 
407 27 3 487 321 602 164 246 599 117 
340 502 271 63 343 529 282 557 577 325 
424 266 354 590 558 482 458 55 646 152 
216 82 488 191 41 101 527 421 184 255 
493 324 274 357 381 687 79 570 394 497 
29 412 546 339 442 518 544 674 391 415 
679 8 222 494 36 256 351 127 617 145 
262 285 620 419 83 91 242 696 463 126 
299 122 500 461 206 565 111 85 652 414 
107 435 689 87 633 243 350 700 377 667 
32 677 157 156 549 654 149 31 314 554 
586 359 295 167 386 399 120 469 483 252 
257 182 561 193 449 298 472 154 247 638 
583 605 58 90 12 637 375 173 395 402 
556 408 480 225 388 440 585 287 327 664 
171 517 601 202 383 389 434 468 607 33 
54 270 204 600 313 5 396 573 158 169 
680 275 253 528 604 168 437 50 104 20 
397 453 125 656 183 387 192 75 38 131 
129 360 174 610 334 404 506 511 490 484 
492 263 603 686 649 655 93 250 640 489 
376 368 337 61 542 682 616 516 363 264 
466 261 331 59 142 56 684 574 96 398 
136 563 49 347 423 189 105 290 121 592 
220 403 215 312 504 326 69 688 207 103 
427 373 536 670 533 165 132 608 507 240 
439 523 505 17 551 589 559 44 223 537 
9 23 67 609 567 19 632 650 330 251 
364 525 648 344 553 448 378 143 380 479 
613 320 249 134 425 311 535 227 647 474 
45 409 416 102 447 172 572 277 22 595 
39 644 695 66 200 140 231 454 580 114 
475 319 582 635 292 141 369 329 273 110 
462 598 455 464 218 232 303 211 24 509 
465 594 148 470 348 539 51 198 362 521 
25 89 699 401 309 199 98 195 283 322 
115 571 513 186 358 438 543 239 279 367 
639 161 524 43 302 34 53 177 457 7 
335 245 459 379 342 443 280 234 332 581 
393 40 236 123 28 224 666 46 6 422 
259 267 503 48 428 201 370 444 2 323 
47 576 636 669 575 478 76 99 11 690 
254 112 526 151 665 625 213 392 288 118 
166 294 426 485 432 13 629 301 355 685 
499 209 176 385 138 615 566 550 160 540 
361 317 30 219 698 668 692 94 178 307 
538 501 238 52 113 137 258 593 410 481 
197 155 693 659 532 133 80 406 433 445 
62 456 611 417 353 534 188 95 212 681 
691 420 545 310 217 346 618 214 190 268 
86 624 441 612 631 520 109 530 293 498 
21 352 14 163 328 4 541 596 338 230 
42 35 486 675 547 305 645 187 281 159 
296 81 366 588 365 181 185 304 627 651 
146 205 653 241 673 473 68 436 316 476 
491 229 452 514 336 508 210 495 471 194 
621 170 128 308 108 657 512 658 384 694 
622 
