321
0 110 132 46 310 283 63 311 83 212 
191 285 8 157 163 287 264 304 246 238 
239 225 102 2 166 197 88 307 134 213 
175 214 62 244 252 315 205 77 15 7 
301 174 232 69 227 123 114 99 109 206 
43 112 170 44 250 129 279 306 155 215 
9 33 125 273 230 22 131 154 130 226 
16 138 93 275 34 87 19 180 68 64 
12 189 237 298 115 118 37 292 147 257 
255 260 188 209 216 247 54 42 222 281 
67 150 263 284 160 14 120 84 143 308 
94 245 288 173 55 52 187 224 153 269 
149 56 303 156 122 75 48 148 145 53 
96 195 108 181 176 183 80 72 276 27 
3 70 103 45 300 231 196 186 167 294 
60 291 136 35 266 234 159 152 178 220 
241 28 49 65 274 58 25 21 256 162 
268 20 261 258 296 74 249 297 293 317 
201 199 210 236 128 6 313 271 23 85 
89 282 1 10 127 146 32 135 97 119 
182 78 100 133 229 277 36 79 254 286 
179 168 251 11 305 47 139 280 290 253 
161 169 177 137 76 320 228 24 41 272 
240 265 51 202 91 13 26 242 4 295 
319 164 116 312 233 113 218 211 5 259 
267 289 192 278 200 142 194 314 144 185 
57 121 140 104 223 98 71 198 17 158 
101 141 124 221 66 235 151 29 111 165 
243 262 190 203 86 270 126 95 107 106 
105 208 30 40 207 81 39 299 31 172 
316 117 217 193 90 219 171 38 50 302 
309 92 82 18 73 184 318 204 61 59 
248 
