161
0 77 94 93 44 117 148 144 85 41 
135 151 136 67 59 88 63 106 157 17 
119 16 89 130 72 108 45 33 9 111 
28 125 51 102 109 99 155 105 110 127 
26 20 123 24 122 43 15 84 53 54 
112 104 98 57 65 158 7 92 39 115 
8 55 73 60 114 49 5 90 97 69 
75 42 133 76 74 141 143 80 40 113 
160 70 19 12 78 154 91 50 64 56 
95 116 139 62 138 31 30 47 79 11 
101 83 46 6 52 142 71 81 23 1 
124 128 61 22 107 58 120 29 18 37 
3 32 2 153 14 147 36 152 131 96 
156 86 129 48 159 82 103 38 149 137 
150 10 68 35 25 132 100 145 87 134 
140 34 27 4 118 146 66 126 121 13 
21 
