1001
0 635 299 695 832 598 326 496 756 575 
630 3 885 930 705 451 702 676 185 172 
67 415 776 659 726 235 77 93 960 144 
789 893 922 553 434 373 581 269 321 112 
970 829 10 995 877 447 624 685 473 734 
5 265 318 214 347 357 342 212 884 560 
765 925 431 658 527 158 665 201 293 404 
270 671 561 380 437 387 757 790 481 972 
663 753 846 367 174 419 786 31 713 425 
418 245 626 872 484 517 498 937 208 748 
101 108 111 677 539 672 816 255 897 449 
716 414 369 590 682 749 2 840 254 889 
122 503 783 736 535 814 450 554 874 878 
109 621 24 941 528 794 636 854 842 698 
365 703 88 116 215 744 221 312 156 586 
797 428 359 604 186 263 486 837 315 23 
754 115 787 779 71 666 497 643 777 142 
799 985 241 364 683 988 59 979 94 920 
938 69 9 313 487 909 935 267 657 820 
570 723 140 627 615 100 252 184 556 183 
537 42 406 886 467 962 483 524 306 649 
762 440 35 540 873 95 631 464 525 173 
750 26 950 997 652 576 225 927 758 915 
444 981 149 335 319 508 751 891 519 712 
584 76 177 804 632 237 199 294 402 577 
772 362 63 801 243 102 903 879 961 821 
811 692 441 37 998 656 1 896 735 386 
806 628 996 474 994 709 795 121 644 133 
605 861 456 20 134 300 283 295 388 460 
564 641 217 165 248 360 1000 271 130 138 
119 638 354 647 222 740 610 85 153 408 
495 216 552 514 244 900 475 141 29 761 
341 687 699 89 27 60 296 506 399 7 
760 808 290 592 332 171 619 558 368 849 
202 193 70 72 231 780 131 593 207 48 
792 336 738 696 407 454 833 785 737 160 
54 796 571 436 110 262 728 330 57 377 
680 462 715 976 190 438 574 196 206 810 
314 148 640 272 825 848 926 655 413 766 
869 240 316 344 800 459 669 990 409 805 
479 16 986 259 30 569 674 504 522 913 
75 587 746 307 56 167 606 338 791 739 
382 292 422 984 639 745 224 355 117 526 
435 969 836 47 743 955 951 4 693 770 
803 400 472 429 170 856 954 169 253 936 
946 12 513 520 337 541 239 834 828 924 
596 146 949 256 500 40 482 906 613 53 
11 727 679 521 334 363 595 424 433 883 
128 607 96 991 74 394 691 697 510 33 
881 348 892 132 163 55 708 195 126 700 
534 899 557 907 432 793 374 823 264 917 
213 411 714 417 965 51 43 507 686 923 
323 22 720 902 297 650 588 405 978 612 
741 64 223 220 168 664 81 637 383 309 
476 544 139 176 818 395 356 229 457 802 
124 865 914 236 830 722 809 933 662 579 
523 499 381 203 114 898 618 99 911 718 
178 491 867 866 614 351 839 882 82 349 
684 774 41 549 19 391 634 469 396 730 
91 145 25 97 843 427 654 851 530 952 
747 62 853 322 916 945 629 546 529 331 
862 311 426 281 468 493 279 28 759 707 
135 403 597 445 987 384 218 983 547 401 
442 137 366 494 376 282 623 585 653 600 
827 258 942 603 127 944 729 555 660 678 
17 389 704 964 904 343 285 492 929 817 
284 345 398 219 609 769 260 545 198 617 
180 452 36 648 890 266 301 667 105 6 
79 905 106 602 918 582 838 317 463 152 
580 249 159 947 943 673 489 894 291 501 
446 430 251 44 15 559 470 583 531 675 
645 798 375 480 288 129 934 304 490 443 
227 651 711 875 717 358 123 107 423 518 
533 681 642 863 416 289 477 763 589 150 
488 857 161 175 136 189 273 78 542 661 
333 448 339 210 103 880 246 532 778 84 
841 18 578 599 752 850 275 280 755 372 
771 14 211 807 188 847 465 963 181 968 
83 286 971 908 73 563 155 731 325 298 
278 782 919 844 46 887 813 8 412 888 
420 90 781 993 234 310 611 668 959 594 
509 320 724 478 276 305 120 86 505 353 
616 204 277 572 125 860 706 61 835 230 
855 870 194 871 421 453 868 52 302 859 
164 162 931 858 733 999 238 328 826 154 
466 948 303 548 371 233 458 688 346 928 
104 568 228 566 485 66 822 502 471 633 
710 226 268 166 550 143 958 151 455 815 
50 876 34 967 512 953 247 461 261 157 
819 543 200 562 773 721 670 538 324 287 
895 209 511 308 98 113 768 516 439 824 
385 179 187 32 551 690 45 701 831 536 
38 65 742 352 80 350 977 852 58 192 
392 989 921 732 379 601 13 410 957 49 
932 775 397 812 940 622 21 974 274 901 
912 191 689 68 242 719 361 788 573 694 
182 567 982 620 725 646 591 205 232 764 
992 767 515 197 608 378 370 910 939 340 
864 39 565 390 625 845 975 250 118 966 
327 92 257 393 973 980 87 956 147 784 
329 
