1001
0 958 897 876 734 556 795 385 260 8 
759 412 838 576 120 757 703 191 983 439 
174 746 939 386 515 760 325 948 729 128 
410 480 323 477 963 350 428 44 232 357 
828 418 778 459 118 758 226 403 864 901 
507 294 426 180 870 21 543 654 832 735 
135 178 846 291 367 519 884 981 26 861 
304 634 354 582 839 217 627 246 766 105 
80 404 925 689 126 452 148 311 660 139 
270 238 822 54 116 677 615 762 137 254 
781 943 683 753 548 803 512 649 699 351 
671 743 829 969 94 114 842 463 912 639 
673 739 779 681 659 397 76 888 885 25 
381 300 258 787 435 724 931 913 22 486 
909 384 98 695 454 344 865 642 187 483 
915 632 558 375 104 356 854 177 820 973 
353 434 317 798 609 872 667 421 688 623 
603 570 219 975 597 499 446 522 607 389 
15 708 236 874 299 964 301 416 793 498 
905 409 461 697 907 742 587 476 77 5 
856 812 555 194 506 455 606 57 531 550 
362 93 993 733 906 450 489 493 840 982 
34 196 339 103 380 55 889 36 588 62 
977 631 281 848 332 643 989 37 904 378 
547 756 578 52 491 458 635 950 69 826 
601 998 595 83 727 257 626 374 18 946 
910 295 202 700 613 449 710 895 784 387 
592 487 216 596 169 329 768 63 717 78 
511 996 441 751 892 433 640 327 158 197 
859 263 243 796 150 648 413 530 722 396 
662 377 2 467 277 394 690 40 206 147 
625 867 850 425 877 274 871 392 765 736 
890 728 319 165 552 189 657 402 14 652 
89 716 210 821 49 276 419 364 240 937 
501 956 534 138 265 929 473 526 573 346 
328 704 770 490 527 566 453 19 600 151 
166 719 533 824 132 443 333 255 557 723 
371 60 844 266 951 372 456 142 936 959 
952 562 883 130 934 309 192 715 782 953 
282 549 391 691 966 997 800 335 523 211 
193 12 315 290 188 250 13 707 306 891 
223 629 575 581 927 460 830 390 539 181 
811 225 215 505 536 199 665 343 119 881 
393 336 475 809 209 154 355 334 624 755 
79 75 559 862 702 568 101 360 561 370 
182 694 911 156 99 679 880 788 271 580 
540 869 3 251 172 96 496 249 810 814 
33 365 127 71 437 698 205 424 563 81 
190 448 732 275 414 312 342 805 338 737 
23 92 916 564 713 373 611 297 775 774 
940 86 875 43 630 233 170 569 834 159 
608 815 745 417 941 106 553 61 273 902 
706 995 186 789 321 411 574 986 537 269 
1 924 641 146 696 664 469 316 908 967 
90 682 214 87 474 656 610 221 945 198 
544 27 653 514 857 738 289 922 349 310 
405 48 873 807 253 900 617 85 91 761 
59 479 799 711 776 585 992 879 868 972 
400 692 510 296 565 134 141 849 529 200 
621 813 64 686 674 383 731 395 465 684 
818 747 786 783 72 171 369 9 521 930 
636 750 168 348 970 845 176 974 914 622 
938 244 28 645 866 153 149 308 175 819 
423 471 167 538 817 987 438 110 245 305 
546 497 612 230 748 726 231 863 292 899 
988 280 687 358 451 47 478 887 286 903 
115 320 586 326 923 17 283 693 444 347 
436 32 363 860 179 56 701 932 752 843 
144 95 314 532 406 584 705 894 528 837 
560 535 825 823 590 113 484 427 31 593 
140 185 744 933 508 831 954 111 928 268 
567 554 415 279 50 518 678 730 513 851 
161 288 237 772 388 322 935 84 577 67 
836 994 331 124 754 457 278 500 252 82 
88 143 262 361 224 10 637 666 647 790 
771 472 485 858 398 207 46 676 482 408 
341 303 525 599 488 794 644 51 468 720 
985 618 741 11 503 675 878 302 896 802 
833 204 239 440 571 117 827 318 791 337 
646 429 242 229 218 495 447 773 152 131 
222 541 359 594 58 764 184 307 968 330 
470 957 442 780 1000 542 516 201 261 616 
4 886 70 121 20 401 6 35 163 604 
668 712 949 345 228 195 256 42 376 962 
650 100 108 287 264 978 248 619 663 685 
66 853 129 980 432 680 984 583 816 97 
579 39 524 638 893 509 41 24 763 602 
340 960 102 430 806 651 769 855 73 504 
882 961 605 379 155 979 841 991 162 725 
852 898 352 208 847 835 313 591 492 213 
520 399 749 740 123 920 628 481 324 921 
551 620 971 7 30 285 767 420 808 235 
955 125 614 259 661 462 589 777 29 145 
572 220 227 272 801 502 109 368 797 965 
422 122 212 494 173 944 466 464 298 241 
366 38 709 926 714 947 203 407 45 445 
234 267 68 160 65 598 976 112 293 16 
670 247 669 792 382 157 918 721 658 545 
183 990 655 919 942 517 804 718 999 917 
164 133 107 284 431 672 633 785 136 74 
53 
