1001
0 15 87 929 72 768 198 824 415 979 
558 889 26 816 837 993 323 518 165 128 
604 83 546 978 329 758 282 511 841 61 
467 961 821 151 184 270 590 899 489 977 
911 295 703 649 450 149 572 232 828 996 
486 243 891 3 953 626 636 963 148 458 
437 822 717 125 696 420 553 686 778 244 
928 564 332 284 834 691 602 711 986 775 
442 292 350 20 504 548 931 394 777 296 
357 56 132 630 814 208 661 581 648 242 
506 528 253 921 119 217 104 732 972 844 
829 209 159 865 154 767 727 854 515 830 
460 505 480 906 462 728 898 392 832 689 
411 782 971 706 690 495 851 793 789 868 
169 482 621 617 709 215 559 757 908 368 
826 167 108 999 89 223 847 303 240 272 
35 878 930 145 599 235 431 231 110 211 
155 662 77 713 513 317 146 524 523 537 
491 985 438 610 574 307 179 619 913 542 
79 945 958 142 381 839 748 261 55 897 
923 612 371 665 509 483 161 556 186 872 
210 298 613 674 935 920 719 315 19 38 
490 428 239 863 609 309 271 729 755 987 
408 735 968 276 808 266 960 192 246 327 
234 982 707 663 52 103 742 651 410 113 
5 890 769 896 540 452 230 13 579 372 
848 716 153 432 876 330 473 521 376 92 
294 454 50 118 600 608 857 746 589 492 
570 406 766 367 543 652 910 666 29 285 
567 200 446 160 17 173 508 582 403 325 
774 628 91 356 522 224 620 255 926 344 
45 351 122 668 730 516 443 305 121 900 
724 263 752 763 593 646 331 611 918 181 
893 677 712 84 922 731 364 9 992 879 
453 632 436 541 950 973 414 639 754 338 
140 49 645 585 23 647 995 673 785 359 
502 846 278 476 803 794 14 343 914 274 
623 909 637 737 44 715 457 573 799 306 
328 1000 871 936 463 347 494 123 943 517 
819 275 784 321 8 53 788 10 340 341 
114 701 671 692 195 594 765 370 790 477 
421 895 562 493 33 314 407 795 468 391 
919 507 653 629 136 199 576 721 862 535 
538 551 248 485 714 133 172 858 129 875 
571 869 745 426 809 214 941 226 286 578 
369 57 787 251 915 853 27 193 164 85 
95 947 884 568 722 326 139 526 238 779 
219 65 694 850 514 435 536 815 218 205 
302 150 36 791 21 345 642 678 349 196 
497 733 260 749 804 433 398 624 86 455 
135 534 798 390 849 308 984 660 625 683 
177 957 751 859 643 503 206 111 380 855 
907 965 448 685 552 182 107 998 249 46 
861 967 157 881 792 964 657 291 404 1 
991 635 64 112 962 228 966 141 672 638 
705 983 288 687 409 631 838 852 90 776 
319 887 566 93 22 756 577 360 137 71 
97 254 597 664 250 312 170 106 424 413 
358 100 166 478 937 934 583 902 990 658 
980 561 300 970 981 386 32 138 213 322 
886 704 70 60 866 191 43 496 565 734 
764 883 116 225 168 336 925 449 969 400 
481 472 451 864 780 655 894 304 290 519 
988 580 397 66 499 710 479 650 545 4 
28 76 366 117 634 25 425 877 401 797 
831 227 378 355 354 601 682 772 34 158 
591 39 283 471 708 127 48 820 975 54 
374 633 237 587 956 178 41 81 669 487 
843 373 337 264 257 352 681 952 927 598 
726 488 954 695 189 301 520 361 185 498 
656 362 693 430 720 588 171 531 280 659 
845 786 212 130 796 176 175 396 134 88 
287 190 640 183 584 377 115 627 187 833 
68 532 874 802 818 741 698 739 955 939 
456 78 512 892 557 241 762 812 267 942 
761 75 384 740 229 607 470 827 37 269 
24 461 258 147 429 835 180 47 262 806 
959 395 105 245 592 197 700 575 82 162 
901 880 459 342 375 924 247 194 333 427 
393 747 759 144 842 836 817 870 80 676 
484 500 268 550 605 58 743 905 236 126 
445 265 736 622 510 760 667 465 418 946 
16 723 289 807 334 439 873 569 273 382 
203 783 365 750 385 67 547 96 256 529 
904 530 466 771 59 801 389 867 388 823 
318 74 299 702 99 680 697 324 101 69 
51 614 124 201 163 40 320 293 903 770 
441 616 688 12 109 204 202 7 207 744 
813 641 102 419 422 781 684 402 31 363 
949 679 989 753 885 143 120 379 417 773 
976 474 525 940 233 933 252 654 335 501 
440 346 555 882 152 951 297 539 94 412 
944 644 311 339 533 310 595 313 18 387 
30 399 810 560 618 974 606 563 405 840 
670 42 699 932 188 434 2 675 279 888 
917 447 800 860 156 98 856 281 586 383 
825 63 596 222 423 916 469 527 216 174 
738 277 938 62 805 948 259 475 997 131 
221 718 220 316 348 725 994 603 353 912 
444 544 6 73 615 549 416 811 11 464 
554 
