1001
0 503 46 993 1000 938 731 970 266 211 
833 398 20 4 537 83 873 307 341 263 
563 15 784 725 588 127 143 63 514 632 
596 683 981 958 622 612 430 774 988 231 
695 882 84 237 936 983 226 268 396 14 
682 188 279 618 557 7 656 639 264 610 
67 888 772 92 189 80 621 992 789 339 
300 843 79 957 28 41 782 499 465 123 
576 421 355 561 956 61 705 819 593 40 
544 258 792 941 381 783 581 788 159 472 
918 70 569 748 158 65 714 38 19 332 
59 790 730 800 280 338 669 741 806 724 
997 350 115 144 180 616 842 135 415 33 
340 71 397 550 179 354 95 11 9 822 
77 990 685 769 48 530 657 495 44 449 
584 27 935 628 749 113 468 287 835 308 
470 172 640 696 348 345 448 72 518 719 
440 718 498 309 29 709 409 809 854 908 
505 155 170 82 845 901 190 241 892 32 
649 914 837 996 173 831 261 23 97 361 
760 577 22 117 528 18 2 633 868 688 
979 436 358 605 494 710 735 490 987 869 
995 896 665 30 659 871 373 539 229 366 
10 571 463 803 230 437 851 623 921 675 
335 31 509 360 870 736 320 502 225 145 
757 607 451 849 461 752 663 376 60 836 
655 919 54 962 721 387 356 408 797 273 
49 589 210 310 370 716 8 277 191 274 
93 959 333 118 259 660 244 606 35 183 
242 216 66 738 985 551 453 426 227 96 
631 194 658 390 945 587 378 299 138 141 
52 103 828 157 817 289 203 944 747 435 
383 963 219 196 568 699 746 578 443 441 
199 743 894 312 617 614 814 776 546 991 
304 337 288 175 648 336 140 478 284 932 
922 111 74 722 602 413 120 732 781 672 
132 630 795 214 400 271 267 704 810 818 
766 913 604 960 694 301 420 154 425 25 
176 684 597 701 624 978 42 424 745 251 
552 343 255 407 567 76 702 907 56 125 
104 349 700 951 89 276 223 708 967 598 
950 328 139 939 798 762 678 565 429 590 
406 232 473 859 805 974 218 481 572 50 
898 243 161 488 270 890 329 151 929 248 
966 362 641 447 778 839 753 642 548 926 
545 707 438 507 510 801 673 533 953 474 
846 137 245 608 296 439 902 178 136 763 
900 423 874 186 146 860 334 775 64 609 
367 108 899 611 208 754 620 728 880 39 
306 758 249 671 395 531 713 234 404 734 
403 812 823 133 687 877 905 116 177 326 
365 457 525 924 573 86 566 764 197 765 
603 834 856 352 389 881 185 98 827 542 
553 693 949 385 570 110 830 897 865 740 
816 691 863 13 3 638 469 414 820 422 
524 582 62 826 535 558 162 247 213 167 
521 212 785 915 303 674 375 934 864 94 
483 727 689 580 844 174 458 662 388 327 
698 454 508 192 292 5 200 715 142 285 
887 737 148 106 130 679 482 883 973 634 
904 487 253 875 841 278 515 527 254 927 
17 286 931 791 275 88 876 220 625 513 
511 460 574 467 761 187 506 794 53 591 
37 555 152 298 238 711 302 43 160 692 
475 207 824 262 975 756 485 599 867 431 
295 459 34 323 838 134 201 58 637 446 
477 377 666 357 504 497 878 164 444 325 
405 73 848 193 419 906 787 583 297 526 
972 291 450 986 560 664 777 24 676 647 
316 114 954 855 204 169 594 832 543 235 
852 977 12 677 324 994 317 538 925 410 
739 411 246 779 857 417 729 165 386 224 
184 256 331 428 520 202 85 750 644 131 
547 999 815 105 351 723 534 372 706 432 
626 893 947 68 484 500 519 265 168 305 
239 293 434 479 433 872 793 866 697 516 
294 595 917 652 629 767 891 645 445 532 
257 153 171 770 965 821 554 182 195 916 
733 562 102 379 971 955 670 369 540 847 
771 75 91 462 517 928 636 368 476 392 
529 536 952 330 976 122 456 909 394 412 
923 799 615 47 399 319 804 690 466 442 
651 946 455 391 393 314 222 559 635 980 
726 126 910 541 90 221 937 680 99 119 
811 650 654 163 592 346 342 281 496 807 
501 668 492 712 661 575 228 283 998 825 
16 21 272 311 344 512 371 948 129 585 
51 1 556 627 363 646 858 209 359 55 
579 601 315 150 686 522 717 252 968 933 
549 940 166 884 840 128 667 112 964 109 
489 703 452 885 808 269 600 984 564 45 
402 260 353 768 861 380 198 491 829 205 
751 382 100 911 895 240 206 101 653 862 
742 886 759 486 384 347 121 322 780 250 
920 493 912 480 149 416 969 471 233 57 
124 282 78 903 69 418 26 147 181 961 
87 81 744 321 796 107 813 989 889 850 
290 236 853 464 720 643 786 374 313 755 
681 6 613 217 523 930 802 982 879 942 
215 773 36 943 156 401 427 318 619 364 
586 
