321
0 103 173 245 25 29 193 289 196 246 
179 20 58 41 269 210 252 164 238 249 
121 170 261 54 169 308 279 141 317 73 
9 1 86 188 239 19 231 77 123 55 
35 2 106 11 43 315 136 243 236 8 
217 125 102 218 118 42 266 46 89 192 
38 233 159 259 282 278 93 175 75 185 
260 272 235 135 320 297 128 61 186 303 
62 10 258 280 100 208 273 200 12 276 
6 112 214 284 57 220 140 222 219 184 
292 195 115 53 36 152 205 232 275 251 
31 40 81 69 209 277 142 149 161 105 
52 158 201 166 257 33 146 293 311 189 
144 67 262 306 199 202 109 24 101 147 
176 14 237 227 240 298 242 111 230 216 
145 203 132 27 318 270 225 285 92 163 
215 59 229 156 130 256 281 213 288 310 
28 56 244 122 34 183 148 70 108 207 
198 131 223 234 162 116 313 7 224 294 
287 274 305 13 167 3 87 74 114 151 
212 304 4 91 174 17 85 51 107 79 
82 30 263 139 307 76 291 134 65 50 
165 177 98 271 88 126 26 16 316 23 
267 226 168 299 71 133 5 99 187 129 
124 117 250 221 265 96 180 21 295 84 
18 172 314 45 211 206 268 157 264 241 
143 182 127 302 181 178 286 64 66 48 
204 301 94 22 39 15 113 290 300 247 
312 319 78 72 37 63 90 254 49 150 
68 47 95 248 138 44 120 32 228 191 
110 309 153 97 194 154 80 104 60 253 
190 197 255 137 155 119 83 283 296 160 
171 
