501
0 247 276 425 356 332 493 288 219 148 
422 361 109 375 253 283 387 325 498 129 
220 310 66 445 482 290 315 420 30 368 
297 321 304 101 179 19 271 84 403 369 
298 217 25 379 397 476 351 188 10 126 
338 427 381 149 157 385 358 279 130 97 
57 344 94 191 50 70 451 446 469 93 
45 128 480 166 333 86 460 192 1 435 
246 399 249 447 154 153 83 433 108 388 
202 295 330 386 294 27 282 142 208 232 
47 395 475 418 89 341 314 270 377 417 
496 73 305 301 307 312 359 464 221 123 
383 244 200 63 251 42 16 12 334 197 
275 209 185 274 254 146 437 318 55 291 
286 313 494 107 302 137 374 410 167 15 
183 72 151 117 115 227 119 413 454 327 
355 175 300 440 230 20 103 76 163 4 
33 240 357 471 91 71 412 360 373 488 
210 252 324 396 467 456 199 408 439 225 
468 414 367 214 319 340 222 143 449 407 
343 329 466 337 245 104 352 138 287 121 
54 13 415 242 112 216 198 382 164 278 
203 81 144 250 235 223 211 465 194 22 
463 75 436 11 213 6 95 491 394 46 
345 285 152 376 499 261 362 293 201 7 
236 462 239 458 207 102 316 483 424 44 
78 237 150 28 459 365 48 453 442 145 
8 173 363 24 457 421 23 114 398 401 
116 77 51 438 389 452 162 147 127 155 
36 100 443 474 289 328 348 495 472 170 
96 40 160 99 478 277 320 416 67 161 
490 180 140 193 309 346 434 263 380 326 
402 39 69 268 423 17 2 264 260 259 
132 206 205 266 455 481 124 5 256 61 
172 444 419 347 306 168 113 131 323 411 
243 390 228 56 136 190 284 178 353 370 
473 110 299 384 52 35 248 32 21 59 
177 212 311 371 74 265 49 292 281 37 
331 122 135 38 489 317 461 159 171 393 
141 296 233 134 280 477 441 139 492 429 
432 34 187 120 364 196 92 90 479 234 
409 231 53 215 470 267 497 82 26 272 
156 308 85 350 378 226 484 68 269 65 
339 450 189 273 322 182 500 400 181 184 
426 41 87 158 335 111 448 485 257 60 
169 58 174 487 349 430 9 405 224 98 
258 176 195 391 80 218 106 31 428 366 
43 336 62 105 354 342 3 404 133 64 
29 229 18 406 392 431 241 88 372 255 
14 486 262 303 125 204 118 186 79 165 
238 
