1001
0 363 575 627 589 170 548 18 338 832 
861 115 986 919 167 137 711 29 289 531 
177 878 660 146 610 318 829 452 142 84 
892 894 135 722 787 931 60 721 873 260 
600 569 969 521 723 735 971 574 706 465 
571 956 853 775 903 804 516 96 11 993 
769 854 317 264 422 813 555 582 39 944 
726 824 95 679 390 147 573 808 1000 617 
976 818 524 328 503 505 939 78 640 312 
587 367 598 123 183 394 773 333 223 759 
538 399 742 499 389 68 975 198 692 120 
308 161 80 496 286 43 291 50 106 984 
611 585 222 550 616 340 590 3 520 350 
947 453 419 997 283 739 280 767 533 191 
888 67 174 868 122 102 840 577 545 425 
130 925 215 230 209 628 336 302 166 471 
908 672 403 474 724 686 87 23 502 361 
651 817 977 114 281 473 523 647 941 251 
732 792 352 750 392 654 713 543 314 407 
14 244 360 802 728 820 648 82 9 246 
779 634 842 293 605 243 883 408 937 301 
118 484 772 841 765 812 635 267 46 893 
626 176 556 988 579 511 655 591 827 295 
103 449 69 714 823 688 963 306 831 178 
871 901 630 59 256 86 797 849 710 30 
652 186 420 747 518 369 677 334 961 8 
770 584 225 948 356 696 117 980 768 716 
439 434 867 753 374 51 801 843 397 83 
834 461 332 269 667 258 45 532 458 330 
663 974 373 932 910 279 887 391 712 344 
446 462 586 837 250 442 348 92 226 946 
922 799 978 982 870 487 241 839 342 670 
643 460 220 700 957 162 559 500 349 741 
321 979 912 720 329 821 507 795 187 199 
785 819 563 278 954 553 305 838 139 613 
633 88 629 810 972 58 486 642 282 606 
850 534 5 315 218 657 111 459 415 216 
210 417 375 65 445 418 272 943 437 173 
109 238 427 755 36 197 562 398 49 240 
778 592 28 63 42 757 184 942 254 551 
381 16 547 690 637 911 297 320 886 192 
456 231 752 163 13 920 856 355 930 512 
478 959 148 994 325 97 828 32 310 698 
468 457 674 625 429 203 271 522 558 34 
311 703 846 800 685 482 213 738 761 41 
874 751 265 343 383 35 20 539 492 955 
455 307 717 217 882 430 708 733 612 119 
132 206 881 379 576 806 221 451 327 396 
567 614 645 604 27 624 737 536 339 743 
296 62 421 294 890 783 171 413 270 540 
725 138 64 921 572 872 760 552 926 188 
791 833 681 57 546 593 55 52 639 777 
89 825 514 623 266 25 143 934 788 951 
701 830 347 168 196 898 19 4 54 907 
185 112 467 110 744 26 662 749 915 127 
277 776 239 180 134 40 754 378 928 960 
615 164 877 764 668 771 603 913 432 370 
940 622 694 346 880 691 498 273 237 608 
475 7 561 865 443 249 489 896 351 580 
862 304 107 31 774 201 257 38 594 128 
61 933 673 497 917 410 564 470 906 945 
287 200 252 345 638 866 936 275 510 929 
412 864 298 189 56 619 190 387 875 815 
671 466 2 805 656 341 918 621 506 992 
798 879 632 406 858 261 676 682 150 989 
94 529 709 477 153 885 965 108 766 653 
869 362 376 680 126 847 964 21 416 450 
649 987 566 441 697 508 966 464 172 814 
247 699 435 949 796 129 236 900 999 204 
386 476 568 658 583 255 519 364 758 335 
535 923 53 104 402 175 734 319 337 382 
897 541 595 876 22 884 377 578 228 809 
973 154 262 253 235 401 454 990 98 848 
101 202 151 891 702 159 313 73 100 208 
715 756 91 366 292 323 495 745 607 182 
438 675 229 70 731 483 393 863 889 602 
331 268 358 436 194 71 515 822 730 368 
493 405 527 353 409 719 998 852 357 181 
790 105 322 384 707 729 324 646 472 793 
372 433 718 169 588 242 1 326 661 845 
224 916 76 669 958 952 160 447 156 426 
904 212 488 290 504 596 914 851 158 388 
74 423 860 179 763 967 995 193 205 599 
554 794 66 90 316 844 748 970 232 494 
93 953 463 816 895 570 557 431 693 684 
404 24 165 855 145 935 140 113 509 141 
227 597 300 501 689 560 542 428 136 968 
469 380 565 124 448 985 359 211 905 807 
371 299 705 149 133 927 411 513 636 400 
490 664 17 274 899 480 859 687 803 85 
6 276 836 826 234 81 991 526 15 618 
440 214 835 780 857 12 666 44 491 195 
746 157 609 259 131 48 620 155 962 121 
479 37 248 784 678 740 79 786 762 99 
385 444 781 354 631 938 424 125 395 811 
33 116 996 207 245 683 414 303 981 288 
263 72 581 537 924 481 736 284 525 144 
601 219 704 47 659 530 485 152 528 650 
983 544 517 233 77 727 365 909 789 285 
902 10 665 641 950 644 309 549 695 75 
782 
