501
0 367 32 4 33 148 315 293 344 74 
355 307 188 20 267 2 19 177 170 366 
494 34 493 129 238 430 422 290 382 233 
457 462 136 376 189 282 200 172 227 417 
364 46 71 140 338 197 361 255 375 359 
6 330 269 205 17 305 401 243 37 399 
263 26 323 333 105 209 244 120 141 386 
119 229 196 85 388 455 332 436 486 317 
322 210 225 154 471 335 214 203 362 306 
470 351 448 171 7 215 158 299 291 404 
14 183 278 43 474 320 104 239 39 345 
245 443 142 337 313 116 249 402 403 336 
138 393 41 206 220 99 48 28 341 452 
296 8 419 385 111 134 266 262 90 459 
488 475 275 113 146 480 360 250 167 223 
365 310 424 256 193 135 216 121 356 11 
62 150 133 221 445 1 289 194 342 415 
444 61 281 164 228 477 31 492 98 258 
207 465 260 73 389 270 10 327 295 144 
112 395 103 16 25 466 280 372 54 231 
242 257 84 180 59 442 358 261 159 431 
82 175 370 30 498 110 500 391 94 157 
131 92 101 423 283 151 453 179 38 27 
276 394 339 483 326 106 473 265 319 352 
102 357 156 57 374 76 236 273 288 425 
412 22 303 232 340 343 212 13 324 308 
139 286 176 460 407 75 495 9 469 95 
420 346 108 428 440 24 64 437 472 109 
398 449 384 77 234 405 70 125 192 349 
489 400 377 434 173 426 259 450 118 122 
413 132 44 248 277 60 237 387 490 166 
88 145 202 264 55 72 52 190 155 464 
438 484 53 195 311 414 235 433 268 312 
208 439 51 334 285 152 300 446 65 463 
246 368 3 379 78 353 23 409 435 45 
411 331 316 302 406 479 328 127 254 454 
240 211 272 251 56 186 224 418 67 297 
218 69 432 147 114 79 478 241 347 363 
165 130 325 292 137 181 126 217 499 247 
354 97 163 318 149 96 230 304 36 123 
294 80 274 49 467 416 128 381 487 481 
160 219 162 81 309 373 12 329 458 91 
66 168 279 350 185 485 427 284 89 429 
100 271 378 107 213 42 408 392 396 50 
187 83 143 497 68 199 226 447 87 287 
321 153 298 204 482 117 93 18 169 380 
86 390 441 182 15 63 397 178 301 29 
5 461 184 174 191 161 40 348 21 491 
115 252 124 369 496 47 410 371 314 421 
451 198 222 58 383 253 201 468 456 35 
476 
