501
0 257 415 124 341 150 234 431 337 426 
83 321 395 495 387 417 339 88 38 309 
182 218 280 97 106 151 189 490 87 291 
472 133 134 491 379 275 271 160 120 270 
376 477 256 68 403 241 405 2 424 442 
274 207 381 110 86 460 166 350 121 79 
399 267 386 11 284 461 467 116 400 262 
74 70 153 372 441 135 401 362 250 1 
62 255 92 419 384 222 210 96 247 40 
253 485 345 371 355 232 364 3 375 389 
480 482 454 325 368 377 194 411 427 276 
398 37 65 322 107 323 457 231 319 281 
324 144 302 140 338 242 21 67 245 139 
259 206 237 155 165 354 125 235 34 152 
318 142 179 190 392 289 7 370 78 13 
468 59 84 109 53 205 412 410 488 168 
8 466 406 248 216 32 333 35 143 299 
36 447 30 18 50 94 344 451 494 187 
4 80 486 208 365 136 438 145 273 272 
141 320 307 430 129 188 69 126 130 305 
343 496 263 219 361 104 212 404 414 374 
5 407 366 99 174 178 159 71 484 162 
304 29 402 127 336 101 261 177 12 432 
224 380 115 108 393 149 202 332 146 357 
221 499 217 45 470 63 225 481 15 296 
425 445 82 335 169 311 56 440 423 16 
500 342 196 230 60 214 434 167 483 198 
327 42 39 353 313 498 487 443 437 367 
418 444 292 303 258 55 57 44 290 300 
293 464 416 19 306 391 308 164 463 295 
301 157 448 209 114 446 428 465 186 233 
103 23 204 201 51 229 14 118 439 119 
356 183 458 122 17 47 89 286 316 347 
363 277 147 46 266 408 369 378 310 315 
352 478 330 456 471 239 117 180 492 388 
397 75 420 413 172 90 184 170 197 396 
252 360 123 195 58 349 358 43 359 340 
132 317 33 72 199 173 100 452 385 394 
49 351 25 77 22 41 328 76 260 211 
228 52 254 455 240 64 91 137 95 479 
163 128 158 493 193 175 200 131 238 453 
285 20 31 26 422 61 81 171 102 329 
191 334 489 450 227 476 382 269 226 469 
54 236 409 346 288 294 475 435 111 264 
176 297 331 181 213 28 105 48 373 383 
93 459 436 279 474 24 185 138 27 314 
148 66 85 112 192 10 6 287 156 113 
265 154 9 220 298 497 98 161 433 243 
283 73 473 348 203 223 449 244 268 462 
278 326 429 249 390 215 251 312 282 246 
421 
