501
0 389 498 123 379 349 334 391 461 241 
21 442 205 343 147 360 110 397 189 20 
117 262 284 209 225 290 48 329 289 272 
63 385 416 74 88 395 375 403 499 450 
359 454 58 60 444 116 248 188 44 155 
253 481 326 113 489 35 439 345 261 256 
411 426 18 420 75 33 226 90 98 186 
333 373 82 211 112 335 71 320 32 84 
462 137 431 453 13 479 204 95 443 8 
139 292 480 278 76 39 173 483 259 340 
201 86 414 170 350 184 163 240 306 338 
53 296 286 154 101 157 175 316 152 280 
456 236 19 10 435 128 61 233 282 6 
469 346 467 104 246 219 415 458 136 220 
466 363 495 312 386 2 40 15 73 251 
169 260 330 487 27 150 87 427 434 376 
149 448 476 430 484 194 319 138 42 490 
223 257 180 267 305 392 357 301 11 5 
309 7 237 410 283 308 156 354 161 331 
102 208 471 118 16 293 500 307 24 64 
1 401 492 221 497 378 322 56 210 372 
80 57 146 287 254 390 452 491 425 206 
459 356 111 339 311 141 393 217 92 447 
119 200 300 68 143 176 365 406 168 62 
162 402 463 183 428 432 488 318 422 250 
171 4 124 437 218 273 429 70 153 367 
144 413 213 371 341 106 28 388 288 239 
460 314 151 277 440 396 478 114 145 472 
398 197 120 405 285 295 327 65 362 258 
51 324 179 231 263 315 52 245 66 381 
417 317 142 271 482 54 457 59 198 34 
348 342 55 191 105 358 255 325 97 187 
181 418 77 408 50 85 281 177 190 182 
158 227 31 412 441 89 148 167 67 438 
29 26 132 383 22 486 297 404 477 224 
279 380 269 126 353 38 192 96 465 228 
130 131 41 485 303 399 25 323 242 235 
172 384 229 436 352 252 382 69 43 304 
369 270 12 244 99 215 216 122 214 103 
78 451 46 135 249 14 421 328 72 100 
407 377 474 140 199 238 344 115 464 164 
445 368 424 234 185 275 310 298 30 133 
347 17 449 419 394 203 36 121 212 291 
166 107 222 165 108 336 264 433 321 47 
475 366 302 337 125 423 79 276 232 83 
409 127 207 45 178 174 370 37 247 470 
243 129 294 230 374 274 266 473 496 494 
9 387 109 93 193 455 400 446 268 361 
265 196 351 332 313 299 49 160 91 468 
159 81 202 195 23 355 364 3 493 94 
134 
