251
0 48 176 142 2 43 90 201 225 175 
24 185 108 115 77 245 236 109 106 207 
188 13 224 56 44 57 95 235 96 163 
239 246 67 76 84 5 78 1 240 208 
68 249 119 219 19 206 158 47 164 228 
27 144 238 31 116 149 126 51 8 101 
10 114 35 89 59 193 152 183 61 123 
94 82 177 121 73 148 54 3 83 49 
205 216 215 214 129 99 138 186 155 173 
117 105 91 97 145 229 180 60 33 159 
118 153 218 168 4 41 42 170 28 140 
135 93 58 11 169 34 189 161 75 222 
14 199 165 130 32 86 100 174 196 242 
50 190 184 88 194 125 12 178 36 141 
212 156 250 87 213 182 179 227 17 65 
63 187 37 55 192 160 25 195 248 230 
154 120 200 166 137 211 146 15 203 150 
127 16 128 198 197 223 52 26 107 85 
243 234 220 233 157 46 241 204 104 9 
74 202 18 7 122 79 39 113 247 134 
112 80 151 81 66 139 23 209 20 136 
132 45 111 226 244 53 29 30 70 210 
102 143 71 133 62 110 98 21 40 232 
221 172 131 22 6 237 38 217 162 191 
231 69 171 92 181 147 103 72 124 167 
64 
