501
0 375 274 403 41 179 266 98 236 8 
447 72 472 422 415 492 336 101 235 94 
172 288 1 154 196 387 102 251 77 103 
240 407 104 412 484 83 498 148 219 326 
216 297 319 52 178 162 363 277 231 256 
232 257 383 183 112 174 185 93 491 289 
400 34 500 460 348 450 489 264 296 303 
469 300 229 362 313 202 438 445 436 409 
42 448 380 260 462 487 54 244 210 356 
100 223 350 157 361 2 70 258 410 95 
374 158 18 239 245 214 51 437 14 360 
429 20 217 376 444 29 306 188 207 181 
457 199 325 343 86 424 119 353 182 45 
248 203 467 129 333 118 475 143 208 106 
230 193 358 331 137 167 413 220 187 427 
5 355 114 36 221 425 307 63 454 31 
186 323 19 295 357 341 441 33 163 342 
351 169 237 234 499 252 443 273 211 109 
299 314 370 225 122 222 253 171 12 479 
88 379 61 371 286 275 488 330 149 68 
28 170 420 435 78 329 392 107 177 117 
346 25 75 298 161 27 56 301 339 263 
205 81 401 24 381 142 269 486 159 368 
9 302 47 74 471 3 310 249 373 60 
463 390 16 282 87 76 404 121 226 99 
11 406 141 442 65 347 150 108 15 140 
59 123 92 261 439 152 50 80 304 17 
82 327 377 477 421 165 337 38 180 312 
485 228 66 209 473 233 397 316 455 40 
335 459 284 243 190 241 490 191 166 10 
247 423 419 276 388 416 204 53 332 352 
345 145 254 458 206 189 483 124 89 402 
213 365 7 494 321 126 67 238 270 493 
242 408 195 146 294 176 287 322 175 372 
64 320 201 432 265 168 155 37 215 127 
389 496 349 43 283 468 482 279 164 272 
22 334 434 144 384 23 110 255 132 394 
430 399 62 414 49 418 133 262 134 147 
90 426 395 344 105 367 293 268 446 396 
495 280 200 340 281 465 46 474 391 224 
386 13 291 324 156 44 328 428 227 497 
184 32 21 116 198 30 139 69 461 6 
453 398 466 194 48 378 4 120 73 79 
218 359 456 369 35 417 153 128 151 478 
433 115 85 97 405 26 480 354 173 364 
71 57 197 267 39 382 476 393 250 451 
309 131 96 91 278 160 285 315 481 212 
311 192 292 113 58 271 366 308 464 449 
111 411 138 452 338 136 135 318 125 440 
259 305 290 431 130 246 317 84 470 385 
55 
