321
0 86 276 296 3 160 175 119 277 21 
133 124 290 155 120 122 118 306 311 84 
45 46 257 270 115 159 39 300 135 130 
241 208 238 37 278 36 65 218 150 99 
269 282 152 113 274 166 232 10 104 253 
30 266 234 195 56 281 271 63 126 221 
72 273 143 28 57 231 148 255 5 212 
186 163 149 285 123 129 89 102 201 280 
199 279 308 297 26 138 136 146 314 41 
217 292 267 246 147 288 250 134 69 144 
228 319 137 275 211 312 82 141 38 303 
24 48 262 74 98 108 58 50 286 132 
190 263 182 180 106 215 139 287 174 125 
93 62 315 169 226 198 145 265 95 293 
90 40 18 207 245 187 209 64 247 243 
117 233 239 32 158 17 258 154 289 29 
92 204 191 8 316 216 171 11 12 181 
88 242 298 6 121 167 170 128 151 34 
237 305 194 249 23 51 235 110 75 156 
80 9 164 100 256 79 313 1 202 244 
107 176 214 68 15 254 14 205 304 168 
85 210 302 252 131 261 4 225 200 219 
97 73 206 25 307 70 81 83 142 188 
71 16 248 178 53 105 94 52 109 33 
2 42 47 301 223 114 116 31 112 177 
76 67 77 78 55 320 61 284 291 7 
229 230 103 35 224 27 197 44 272 13 
140 183 172 192 317 193 184 310 54 264 
189 220 60 295 157 162 222 173 96 213 
309 283 43 251 87 165 236 59 20 227 
49 259 196 260 101 153 179 299 22 203 
240 66 185 127 91 318 19 111 268 161 
294 
