501
0 156 209 37 481 51 185 87 43 360 
328 226 198 313 455 126 120 152 14 339 
206 404 409 1 373 291 261 245 109 319 
332 57 474 330 418 60 17 495 413 280 
221 92 357 416 266 133 498 469 77 164 
274 372 9 263 28 312 311 181 446 359 
95 337 470 25 12 161 163 97 465 260 
468 139 386 153 363 59 439 21 432 151 
457 223 287 450 187 459 138 149 194 310 
239 488 15 124 484 219 137 18 41 410 
320 336 35 19 399 211 225 74 159 215 
276 129 235 114 53 485 108 417 131 13 
284 329 382 71 344 80 447 353 178 67 
184 125 472 321 65 237 288 358 216 256 
482 76 110 437 16 94 116 224 429 331 
389 341 490 238 136 218 426 241 168 32 
36 197 146 247 304 84 208 400 62 430 
112 421 388 436 64 367 411 476 305 456 
246 380 142 460 412 381 272 250 205 242 
350 314 89 448 425 42 232 98 487 50 
499 214 103 227 5 391 96 183 188 467 
158 265 72 2 268 192 105 295 23 395 
155 212 323 458 70 193 248 384 277 203 
493 207 91 169 106 54 463 128 55 403 
39 180 231 424 422 170 132 20 202 401 
195 255 325 186 31 119 361 278 144 434 
406 69 387 234 68 283 254 166 286 299 
351 10 262 420 385 30 220 346 349 26 
179 471 308 233 81 61 475 301 462 107 
489 8 228 148 213 398 492 407 251 491 
267 377 160 449 3 172 24 204 140 147 
113 259 63 414 134 104 240 154 40 293 
445 433 78 318 244 75 79 497 264 93 
453 176 243 483 343 257 480 500 306 477 
145 117 141 38 167 303 165 438 44 162 
150 340 376 309 342 174 189 478 56 253 
392 196 479 370 85 454 27 302 364 315 
45 157 379 374 82 444 435 316 402 130 
419 451 229 173 282 175 86 275 217 443 
171 83 298 431 423 461 199 249 296 345 
281 441 236 354 52 338 34 115 201 48 
99 6 210 289 66 143 466 368 111 182 
326 191 362 122 347 11 90 123 102 496 
22 200 365 390 46 252 352 371 333 415 
394 258 397 269 190 378 177 271 100 4 
88 285 222 486 49 494 270 452 230 334 
327 440 29 324 118 279 375 33 427 58 
369 73 307 101 355 273 442 7 356 408 
383 297 393 473 290 135 366 348 317 127 
292 464 405 294 322 121 47 335 300 396 
428 
