321
0 171 222 296 205 286 142 195 103 22 
35 66 81 53 144 137 16 77 15 219 
273 235 227 277 33 233 95 70 247 254 
27 34 126 102 29 202 290 75 300 127 
294 86 113 125 166 225 292 320 74 23 
179 1 61 301 303 80 172 133 161 264 
42 201 162 193 17 12 121 267 313 55 
269 176 281 189 187 153 72 45 190 259 
237 304 83 158 68 90 4 110 167 244 
54 284 199 275 221 63 78 256 100 154 
138 123 168 109 251 129 295 278 319 250 
209 50 248 293 206 139 119 149 314 169 
230 92 79 14 239 111 152 88 223 116 
156 312 48 270 148 262 255 229 271 30 
311 124 204 97 299 24 234 220 258 73 
257 143 242 131 69 67 215 107 98 2 
197 208 191 243 52 117 145 65 276 175 
31 263 114 151 71 9 26 21 192 211 
285 164 122 203 3 180 41 216 228 266 
288 214 140 298 76 306 56 268 232 105 
93 163 253 51 84 317 62 238 87 135 
118 240 20 307 13 46 174 159 178 39 
25 246 308 96 184 130 252 134 104 170 
85 249 120 318 287 185 136 236 226 212 
305 18 272 58 128 194 112 196 316 91 
40 146 59 302 57 198 8 38 47 210 
44 183 309 43 28 147 19 218 49 181 
37 265 7 280 165 186 6 5 289 279 
155 261 115 217 182 10 160 89 60 274 
315 150 310 36 282 94 188 108 82 241 
200 231 132 99 101 207 32 213 224 245 
157 173 291 297 177 260 106 11 141 283 
64 
