251
0 70 227 81 95 222 210 135 225 103 
34 108 123 22 198 93 200 139 152 168 
61 146 38 189 181 170 144 15 71 9 
21 232 221 201 109 192 63 203 218 48 
31 47 79 156 96 78 182 97 224 219 
66 11 127 238 32 172 18 151 23 105 
132 154 10 162 220 230 169 179 176 183 
166 160 82 185 233 157 194 239 80 186 
124 174 173 142 145 150 3 125 75 77 
12 122 141 112 143 195 89 209 8 216 
58 236 155 175 137 106 231 25 68 43 
214 167 69 159 234 74 129 118 250 33 
26 86 204 213 55 178 148 35 88 228 
13 191 147 54 245 111 188 6 98 62 
128 202 84 149 102 4 19 85 44 45 
101 16 120 164 104 20 249 237 107 65 
113 138 46 215 100 51 133 49 7 212 
205 229 53 28 60 241 42 117 136 40 
73 199 24 99 114 243 2 59 246 17 
217 235 110 197 92 41 163 184 187 177 
115 72 165 207 240 153 131 223 90 57 
180 248 208 171 50 36 39 121 242 158 
206 76 37 116 126 244 87 193 83 67 
1 29 247 30 196 134 91 161 130 27 
64 14 5 52 226 211 56 140 119 190 
94 
