701
0 525 618 405 309 487 282 365 198 167 
147 30 33 197 255 234 432 363 484 646 
311 579 532 509 499 489 334 482 587 461 
52 160 18 610 373 675 40 272 32 381 
164 577 111 536 279 469 581 427 356 229 
42 361 385 511 258 640 421 652 294 17 
290 216 39 622 320 206 542 250 120 377 
347 35 316 526 155 615 123 71 695 333 
358 304 516 204 102 464 287 645 331 257 
90 488 531 650 99 589 301 417 161 253 
260 454 63 235 437 446 483 113 305 457 
149 189 173 630 573 435 116 655 626 61 
81 580 224 517 207 591 634 588 329 182 
519 583 380 78 67 310 269 470 628 296 
520 119 288 649 43 168 632 124 107 230 
503 232 73 597 227 672 210 118 686 177 
535 259 278 48 175 94 443 214 582 105 
236 286 16 414 399 104 689 75 158 616 
481 265 612 411 332 79 420 44 468 51 
308 83 247 129 184 266 549 322 226 194 
425 110 512 188 132 428 69 677 218 133 
108 130 317 138 572 623 584 300 77 192 
353 400 37 523 246 496 270 86 606 408 
671 341 564 367 666 165 669 456 92 46 
521 679 431 325 450 103 638 494 647 500 
476 6 225 293 683 453 312 403 387 281 
144 614 354 126 117 213 162 389 664 682 
558 690 540 691 12 692 148 570 394 663 
2 386 200 445 8 538 171 135 501 426 
49 657 352 611 54 223 477 318 685 14 
338 41 433 359 391 553 55 13 593 150 
643 507 191 700 508 19 277 313 326 199 
372 529 460 106 360 291 95 605 58 688 
601 222 452 697 221 364 57 680 141 53 
644 376 274 546 176 211 653 384 513 157 
698 474 140 607 676 390 473 268 166 101 
378 574 307 337 429 604 24 328 624 590 
241 465 495 551 159 555 59 28 687 72 
276 10 480 196 4 374 34 26 458 205 
284 5 146 537 598 134 505 351 115 398 
127 430 369 491 442 636 342 637 145 151 
651 231 696 633 252 455 56 142 418 112 
349 402 506 619 466 434 97 121 440 15 
68 413 566 667 527 298 658 64 219 109 
552 100 201 547 654 335 510 348 264 330 
448 183 635 515 88 467 237 89 137 379 
299 493 256 249 193 261 571 397 31 693 
25 629 345 366 245 289 567 596 238 9 
627 156 303 534 451 319 203 395 594 419 
74 699 471 498 371 60 383 93 36 62 
492 285 343 344 302 447 576 625 170 47 
530 131 392 504 114 154 327 660 357 202 
388 444 375 212 243 396 355 314 340 449 
254 578 239 475 323 84 631 233 668 174 
65 152 169 412 29 544 339 22 585 297 
21 85 368 595 80 172 556 295 263 560 
209 497 524 436 143 681 370 415 248 240 
407 244 76 518 528 563 98 242 393 410 
220 659 136 641 382 362 639 215 550 472 
565 608 181 620 23 406 439 20 422 267 
163 186 324 569 545 490 609 554 441 262 
122 514 502 70 617 621 600 656 557 3 
82 575 665 694 416 533 208 350 275 599 
336 674 251 539 153 438 178 462 283 561 
185 1 409 401 228 568 678 280 315 217 
187 91 271 423 603 479 562 179 96 346 
642 485 128 38 321 424 522 613 11 548 
292 662 125 586 306 45 180 648 50 139 
87 7 273 602 195 541 592 478 190 486 
463 670 559 673 459 66 404 684 27 543 
661 
