501
0 165 116 126 473 22 124 103 337 327 
189 18 305 464 80 398 423 347 430 58 
11 208 172 156 233 252 94 193 142 97 
282 449 256 314 471 348 17 381 104 56 
495 40 31 134 173 75 43 310 393 5 
304 226 212 121 487 41 228 394 30 416 
174 422 307 119 10 123 23 299 2 434 
490 194 260 292 411 259 109 258 152 279 
267 361 182 343 445 144 397 67 183 372 
265 467 90 331 49 291 122 92 366 269 
199 268 155 389 312 105 170 36 66 280 
493 91 48 428 148 442 349 294 99 264 
243 184 296 391 27 330 463 240 118 25 
354 55 218 254 357 419 244 365 114 223 
315 271 166 210 164 200 136 364 427 276 
159 178 409 447 13 293 68 466 51 400 
283 426 446 188 108 213 451 139 338 302 
461 187 76 211 26 339 87 317 106 351 
477 65 238 497 406 333 98 162 383 186 
14 441 154 481 8 380 387 410 163 234 
235 146 437 494 412 168 345 325 356 216 
316 47 368 457 52 248 308 195 489 289 
151 207 281 321 425 145 388 45 474 140 
355 133 306 201 362 498 127 390 220 12 
95 344 115 297 150 483 249 417 459 60 
242 453 181 261 352 111 77 50 190 72 
266 475 16 59 353 137 198 322 32 167 
298 191 19 153 214 125 395 360 206 488 
274 230 385 311 440 253 39 262 384 82 
399 224 402 44 424 309 286 222 171 435 
418 215 336 295 204 9 334 34 414 401 
468 3 246 69 79 350 63 1 303 209 
71 273 157 335 176 403 472 465 239 429 
24 500 436 225 203 460 484 161 245 374 
185 270 37 143 358 373 117 120 290 359 
369 15 4 277 250 21 455 405 57 227 
237 275 318 469 320 377 175 46 70 263 
379 101 420 221 42 499 329 135 407 192 
341 129 448 28 196 138 131 180 169 415 
324 86 84 33 496 6 38 323 217 444 
231 113 81 386 247 346 285 326 74 236 
485 438 443 232 367 392 35 478 102 479 
205 158 53 83 29 20 439 371 340 107 
85 342 54 147 319 452 382 404 396 450 
179 313 78 486 177 229 160 370 378 61 
62 491 128 96 241 93 421 300 287 482 
130 408 88 431 149 112 255 433 376 7 
219 332 456 257 197 272 284 278 458 328 
73 413 462 480 251 288 476 432 141 64 
454 375 363 492 132 202 100 110 89 470 
301 
