251
0 60 135 26 47 206 14 164 214 48 
101 239 184 168 118 148 203 158 222 94 
39 34 248 230 30 97 199 77 114 71 
227 200 124 9 162 243 245 212 78 16 
40 139 44 100 115 177 112 66 73 19 
153 120 197 18 119 232 188 145 25 150 
226 225 89 242 185 4 46 91 189 1 
237 165 41 42 87 173 171 169 53 187 
215 95 175 179 156 217 104 182 109 178 
170 93 210 154 27 13 220 15 102 240 
99 111 88 205 121 12 238 249 49 74 
136 62 2 123 172 69 235 84 201 183 
236 5 79 59 250 45 152 105 149 28 
180 146 106 195 108 186 58 32 208 61 
191 216 141 204 194 161 54 10 57 193 
21 11 83 122 126 211 140 36 29 43 
233 85 133 159 107 6 67 55 98 7 
166 76 68 174 213 246 92 207 181 82 
134 3 8 192 160 137 38 72 224 56 
110 35 132 33 218 63 51 80 138 70 
75 157 20 151 113 176 127 128 147 223 
90 229 244 52 117 116 103 221 202 241 
247 228 231 234 86 209 96 129 142 163 
81 196 17 50 190 143 65 23 167 64 
125 22 37 24 130 31 198 155 144 219 
131 
