1001
0 214 73 468 193 319 367 235 199 890 
939 727 697 473 882 981 949 56 224 556 
731 860 209 147 327 585 87 747 424 154 
995 909 568 859 797 804 883 236 901 955 
292 941 289 682 705 783 280 91 807 993 
7 562 464 159 351 922 824 962 161 153 
167 403 726 197 416 452 848 574 498 232 
889 52 626 230 111 203 27 624 858 426 
864 475 853 83 93 983 530 543 732 333 
9 258 602 847 121 65 363 313 990 800 
952 434 267 483 310 10 571 427 505 555 
502 54 517 494 827 950 622 357 192 790 
365 279 897 353 398 762 504 712 930 715 
39 113 31 395 70 870 186 76 850 573 
885 899 782 415 28 761 887 966 579 592 
646 243 104 64 975 877 805 632 242 245 
506 522 880 657 903 958 208 260 778 976 
716 101 306 315 926 60 298 59 338 921 
77 210 287 687 693 264 371 684 72 654 
122 888 152 1 942 487 751 204 16 228 
268 133 173 501 822 88 479 17 140 345 
84 295 810 399 107 940 721 621 743 168 
98 679 359 391 120 335 770 47 269 78 
764 829 944 563 474 157 444 826 277 987 
929 945 616 548 482 698 997 383 691 135 
663 644 965 671 767 673 614 984 741 627 
86 320 550 165 586 825 477 915 932 162 
263 284 666 62 187 66 607 620 218 892 
974 428 688 219 244 30 446 469 514 308 
935 516 817 737 934 1000 379 533 549 803 
451 112 745 749 667 777 680 226 266 291 
590 234 699 700 531 733 51 689 792 484 
917 772 547 217 630 763 843 352 303 907 
724 794 814 45 734 648 89 801 288 546 
422 736 237 513 924 74 69 408 123 200 
364 143 842 465 755 742 225 348 343 201 
115 3 815 85 179 206 334 116 701 300 
337 144 316 259 551 36 946 394 774 4 
296 330 677 809 600 404 851 831 834 854 
171 703 818 175 849 136 532 977 216 706 
458 360 344 539 253 108 576 176 23 867 
191 714 429 591 146 554 257 500 681 608 
561 63 309 927 979 861 923 816 643 94 
126 685 948 998 960 686 837 29 75 141 
967 515 18 537 738 478 252 931 68 492 
349 493 840 799 150 49 41 312 604 678 
683 577 658 954 331 405 393 183 760 713 
99 124 109 255 928 720 240 213 456 609 
589 387 382 595 380 53 653 992 233 628 
392 323 833 440 668 361 529 223 540 454 
55 665 43 971 462 24 496 896 534 512 
641 156 879 869 675 215 704 174 265 957 
746 575 905 450 593 645 717 362 953 386 
328 730 855 832 659 707 618 723 26 521 
324 970 728 430 389 938 239 459 189 639 
735 528 912 752 248 384 207 14 655 937 
125 212 676 765 358 61 569 785 412 445 
134 781 535 875 178 163 776 649 432 299 
989 421 372 33 750 127 400 999 270 779 
222 956 725 756 34 282 385 304 661 520 
155 325 495 828 623 37 164 748 172 151 
470 660 318 947 21 58 821 553 610 587 
711 599 991 92 350 536 845 612 538 285 
100 137 570 5 180 567 908 796 544 994 
336 211 402 722 839 526 581 81 194 806 
356 97 786 904 933 754 559 811 354 863 
910 90 417 261 132 397 341 50 249 274 
615 205 980 366 368 283 472 674 476 873 
423 580 247 702 355 148 250 390 142 290 
857 114 195 184 182 986 605 407 812 583 
852 443 15 272 541 769 221 963 181 835 
117 418 669 497 503 578 780 82 739 420 
925 813 856 757 340 409 305 773 820 768 
652 119 160 598 978 891 6 872 564 766 
2 964 881 376 431 311 557 662 911 347 
449 42 664 388 918 130 902 79 943 329 
373 985 874 437 793 519 634 740 753 461 
692 788 900 524 286 129 719 898 795 597 
46 441 523 871 346 565 920 696 301 238 
396 275 893 865 552 959 525 906 71 729 
613 103 22 281 370 406 784 486 466 759 
190 381 339 196 619 830 419 106 499 471 
862 413 185 410 241 302 439 690 636 170 
508 273 433 988 375 611 95 936 297 518 
139 542 838 138 314 435 377 38 913 651 
560 631 771 227 670 317 128 25 914 841 
198 158 744 968 642 271 149 787 617 118 
378 374 606 886 254 594 566 982 447 868 
11 220 13 110 511 425 57 490 202 802 
35 710 972 510 527 414 488 789 876 656 
251 558 951 246 582 293 262 307 131 672 
650 188 20 326 709 629 601 294 438 819 
80 846 791 969 44 32 823 635 588 411 
973 332 105 145 463 322 48 798 231 584 
775 808 836 961 491 12 457 507 596 878 
436 638 844 894 67 481 545 177 866 916 
276 342 278 708 572 895 884 256 509 19 
169 448 603 460 633 455 453 647 485 758 
467 166 102 489 625 996 919 480 718 8 
401 229 442 321 96 40 369 637 695 694 
640 
