251
0 36 101 180 85 64 30 151 25 131 
153 124 70 193 146 145 71 174 187 220 
203 20 54 165 215 239 243 49 42 93 
181 138 157 229 88 75 186 50 247 33 
118 44 136 111 11 237 117 74 241 228 
112 40 97 94 140 16 4 201 137 120 
133 172 212 240 73 250 234 46 134 56 
177 58 156 90 238 167 230 194 12 86 
51 155 99 195 205 191 166 31 150 235 
68 207 175 81 122 188 214 38 226 210 
29 225 200 62 7 91 100 233 106 72 
121 222 43 96 84 189 135 161 8 218 
83 162 77 92 60 170 37 19 87 211 
3 23 158 197 221 2 143 129 219 39 
110 59 198 26 176 67 82 190 168 103 
102 123 249 109 159 224 245 27 242 173 
57 206 178 61 22 76 28 202 10 209 
18 63 32 107 9 113 69 127 182 104 
160 5 114 35 21 79 89 147 52 78 
236 213 246 65 115 105 1 24 126 119 
199 80 244 223 208 184 45 17 141 164 
192 154 204 15 163 216 149 41 128 183 
55 148 227 152 139 48 34 169 144 95 
185 196 14 125 231 132 217 248 130 142 
116 47 108 98 53 171 179 232 6 13 
66 
