701
0 142 363 693 674 515 72 99 413 190 
49 690 74 495 256 24 333 18 173 350 
603 247 585 223 66 573 41 368 633 461 
668 298 21 658 147 501 492 630 644 323 
687 641 95 458 621 345 348 682 453 253 
582 442 91 476 524 270 565 182 491 466 
244 94 504 588 445 347 484 510 393 622 
448 342 460 11 238 2 313 670 527 580 
185 148 120 324 71 191 112 673 438 589 
430 293 562 205 233 14 315 264 360 351 
381 177 283 397 160 680 533 52 423 119 
440 597 366 164 84 425 188 536 330 217 
447 81 586 653 225 471 257 409 340 241 
228 490 117 399 547 428 414 79 96 276 
395 59 23 626 618 197 210 401 17 698 
19 665 377 632 234 508 254 631 176 649 
623 376 207 287 75 374 606 489 305 534 
617 107 93 574 474 155 449 587 139 421 
483 480 558 199 295 346 550 153 25 243 
211 58 481 688 456 382 90 166 196 691 
538 26 209 436 651 60 365 359 322 602 
33 259 300 503 427 187 663 311 699 27 
178 204 329 158 375 268 145 403 530 106 
249 286 44 262 50 463 77 433 110 123 
608 133 637 310 61 478 552 97 35 411 
73 578 194 116 556 108 10 294 157 68 
614 567 486 5 252 402 170 128 302 308 
250 260 671 222 545 446 216 12 161 408 
541 676 303 336 640 457 55 154 289 432 
473 86 531 189 502 529 656 327 643 620 
509 80 76 296 162 279 422 4 635 512 
314 532 304 113 168 575 285 15 203 669 
551 352 357 576 36 280 130 224 63 441 
420 125 364 240 467 85 385 487 274 82 
505 479 78 92 628 572 163 89 394 697 
326 452 469 230 396 332 378 141 615 543 
655 557 537 647 231 343 444 271 235 613 
417 518 53 499 150 13 594 30 202 684 
318 584 516 103 439 272 232 629 251 528 
367 64 320 627 383 648 334 273 337 46 
215 390 462 349 186 605 8 652 1 592 
407 43 661 87 470 539 301 169 659 667 
388 412 341 418 134 246 212 325 242 521 
371 468 514 208 143 675 590 477 167 292 
689 612 555 131 577 114 239 634 638 435 
129 127 7 56 219 500 335 419 101 284 
379 275 600 192 111 517 179 309 570 662 
464 269 596 201 9 227 354 373 288 132 
6 564 679 472 353 88 278 45 542 291 
554 546 387 226 535 604 261 67 593 29 
398 65 609 355 152 57 83 610 384 454 
165 526 443 200 115 172 583 297 319 392 
22 520 109 218 459 122 607 338 42 416 
405 263 496 54 683 206 40 624 181 121 
686 400 156 488 245 616 410 559 328 39 
221 138 171 135 548 424 126 511 358 429 
694 646 455 426 370 625 149 104 193 642 
267 666 258 372 237 137 549 482 664 20 
195 48 692 654 677 51 611 124 475 316 
494 31 306 498 650 47 3 344 174 507 
317 255 38 581 485 506 102 140 465 553 
321 151 560 213 62 450 362 105 180 159 
369 619 563 519 214 312 415 70 639 404 
389 198 136 700 34 331 28 568 16 146 
32 657 361 493 307 266 277 540 571 681 
282 591 356 672 183 391 660 497 118 431 
601 339 386 299 645 685 561 434 678 220 
525 380 236 265 100 290 569 37 695 437 
696 248 406 598 69 636 184 144 229 451 
175 523 281 98 579 513 599 566 544 522 
595 
