1001
0 217 861 989 199 493 649 831 116 955 
568 305 349 330 81 932 250 429 997 507 
95 329 368 842 319 322 679 522 148 727 
943 325 19 38 328 191 548 452 473 936 
260 487 124 435 946 569 168 214 78 657 
63 973 625 114 977 338 189 479 251 498 
641 813 472 106 790 950 286 714 619 618 
610 221 190 402 255 426 892 281 141 906 
478 269 580 644 869 994 360 387 267 797 
911 287 273 770 627 784 758 877 754 662 
739 52 894 443 746 465 427 693 145 645 
278 228 179 413 504 830 961 937 280 153 
812 306 87 889 186 169 962 57 974 131 
345 601 76 416 934 136 334 445 702 160 
344 363 636 420 98 484 174 817 474 846 
207 505 513 520 113 235 277 161 731 986 
940 6 612 358 614 951 777 367 285 530 
593 873 79 154 571 337 559 433 261 223 
274 549 175 540 111 560 555 206 143 570 
773 885 583 775 400 244 333 993 84 620 
375 897 876 12 77 529 616 14 519 310 
480 218 340 42 661 226 377 128 531 916 
224 799 592 832 417 324 838 34 895 295 
343 689 89 28 238 248 167 234 883 43 
288 624 762 905 263 665 401 698 511 752 
399 268 899 252 587 259 820 819 573 459 
859 680 772 490 65 506 553 431 809 655 
202 642 733 659 678 279 466 193 70 968 
722 26 451 27 658 853 963 690 891 944 
120 850 296 745 849 359 294 766 782 791 
970 383 117 532 939 60 898 492 213 591 
755 291 844 707 685 716 266 801 500 66 
380 425 634 953 72 494 623 346 663 941 
455 622 24 230 856 502 22 896 130 497 
30 713 575 384 8 499 201 173 512 82 
379 45 991 270 524 533 172 356 516 47 
407 197 537 10 741 656 453 366 558 177 
312 975 415 816 404 864 450 769 868 509 
112 256 564 240 691 535 901 757 630 967 
388 83 477 262 142 635 611 802 67 756 
152 788 748 41 904 675 851 219 208 982 
957 686 320 390 229 671 158 316 32 947 
959 682 140 827 1000 684 432 603 485 454 
220 749 292 828 69 824 965 599 188 317 
335 55 607 924 543 156 815 931 966 326 
437 198 706 364 149 155 463 180 205 609 
673 938 321 633 595 628 670 108 40 301 
604 964 664 751 165 469 303 406 780 724 
436 376 576 515 918 985 299 760 717 958 
195 563 687 457 75 660 786 18 921 127 
151 171 369 88 139 567 253 357 872 929 
394 857 600 789 834 913 257 954 353 11 
800 602 170 683 178 163 264 91 126 23 
862 539 927 855 100 584 362 85 475 373 
227 556 147 554 783 708 825 688 695 496 
482 354 699 311 728 62 489 132 110 421 
166 920 581 458 103 54 194 386 701 723 
551 761 370 879 878 297 517 677 31 996 
122 471 483 711 150 890 865 192 863 976 
365 925 992 307 705 750 615 16 818 216 
419 988 308 710 681 948 608 355 99 910 
176 121 36 242 424 704 589 21 912 104 
115 525 314 923 637 138 332 971 902 107 
398 952 579 829 643 796 271 674 397 481 
719 852 821 49 847 538 3 908 738 629 
446 696 672 787 258 654 272 919 210 822 
510 969 495 51 243 185 39 837 434 843 
804 697 915 137 638 46 930 289 763 585 
811 984 503 998 293 945 917 94 565 922 
374 694 246 403 893 187 302 438 742 48 
486 720 86 875 526 523 341 778 841 284 
740 162 144 339 527 212 418 814 903 381 
464 597 428 73 888 225 881 759 315 725 
405 887 245 621 283 979 561 848 836 119 
347 999 514 327 909 448 835 13 839 53 
743 134 74 541 468 309 462 508 557 20 
703 582 467 313 236 562 118 795 867 491 
423 840 92 102 880 765 231 631 771 774 
574 866 430 233 805 222 590 183 441 667 
647 237 542 518 793 440 730 577 101 331 
807 203 342 58 639 871 15 651 652 874 
983 44 351 5 803 810 411 613 133 350 
972 536 61 785 547 776 854 640 718 9 
96 928 753 59 933 461 995 290 129 215 
442 792 669 409 960 304 29 709 534 735 
372 135 949 447 282 90 164 323 858 914 
265 239 7 80 146 926 389 528 935 157 
439 37 545 668 942 97 352 318 422 978 
833 410 4 907 732 546 17 371 826 721 
181 606 981 470 726 594 456 588 50 987 
232 247 900 794 596 414 808 980 378 488 
676 521 956 692 566 501 408 666 196 68 
598 444 550 275 737 632 396 56 744 715 
578 412 476 798 650 200 33 736 211 159 
884 781 348 393 204 886 806 764 845 25 
779 605 395 586 182 2 300 1 653 64 
990 823 552 276 712 392 209 109 385 241 
184 254 93 572 105 544 71 617 249 700 
734 747 125 123 870 648 361 35 382 449 
336 768 460 626 729 391 646 767 860 882 
298 
