251
0 25 209 212 142 155 35 189 213 49 
128 11 191 113 159 170 207 158 1 55 
58 201 140 194 168 165 16 166 161 199 
74 14 8 29 43 206 150 136 171 44 
109 115 144 20 83 118 57 60 72 241 
153 192 2 101 108 231 107 137 23 22 
77 102 175 222 80 147 124 87 152 234 
110 32 232 239 237 217 160 130 190 47 
50 26 233 149 76 208 18 178 173 86 
167 123 34 27 125 218 204 61 162 195 
228 242 247 78 10 193 7 9 3 141 
139 85 236 51 116 151 81 154 24 95 
238 172 89 82 19 98 73 243 122 229 
103 177 245 132 183 31 21 180 15 215 
97 143 56 96 249 91 17 126 106 226 
104 38 182 12 148 235 187 205 120 54 
240 28 227 5 62 131 99 37 214 197 
188 200 163 114 40 48 111 174 88 198 
100 202 117 138 220 92 90 46 246 146 
119 42 248 250 36 68 121 79 127 4 
45 134 33 219 94 112 63 179 221 185 
210 157 156 93 6 64 129 223 59 66 
67 230 244 53 13 211 225 84 71 52 
135 186 169 70 30 133 176 65 184 75 
39 41 105 203 224 69 216 164 145 181 
196 
