501
0 291 97 236 50 316 209 69 174 266 
21 310 44 373 39 473 61 407 108 338 
441 248 182 471 172 45 77 376 143 227 
484 219 104 470 255 397 396 175 364 187 
74 493 105 337 302 194 368 325 496 326 
118 162 63 142 283 48 413 468 35 144 
19 262 299 75 269 220 380 199 361 475 
15 58 30 96 449 247 386 41 102 436 
455 180 426 498 467 241 314 60 91 242 
434 17 95 457 275 381 25 331 216 293 
273 418 393 350 71 290 437 161 263 300 
322 86 132 156 103 190 323 26 196 427 
73 37 336 333 410 343 317 2 271 138 
157 212 414 334 479 173 76 99 280 307 
403 215 390 121 268 55 32 315 259 163 
469 491 139 372 1 375 340 43 391 135 
82 346 116 421 494 409 155 177 27 408 
68 311 456 362 411 379 339 165 223 62 
66 11 4 133 345 243 22 29 430 251 
359 7 306 401 482 232 56 191 126 244 
123 476 6 497 115 328 261 179 353 483 
89 295 239 167 112 377 366 111 228 197 
463 384 276 285 52 495 301 406 365 431 
485 3 447 137 147 458 240 415 128 459 
355 90 296 320 460 282 478 461 80 59 
351 136 127 231 370 369 117 464 28 226 
318 181 342 385 184 83 84 438 151 490 
193 203 462 211 402 360 152 98 250 153 
256 472 258 352 382 171 327 92 18 183 
257 500 435 201 252 284 9 168 260 88 
335 445 395 94 341 424 124 420 312 288 
38 233 150 246 122 423 398 344 399 267 
81 487 277 466 130 24 202 289 400 107 
264 234 141 101 238 309 367 440 348 221 
356 131 207 235 169 85 53 358 442 176 
134 286 419 480 304 444 347 120 389 281 
448 87 383 265 204 245 100 170 324 474 
205 12 217 303 253 272 425 394 454 489 
297 416 47 451 298 294 185 254 64 164 
237 332 422 230 432 159 145 305 443 158 
160 249 5 198 113 65 354 224 106 93 
278 129 218 319 357 192 49 166 79 481 
140 119 213 488 287 23 195 392 178 42 
378 20 270 33 292 34 72 492 450 404 
46 40 229 70 16 149 14 57 148 374 
329 146 154 186 222 188 405 349 486 54 
499 67 433 452 371 225 189 125 428 279 
10 114 453 51 477 313 210 363 31 321 
388 206 13 110 429 308 200 330 208 36 
465 8 274 387 412 417 109 439 78 214 
446 
