501
0 52 204 254 163 276 283 362 93 306 
72 71 386 293 442 77 282 247 312 140 
2 174 172 106 367 70 249 125 33 242 
244 160 158 259 308 411 328 53 301 168 
241 275 257 395 407 350 376 408 4 240 
105 432 451 92 113 453 428 13 67 361 
427 251 338 264 61 233 44 88 97 467 
319 11 20 253 430 311 258 203 327 414 
303 284 143 16 404 46 292 147 157 135 
440 267 378 248 434 246 463 310 175 261 
444 421 385 487 460 47 231 162 34 365 
8 14 346 30 405 133 425 183 462 115 
479 355 55 465 103 274 205 279 342 99 
40 418 62 417 295 65 188 366 497 178 
219 87 326 131 493 490 456 128 217 457 
379 296 390 270 180 24 263 458 119 216 
27 124 146 265 353 167 224 281 483 297 
402 403 38 84 136 325 287 31 78 431 
459 345 79 223 164 6 334 94 73 110 
371 377 384 210 438 336 476 393 388 149 
181 237 454 470 314 256 213 191 211 218 
394 285 495 413 330 331 452 177 19 400 
499 81 472 56 200 250 132 151 383 424 
278 9 206 10 111 298 221 441 226 445 
288 485 447 300 189 166 415 322 161 369 
101 122 179 109 291 399 130 29 412 255 
243 15 112 273 289 199 193 68 134 339 
474 482 426 114 156 443 382 391 197 358 
195 228 318 127 202 91 333 363 374 196 
429 190 69 266 96 272 144 102 359 220 
185 419 170 186 85 294 351 309 58 286 
63 239 41 155 184 305 235 18 108 423 
173 489 194 389 422 198 49 159 50 107 
225 64 269 469 45 343 416 100 380 187 
227 448 481 139 260 498 356 36 271 22 
464 347 341 252 1 396 208 80 316 138 
192 373 201 90 455 344 323 329 449 121 
262 54 222 475 480 21 446 439 317 176 
245 381 150 76 212 42 32 340 277 409 
126 398 486 299 375 28 357 234 104 236 
129 23 491 207 478 182 60 7 39 214 
148 387 349 436 229 35 492 17 51 153 
26 66 5 471 209 48 484 488 370 461 
368 337 141 230 320 420 57 406 304 118 
450 86 238 352 232 154 37 165 290 433 
98 25 171 152 348 83 95 401 324 466 
435 335 137 477 120 313 75 372 360 354 
142 123 500 3 437 117 332 468 496 473 
43 268 145 321 315 280 392 302 410 169 
215 12 89 307 364 74 59 494 82 116 
397 
