1001
0 862 329 322 876 450 771 769 988 39 
729 879 357 284 609 615 119 786 60 831 
360 159 592 964 103 702 947 372 290 395 
607 235 662 339 746 815 605 752 278 899 
218 43 502 241 513 927 391 516 853 412 
568 291 736 150 976 637 120 706 682 197 
434 1 921 724 900 256 91 341 574 312 
987 176 296 588 562 262 536 323 678 926 
7 438 901 923 129 26 596 491 761 931 
698 239 608 140 31 457 697 190 351 289 
914 409 14 232 302 751 471 665 601 764 
59 676 122 663 477 131 401 534 307 953 
108 70 890 294 572 136 552 198 989 441 
244 264 304 148 978 67 564 410 468 183 
433 766 384 650 883 747 636 781 735 326 
748 500 364 804 930 407 660 221 950 172 
934 520 783 125 459 242 891 810 711 439 
399 957 366 46 793 990 865 370 919 283 
356 760 376 980 106 177 705 19 625 165 
850 10 353 186 638 485 2 925 224 860 
189 365 305 666 742 98 497 830 286 287 
689 299 65 394 814 634 336 556 958 243 
231 965 693 573 279 124 893 225 796 428 
817 906 542 570 378 383 285 826 627 99 
576 848 904 961 359 623 600 416 363 674 
540 202 547 345 84 727 695 916 460 529 
785 539 818 180 982 187 852 949 4 188 
82 422 838 941 966 670 179 737 482 377 
194 442 586 563 875 667 717 858 928 219 
669 96 843 94 348 443 126 36 894 969 
160 842 3 30 344 141 533 415 397 591 
418 308 833 421 200 653 664 74 910 557 
170 472 871 855 718 34 768 47 273 324 
909 912 230 400 531 954 962 546 209 107 
265 271 95 979 714 135 722 922 147 924 
343 470 406 134 658 620 489 201 525 153 
719 175 836 310 317 252 306 426 162 12 
8 233 503 72 808 779 417 381 515 484 
917 411 259 861 720 756 652 138 236 79 
436 770 580 229 548 775 385 614 301 929 
164 68 207 869 792 496 447 508 195 569 
675 707 272 632 473 774 258 174 888 610 
985 631 683 685 530 541 829 692 465 749 
671 908 325 114 820 743 358 526 780 362 
745 248 151 690 680 277 295 149 523 790 
16 63 89 237 997 518 355 821 111 635 
797 884 589 583 602 386 878 704 762 684 
44 696 872 788 203 757 466 943 142 380 
880 535 158 577 594 784 549 825 127 585 
318 109 249 673 288 687 971 152 612 143 
9 81 223 840 599 617 139 402 981 755 
920 216 490 998 169 478 816 918 338 951 
213 537 517 105 974 828 128 603 640 598 
146 511 215 45 710 199 887 429 163 214 
331 328 54 955 805 732 5 841 984 498 
668 731 606 558 319 408 915 11 952 946 
812 940 66 432 903 464 425 303 726 379 
154 451 967 104 560 495 205 332 712 744 
973 435 254 787 51 481 349 29 763 782 
24 467 56 621 25 811 835 314 593 57 
340 58 20 87 167 874 156 78 405 604 
948 210 404 777 253 342 993 532 703 864 
475 499 733 137 656 217 21 613 911 282 
913 445 933 795 293 446 794 55 270 178 
313 155 208 469 992 905 571 71 754 575 
267 369 192 388 959 759 778 41 274 885 
389 458 559 83 806 6 97 936 776 431 
240 681 49 427 889 251 354 281 524 15 
567 565 867 463 22 17 551 968 701 545 
807 716 839 260 102 633 182 335 942 38 
708 453 624 561 655 897 963 64 161 834 
738 996 649 945 661 677 641 619 33 938 
721 509 347 255 587 512 845 750 42 713 
644 32 220 709 501 268 350 823 387 116 
300 275 543 185 327 935 382 196 414 629 
686 173 227 48 616 939 800 597 100 423 
643 455 977 320 622 700 18 37 193 999 
337 645 476 486 983 62 23 654 584 52 
937 506 27 117 854 166 507 672 995 263 
352 902 628 494 204 238 346 895 228 396 
85 528 393 398 679 553 77 837 866 582 
461 739 73 86 630 544 819 452 110 803 
92 171 462 578 367 555 316 527 437 133 
371 741 846 374 827 802 932 765 791 896 
419 824 659 424 444 480 448 53 868 247 
123 688 474 813 246 642 699 297 315 975 
898 157 849 222 877 456 118 801 753 991 
986 403 944 112 75 873 430 292 566 579 
28 61 234 970 554 907 691 857 449 269 
767 859 311 646 809 694 847 333 211 504 
611 648 734 789 373 870 280 93 392 361 
772 69 13 168 50 550 493 773 715 505 
514 519 799 440 334 488 832 881 581 651 
181 113 191 639 510 245 88 1000 730 994 
144 647 40 226 595 728 309 132 368 892 
276 590 758 35 330 101 960 725 266 740 
822 130 521 863 250 856 626 657 492 115 
882 454 298 844 80 145 121 522 798 483 
479 257 90 420 487 390 851 972 618 538 
375 261 321 723 413 76 956 206 212 886 
184 
