161
0 53 28 124 113 90 51 152 68 144 
143 48 127 37 117 149 87 118 80 134 
8 141 139 70 91 44 59 58 129 9 
41 26 2 14 126 135 148 136 106 61 
57 109 74 110 3 160 60 62 145 122 
107 39 25 16 111 142 1 27 38 6 
115 153 83 18 50 12 21 33 132 93 
71 128 79 49 66 104 35 101 94 31 
73 65 146 133 23 155 77 43 54 75 
24 96 102 130 137 98 105 147 5 56 
36 88 76 17 42 29 47 78 45 72 
119 20 85 123 95 150 108 138 114 84 
86 34 40 116 52 151 97 13 131 89 
11 55 156 140 10 32 19 46 7 22 
125 158 30 15 67 69 64 99 92 121 
82 157 81 63 100 120 159 154 103 112 
4 
