251
0 10 43 21 75 247 119 217 14 162 
192 37 222 197 240 8 178 165 214 2 
13 140 52 126 95 19 42 54 156 155 
31 199 146 148 102 85 118 229 16 145 
137 128 221 99 83 130 190 18 57 91 
215 177 116 225 94 74 182 186 84 157 
185 123 4 135 170 171 53 77 224 169 
210 29 237 35 28 82 32 23 127 195 
90 207 188 63 245 48 12 6 172 181 
226 211 228 174 206 66 92 243 144 213 
113 242 73 62 142 79 230 147 88 97 
50 168 209 56 198 45 122 125 239 110 
33 34 249 223 39 235 36 70 201 104 
96 159 244 38 227 232 250 20 51 117 
124 241 246 152 49 101 27 69 22 149 
65 187 153 203 114 68 40 184 193 3 
167 132 202 133 208 234 205 80 163 76 
78 87 150 180 139 131 44 17 24 231 
72 115 196 1 64 61 143 218 216 59 
160 161 11 98 5 106 120 179 112 109 
236 136 67 100 89 71 183 47 176 26 
141 105 194 200 158 212 121 108 60 103 
81 219 93 129 248 55 138 107 30 46 
238 220 134 204 15 173 41 25 154 111 
189 9 86 151 58 175 164 233 166 7 
191 
