501
0 61 40 235 55 301 419 233 463 427 
316 500 173 59 91 239 181 402 157 298 
339 259 330 490 435 317 212 480 109 66 
251 365 97 47 453 351 96 333 64 28 
252 105 331 24 210 120 153 358 115 50 
477 494 444 356 396 431 442 56 53 388 
319 154 322 148 201 499 467 145 159 381 
152 231 466 89 350 320 434 275 372 407 
17 344 189 264 394 177 171 260 32 445 
300 460 416 400 244 238 62 406 313 7 
229 132 185 25 46 276 360 198 284 335 
291 482 150 188 430 418 299 134 376 366 
111 278 174 414 345 280 305 69 202 228 
393 247 282 324 43 48 19 437 334 472 
410 123 81 368 26 114 270 149 424 106 
475 411 491 225 478 33 142 86 139 401 
180 272 85 281 112 257 196 11 454 84 
423 413 479 141 158 289 103 34 425 428 
104 75 357 126 2 215 203 156 237 486 
52 147 199 375 206 389 65 223 178 271 
74 409 379 117 373 364 100 385 45 269 
439 326 200 323 88 217 473 9 302 129 
383 405 315 347 253 110 167 468 71 14 
73 161 13 245 353 128 256 164 265 273 
392 249 397 44 216 311 95 155 127 312 
63 378 369 162 41 384 143 194 279 1 
476 363 443 79 116 121 184 354 78 362 
23 495 133 440 195 382 448 374 192 471 
325 436 35 438 470 22 49 108 420 449 
204 18 246 136 5 220 263 183 124 172 
240 165 131 160 72 404 248 390 166 432 
304 483 92 303 421 137 168 464 146 285 
318 125 118 403 20 457 21 144 15 465 
481 349 218 474 130 408 232 343 58 489 
415 57 314 361 107 197 497 488 417 293 
386 492 290 77 250 83 214 297 346 101 
37 377 426 337 332 328 268 80 447 70 
286 484 102 422 187 309 412 296 29 336 
338 138 39 68 163 234 451 182 262 266 
10 30 42 429 211 222 87 341 224 292 
151 135 209 461 452 294 441 395 170 380 
226 307 458 242 367 308 496 371 82 258 
387 94 122 4 329 93 485 498 140 255 
398 208 493 119 6 179 295 67 193 27 
283 348 391 175 352 113 241 31 227 3 
261 456 38 254 287 274 469 487 98 310 
8 327 277 446 60 12 54 433 169 243 
370 99 455 236 342 462 306 16 359 340 
205 221 219 190 36 450 213 355 51 90 
321 207 186 76 288 267 230 459 399 176 
191 
