321
0 290 174 223 80 9 59 165 172 253 
204 161 144 146 214 27 13 18 159 173 
147 88 141 256 169 297 199 273 15 112 
237 283 190 52 207 73 39 133 254 242 
102 90 129 101 320 249 91 318 311 31 
233 259 268 48 16 51 26 75 83 288 
134 20 1 111 5 25 219 135 250 307 
95 220 99 10 258 245 65 261 131 201 
293 224 87 53 208 221 186 234 270 191 
168 238 246 243 114 303 196 228 28 155 
23 276 287 291 136 278 72 164 35 266 
68 82 315 162 84 98 93 185 183 149 
116 7 36 252 103 70 152 81 295 126 
213 195 37 260 215 192 178 286 60 206 
45 118 300 157 282 123 241 281 308 11 
119 158 100 78 71 104 166 274 176 265 
3 69 151 58 275 140 163 285 22 125 
128 182 298 44 145 181 124 24 301 137 
304 6 76 309 30 56 14 132 255 279 
41 12 67 34 289 217 120 49 216 247 
244 19 248 89 64 218 97 54 38 230 
294 198 197 284 171 66 17 33 310 240 
79 280 231 251 167 296 180 179 302 139 
50 306 194 96 236 235 92 267 130 85 
142 305 299 156 21 211 257 40 154 210 
77 319 47 203 110 184 205 160 42 107 
121 225 229 177 150 189 170 94 108 272 
316 46 122 32 143 86 153 202 239 277 
29 222 313 2 127 264 271 117 262 148 
115 312 113 138 57 43 74 61 55 227 
187 317 62 269 212 188 8 200 193 226 
232 263 314 63 106 109 105 175 4 292 
209 
