161
0 81 37 93 145 106 15 46 155 73 
91 148 144 47 42 87 24 70 52 134 
43 18 95 80 53 113 118 61 28 151 
64 103 158 22 111 139 152 149 26 21 
57 29 147 141 67 33 88 30 51 97 
35 101 130 72 27 82 63 123 69 32 
60 14 10 5 99 9 38 114 143 89 
17 122 107 157 34 31 12 68 25 110 
140 146 8 75 112 23 128 160 20 104 
84 125 66 48 3 138 156 137 127 4 
1 65 142 39 54 76 150 115 78 85 
108 83 62 16 159 55 98 133 40 79 
44 74 11 116 126 86 50 19 129 105 
121 120 136 153 7 154 100 94 77 56 
6 109 49 96 135 117 102 13 45 92 
2 119 41 132 59 124 131 58 71 36 
90 
