251
0 128 9 14 195 38 82 216 206 214 
158 75 58 61 107 225 132 98 119 53 
66 79 27 161 201 115 153 235 152 133 
204 150 6 84 81 99 165 203 34 44 
113 60 198 59 139 95 200 96 166 220 
181 8 78 169 56 20 104 192 222 137 
242 111 19 160 238 28 136 250 10 140 
176 178 68 237 129 190 83 103 202 246 
42 215 249 224 65 76 117 148 16 63 
180 171 80 147 22 145 57 197 134 31 
185 141 240 126 101 86 36 118 191 114 
177 154 194 168 239 188 172 189 100 196 
69 90 211 18 40 228 116 45 146 142 
91 77 67 64 205 155 175 219 89 52 
5 164 156 1 47 174 229 243 62 170 
102 124 12 184 212 93 50 37 234 213 
193 179 49 97 245 130 217 241 127 29 
112 218 143 15 207 13 85 32 138 208 
106 221 223 209 26 121 244 173 210 236 
17 7 122 232 23 3 25 70 187 43 
149 94 33 39 54 167 123 74 30 230 
157 248 55 162 199 125 11 88 233 226 
186 227 71 163 131 72 247 35 21 109 
151 108 159 183 135 2 24 4 92 48 
51 120 73 110 144 182 46 87 105 231 
41 
