501
0 394 422 42 15 124 452 63 462 235 
419 316 200 377 82 91 36 372 136 220 
219 498 353 8 489 479 432 453 125 243 
142 433 192 153 283 449 443 18 304 169 
92 199 395 373 386 87 179 338 259 221 
131 389 67 385 50 71 455 365 331 494 
162 327 146 160 129 440 113 155 9 185 
139 404 100 293 248 94 343 222 427 62 
93 51 164 120 55 397 64 75 99 191 
400 271 306 43 187 274 429 302 144 231 
405 252 217 401 344 301 280 326 426 294 
41 31 11 19 484 317 366 264 311 342 
328 307 472 299 251 413 49 127 287 107 
435 20 183 459 159 376 188 315 439 86 
409 4 96 398 97 135 341 423 278 406 
289 189 319 156 207 123 411 73 59 291 
2 12 355 180 16 202 158 345 118 121 
322 209 468 157 226 402 218 276 308 38 
114 480 454 320 101 29 354 60 333 68 
382 233 177 57 203 420 245 465 493 174 
434 141 149 80 98 242 168 104 476 492 
407 213 102 323 109 244 53 143 170 58 
165 112 30 134 363 40 154 78 391 14 
430 496 70 457 133 178 442 284 300 256 
339 396 381 45 10 269 111 313 103 95 
437 115 312 253 415 66 470 3 390 261 
436 22 337 13 482 334 237 282 48 349 
425 309 497 79 361 147 474 332 336 438 
83 6 138 266 447 130 204 270 46 387 
451 471 499 184 464 305 488 310 292 273 
324 450 421 223 69 441 132 37 85 215 
290 446 84 279 198 151 61 238 362 350 
329 272 186 205 359 288 297 249 171 232 
340 368 47 399 150 247 181 495 77 285 
211 74 485 190 206 88 195 379 17 392 
152 458 483 196 477 240 90 380 254 360 
347 487 23 491 371 122 106 166 145 76 
5 228 1 167 348 330 268 456 24 445 
140 263 481 298 108 225 417 25 126 89 
239 28 356 478 267 369 21 201 197 234 
388 490 281 414 210 35 460 32 473 148 
448 335 410 486 175 260 466 265 7 403 
137 469 424 119 27 224 34 110 161 212 
257 303 116 408 461 172 352 173 262 384 
258 318 216 56 33 346 208 275 367 65 
227 246 357 375 467 255 182 52 39 374 
416 314 229 364 105 214 358 383 475 193 
351 378 277 81 431 176 428 194 26 393 
412 250 117 444 321 128 296 230 44 241 
54 236 325 286 500 370 418 463 163 295 
72 
