251
0 167 66 179 249 143 82 181 211 3 
136 196 47 226 239 166 8 25 57 36 
227 104 205 27 149 235 87 195 43 232 
73 102 4 141 5 237 13 123 67 48 
165 113 107 40 71 246 133 234 158 31 
213 220 236 230 91 35 112 63 60 223 
240 198 228 53 55 72 128 163 79 76 
33 139 200 185 124 18 140 191 58 61 
83 111 78 161 222 176 148 99 184 145 
6 96 46 175 77 30 156 221 144 70 
17 210 250 9 207 187 56 68 186 132 
103 217 138 22 14 216 172 88 92 153 
233 129 105 110 215 69 170 38 16 75 
204 238 84 114 122 159 169 39 242 29 
190 203 208 59 44 10 50 108 202 193 
151 89 116 231 2 86 121 41 212 117 
182 125 164 248 245 127 21 65 49 152 
180 177 51 150 80 23 52 45 134 12 
101 225 201 62 197 137 173 115 130 24 
241 106 42 32 244 155 1 199 171 120 
100 98 54 28 119 219 131 126 209 94 
81 214 7 19 168 189 95 64 147 206 
93 160 154 157 118 188 85 178 15 90 
74 20 11 34 224 146 192 229 183 243 
97 194 26 247 142 162 37 109 218 135 
174 
