501
0 242 426 461 53 423 169 134 250 466 
78 439 314 465 209 83 480 277 290 230 
424 89 427 119 260 309 100 30 39 327 
259 163 354 91 422 231 489 331 139 383 
317 80 38 7 421 112 375 308 371 12 
4 481 205 374 379 63 291 372 158 192 
410 206 313 499 285 182 321 92 37 352 
22 253 2 46 307 199 473 334 236 8 
431 126 311 497 161 33 81 179 280 222 
114 203 398 344 425 110 95 458 26 319 
496 487 155 341 320 297 193 160 251 289 
52 492 47 498 247 226 55 101 472 233 
482 442 71 412 367 154 449 232 85 67 
172 488 211 220 460 177 464 76 390 257 
180 254 351 330 221 48 28 450 141 143 
239 273 13 14 284 43 288 218 485 391 
500 310 437 79 301 451 244 130 214 413 
54 202 453 196 407 349 329 248 107 132 
73 347 484 433 121 113 388 204 275 376 
183 495 415 350 445 389 90 227 58 353 
3 147 302 57 293 20 400 19 444 31 
491 44 142 441 212 323 88 397 188 24 
274 124 358 149 359 197 213 186 29 338 
187 486 335 343 356 153 459 381 105 419 
287 10 435 457 45 332 265 454 409 315 
348 402 266 399 249 185 111 434 417 279 
70 94 238 370 168 120 72 462 470 365 
145 167 66 300 150 41 35 59 173 25 
378 117 393 42 403 368 93 207 264 128 
286 269 342 272 174 64 382 326 237 116 
118 40 438 476 363 135 318 164 298 312 
416 443 96 452 339 77 36 322 17 468 
60 200 267 469 86 148 396 360 295 109 
99 428 181 210 366 165 340 131 384 296 
225 136 418 23 440 373 392 355 159 223 
447 357 49 97 125 394 255 175 178 87 
108 176 448 195 245 246 408 432 162 474 
479 306 429 299 241 276 1 483 234 56 
61 51 411 224 184 65 6 201 261 446 
294 208 463 190 217 282 292 215 137 386 
84 16 235 62 270 170 385 152 123 493 
395 362 406 68 369 303 102 138 268 345 
240 146 228 262 346 166 129 198 104 377 
490 122 74 144 467 316 333 263 258 364 
5 157 18 387 436 252 127 401 219 229 
405 475 404 75 156 151 103 328 194 361 
11 32 278 171 455 414 271 380 140 477 
216 325 324 304 256 21 27 337 15 283 
305 336 9 494 115 34 478 420 189 430 
243 281 50 133 98 82 69 106 456 471 
191 
