161
0 25 104 39 32 45 65 96 9 30 
40 74 64 95 146 103 111 126 69 114 
82 109 24 79 66 57 83 113 128 159 
108 61 23 121 93 29 137 139 90 20 
134 77 89 78 53 130 1 51 144 46 
59 142 41 119 152 127 19 160 8 28 
62 131 47 71 125 105 26 52 7 92 
13 110 99 115 107 151 120 67 147 91 
84 141 70 138 98 133 112 149 12 4 
50 153 35 11 116 85 135 81 106 100 
63 42 86 14 48 16 34 3 143 72 
18 2 145 60 37 156 27 73 88 10 
31 22 33 122 43 102 68 148 97 38 
150 136 155 49 123 5 158 6 54 58 
21 75 129 132 118 17 140 36 117 55 
154 44 56 124 15 80 87 76 94 157 
101 
