501
0 413 363 145 18 452 381 86 411 438 
44 49 66 139 25 129 241 412 95 22 
117 379 33 473 221 356 54 407 281 289 
256 35 482 321 467 364 70 124 112 464 
392 83 396 146 211 201 285 52 369 354 
110 271 328 261 30 494 227 280 450 215 
488 309 437 244 337 432 430 190 176 11 
232 157 116 398 213 360 242 444 106 339 
156 312 330 290 19 189 382 476 214 272 
439 62 462 28 326 14 294 150 113 259 
454 104 428 136 147 474 274 240 4 451 
12 17 343 453 187 421 82 169 149 185 
291 495 265 352 336 348 133 456 162 394 
59 132 102 143 448 48 202 164 376 260 
400 466 442 323 255 470 167 359 138 172 
161 81 36 77 37 51 282 100 141 287 
458 235 64 195 188 493 23 225 329 475 
243 460 15 216 184 296 263 498 8 6 
455 385 5 419 418 307 179 101 228 31 
130 203 472 127 115 173 67 39 311 304 
58 346 160 262 165 471 479 178 423 40 
224 367 355 375 137 226 134 74 390 123 
409 459 429 234 121 267 269 306 316 2 
298 327 171 233 318 148 9 433 283 26 
196 308 38 350 388 194 499 351 487 197 
349 10 258 264 406 118 253 469 485 378 
449 68 257 441 345 393 27 191 126 362 
245 497 43 347 204 79 73 154 21 461 
366 212 277 416 152 61 268 29 223 299 
183 387 372 422 47 333 252 103 293 75 
300 490 436 158 324 368 361 55 97 270 
302 87 109 168 371 78 159 405 42 463 
200 478 338 295 310 198 408 404 332 435 
246 174 426 341 402 425 446 96 94 431 
397 63 229 383 122 496 315 278 481 71 
373 357 93 41 288 231 317 16 477 60 
358 32 163 384 292 414 254 344 91 208 
219 457 111 120 399 314 230 3 334 144 
365 395 342 128 275 105 445 56 249 320 
89 85 301 286 155 142 99 322 108 199 
20 401 237 335 166 135 276 46 447 374 
193 88 500 465 380 131 209 340 297 415 
107 403 389 24 180 489 486 98 90 303 
34 50 114 266 186 325 468 175 84 92 
410 239 65 220 207 177 182 170 370 491 
218 386 331 319 53 206 76 238 69 424 
248 151 273 247 140 279 57 1 236 250 
417 153 353 492 305 443 440 483 7 119 
210 391 13 420 217 427 284 205 484 45 
222 72 480 125 313 377 80 251 181 434 
192 
