161
0 101 99 116 52 46 53 32 97 130 
8 102 55 121 105 85 47 22 71 157 
126 37 20 9 124 44 48 33 78 6 
13 61 111 152 148 34 83 1 2 136 
104 7 18 119 129 70 132 30 41 149 
128 63 103 156 87 89 19 12 142 86 
66 139 40 159 25 137 57 146 93 15 
90 74 50 131 59 58 125 69 108 42 
153 154 60 26 120 77 79 31 72 51 
143 43 11 62 144 29 133 147 113 100 
23 91 45 80 112 75 107 134 155 138 
140 158 98 127 123 73 109 106 49 17 
54 38 5 56 21 110 92 81 150 115 
145 84 114 67 14 3 27 82 28 68 
96 65 151 118 94 117 24 76 35 88 
36 16 95 10 160 4 39 122 141 135 
64 
