161
0 77 108 138 109 106 72 141 144 53 
116 48 81 19 56 41 154 103 111 99 
10 95 43 126 15 26 5 104 86 121 
128 32 74 42 151 160 71 125 101 47 
6 33 37 39 115 132 69 63 61 29 
147 78 54 36 80 150 25 14 2 24 
67 107 156 46 3 112 66 146 131 118 
98 17 130 133 62 38 148 59 149 45 
92 88 113 136 55 40 124 87 155 23 
102 35 142 129 110 11 58 18 83 22 
27 7 8 145 152 134 20 100 75 91 
157 120 70 13 135 105 34 21 123 122 
52 140 84 4 12 65 68 60 1 94 
143 158 119 153 30 9 114 64 57 139 
76 89 79 44 127 96 85 49 117 16 
50 97 73 137 93 82 31 90 159 51 
28 
