501
0 490 154 252 459 25 74 475 64 80 
346 8 119 351 451 49 294 211 26 167 
135 214 163 458 499 188 343 286 287 259 
333 344 158 194 316 96 79 447 94 206 
233 69 139 198 489 334 349 282 66 397 
165 352 215 415 381 478 472 103 123 445 
7 200 324 293 254 321 498 291 10 174 
438 241 350 368 380 424 296 201 213 109 
340 113 247 393 486 136 56 121 382 130 
400 328 87 497 112 88 389 307 337 270 
280 314 385 283 152 367 97 19 462 16 
342 193 432 168 473 356 31 78 253 27 
61 491 392 327 369 169 22 191 184 449 
372 70 298 412 269 63 192 401 244 325 
145 60 52 335 301 141 276 431 481 239 
48 218 275 138 175 417 288 271 118 323 
394 209 376 146 105 338 267 390 234 179 
407 303 205 114 322 3 496 216 416 469 
137 471 388 455 131 40 409 108 309 240 
317 488 398 470 260 225 284 377 304 160 
182 257 95 89 422 348 467 450 290 159 
5 11 132 124 128 403 210 386 18 224 
360 418 308 133 223 374 67 477 336 37 
457 62 266 263 461 408 45 229 474 289 
242 172 442 500 444 147 391 144 155 85 
480 310 92 362 196 426 71 35 402 306 
410 439 347 34 454 38 111 330 437 320 
237 43 199 185 378 460 483 453 151 232 
261 117 493 326 1 399 430 452 75 279 
14 39 245 176 249 272 17 187 153 104 
484 46 217 466 212 427 28 273 55 183 
359 448 202 101 231 190 149 251 36 292 
331 15 53 44 281 265 110 329 125 468 
354 127 162 170 358 268 106 4 122 9 
173 384 59 65 228 102 300 278 177 419 
76 406 148 181 428 203 465 435 250 86 
492 21 32 429 222 361 83 414 366 264 
23 262 115 365 363 227 255 411 396 312 
77 313 345 33 425 100 107 116 98 274 
446 72 464 440 134 341 305 189 208 373 
238 82 150 195 204 357 404 332 129 13 
405 315 421 370 463 434 248 353 29 256 
93 443 219 302 166 387 413 47 41 6 
178 120 423 243 319 364 495 295 235 311 
371 476 485 318 164 81 246 207 140 395 
221 2 180 494 383 197 285 186 479 482 
68 355 236 456 171 90 50 30 420 299 
126 142 220 24 73 436 51 42 84 230 
375 226 339 20 58 433 487 143 379 441 
57 157 161 156 91 99 12 258 277 54 
297 
