321
0 9 50 199 55 33 297 298 132 195 
204 59 229 112 307 61 268 151 35 260 
271 109 259 319 108 28 87 123 101 26 
5 149 228 127 313 32 221 223 211 145 
218 92 130 164 111 150 95 241 102 72 
125 174 207 201 264 41 206 183 6 104 
249 25 177 235 113 284 77 299 311 67 
186 181 106 40 147 212 76 74 153 309 
91 82 155 227 143 93 179 178 64 140 
63 86 316 172 203 240 73 180 51 304 
188 267 293 156 42 295 46 18 252 273 
68 239 245 124 134 38 250 279 17 286 
22 103 81 291 225 166 272 202 30 144 
205 52 142 4 230 219 168 283 44 65 
157 163 214 43 247 210 70 122 24 165 
45 98 308 170 294 53 257 315 269 15 
90 126 29 21 47 107 274 232 121 306 
276 302 282 236 36 254 139 10 167 213 
246 23 262 114 251 290 152 233 320 242 
12 48 275 318 97 27 116 281 2 11 
256 222 189 226 248 277 312 244 57 176 
270 54 31 19 220 314 49 237 175 7 
224 129 105 119 39 94 288 234 100 83 
209 187 310 66 278 131 88 75 300 161 
265 280 13 158 162 287 173 146 192 193 
208 117 196 138 128 255 190 16 84 169 
215 56 99 216 58 136 20 317 37 85 
191 171 69 133 115 194 296 14 266 231 
263 197 292 159 148 185 198 34 243 8 
62 238 60 217 253 261 137 71 160 1 
184 120 80 118 141 110 79 3 289 78 
89 154 182 285 96 305 301 258 303 200 
135 
