501
0 215 31 197 120 323 469 255 171 376 
455 240 25 415 174 380 121 270 413 325 
124 63 250 363 294 327 304 75 106 140 
186 165 361 328 103 332 156 159 226 216 
369 422 367 360 229 195 126 79 113 89 
149 134 412 1 335 478 396 318 405 14 
458 92 59 352 451 5 180 144 70 143 
136 58 111 436 307 10 102 184 273 71 
125 272 95 433 462 310 51 50 61 326 
253 268 219 139 439 314 371 298 116 288 
320 248 122 236 395 98 317 402 432 379 
119 355 348 463 42 446 447 479 381 313 
493 374 172 390 80 487 315 258 481 101 
269 41 88 202 466 490 497 337 485 132 
357 440 4 146 39 154 161 351 96 410 
453 283 423 91 354 267 290 393 29 383 
278 224 457 499 350 85 340 324 69 259 
263 282 74 65 426 428 237 368 196 333 
162 435 454 2 77 76 158 284 398 431 
399 90 425 330 244 309 403 150 461 211 
472 218 99 46 477 424 301 342 344 44 
438 362 417 353 262 114 378 217 17 64 
331 27 346 339 382 450 152 370 303 48 
418 129 280 232 475 6 238 456 480 408 
148 205 151 256 249 483 3 358 441 208 
52 177 400 401 420 128 53 279 347 155 
47 389 225 386 486 305 388 164 336 448 
343 22 266 163 133 24 421 292 321 13 
166 16 83 311 252 498 419 429 261 160 
495 94 349 183 227 20 387 173 470 274 
187 302 384 204 209 397 178 181 306 176 
201 18 489 385 234 107 437 287 391 127 
66 222 277 293 8 356 21 296 260 285 
406 496 494 82 141 394 123 104 230 243 
319 375 364 153 198 175 474 193 239 45 
338 55 147 235 62 254 81 334 35 221 
322 112 341 491 464 316 312 182 404 191 
465 199 329 110 365 228 56 109 87 372 
345 233 38 135 67 411 192 291 32 359 
117 118 137 444 430 467 488 40 392 484 
452 105 414 286 213 500 97 231 212 100 
264 57 373 168 416 377 366 427 409 138 
265 33 49 295 167 251 78 86 19 473 
242 43 185 203 492 241 179 60 36 210 
12 275 445 23 468 257 7 84 72 11 
108 15 142 460 271 145 188 68 200 30 
246 34 449 247 443 54 471 459 407 299 
300 115 308 190 214 93 297 476 207 9 
220 442 28 194 289 169 276 245 223 130 
26 157 206 37 170 482 434 131 189 281 
73 
