501
0 197 280 500 20 321 410 242 335 66 
135 184 498 446 268 288 279 64 353 56 
67 68 240 343 99 416 481 148 235 75 
230 449 203 151 114 205 357 258 301 316 
366 493 207 432 173 236 115 80 472 281 
249 86 206 391 462 153 126 248 227 117 
183 42 15 172 123 50 94 486 464 334 
186 422 482 354 8 474 278 204 484 362 
374 188 390 465 180 217 218 3 420 65 
92 241 1 6 78 488 300 182 365 105 
32 224 393 286 483 394 142 110 52 70 
431 375 147 429 245 267 295 154 37 221 
149 325 170 473 367 457 22 216 312 7 
336 293 152 171 122 41 27 39 36 277 
113 302 404 495 156 179 272 487 435 385 
96 341 38 364 162 345 402 379 492 376 
226 450 261 413 76 324 319 199 344 244 
35 326 452 252 195 212 459 401 306 237 
158 62 405 30 426 34 29 85 98 25 
40 28 82 44 388 489 384 453 49 356 
47 211 438 337 299 403 260 294 383 368 
57 373 89 443 311 340 247 398 409 102 
327 187 414 270 174 220 134 43 455 298 
275 223 168 58 13 141 339 255 346 456 
192 381 480 274 210 441 292 238 440 323 
72 87 45 496 26 4 132 448 360 231 
466 130 303 51 103 54 124 408 469 411 
395 14 127 318 9 338 330 129 232 90 
209 475 378 121 63 144 396 91 109 16 
208 83 313 433 427 73 276 107 491 19 
310 308 131 239 400 436 451 363 283 11 
467 189 417 23 297 419 499 320 285 201 
348 143 163 304 386 229 190 95 284 406 
305 256 194 146 397 128 21 418 93 266 
307 350 185 84 59 120 415 479 213 88 
111 437 243 269 233 371 287 101 46 53 
257 425 476 24 460 322 175 380 234 265 
177 140 289 214 442 412 389 370 137 150 
225 250 471 445 48 358 196 5 497 282 
33 181 359 166 328 167 157 145 352 382 
106 116 315 369 262 71 259 407 430 198 
160 254 342 351 10 263 314 423 458 12 
81 97 228 333 215 329 178 139 18 104 
444 17 454 202 77 349 470 485 377 55 
477 355 468 461 164 361 273 133 387 331 
271 200 399 290 176 347 31 169 317 253 
291 251 118 219 447 69 155 165 478 138 
191 159 193 332 74 119 392 264 421 79 
61 372 296 136 100 424 309 434 108 490 
439 161 246 222 494 60 112 463 125 428 
2 
