321
0 59 282 260 67 121 94 159 193 224 
106 212 146 294 199 258 41 133 39 181 
98 32 88 205 315 226 81 171 16 127 
155 319 148 237 169 131 55 115 177 132 
105 167 178 262 228 102 24 184 47 48 
266 99 196 90 112 208 162 279 29 158 
248 288 14 87 251 242 183 110 153 186 
13 264 61 6 278 245 80 243 43 143 
144 207 295 232 166 15 192 145 12 93 
30 203 244 273 124 44 49 201 101 77 
31 68 268 223 190 250 1 69 120 227 
209 310 189 164 170 218 197 83 188 238 
73 140 150 92 21 236 187 149 259 285 
54 217 202 74 11 111 95 157 222 281 
27 66 195 118 125 45 313 314 306 135 
267 185 255 137 283 57 210 176 253 272 
297 168 28 303 239 316 147 235 270 25 
286 100 139 312 104 174 240 216 18 309 
276 318 274 7 231 37 289 76 204 84 
42 257 241 254 17 302 46 221 128 275 
9 72 89 198 78 8 70 33 103 5 
182 113 246 292 213 173 320 152 308 191 
63 249 160 261 219 304 79 211 220 71 
194 53 290 154 271 301 277 36 2 40 
265 138 82 229 134 51 293 298 91 116 
307 165 75 38 109 52 311 156 119 247 
107 151 269 117 65 58 4 62 3 35 
60 175 287 85 291 296 256 22 305 234 
129 142 23 179 64 317 225 163 136 284 
34 263 206 123 130 50 299 172 230 215 
19 122 108 180 280 200 86 126 10 114 
214 161 97 96 56 252 300 20 233 26 
141 
