1001
0 387 351 631 68 847 246 614 715 510 
440 350 532 917 288 170 286 365 328 861 
685 458 717 604 938 955 395 684 775 711 
764 315 7 778 327 756 281 502 725 657 
788 840 786 722 435 528 183 544 815 128 
555 736 445 922 774 946 765 925 769 932 
379 856 687 540 521 31 179 509 206 78 
595 703 590 402 667 983 740 965 773 66 
3 921 645 719 253 968 746 757 227 243 
64 167 444 982 192 154 879 960 42 403 
408 905 607 141 481 362 937 223 410 666 
522 5 821 40 407 347 276 38 14 20 
792 947 316 148 973 58 207 691 668 689 
319 918 904 208 180 461 664 489 818 212 
915 838 728 538 549 591 956 795 56 855 
979 576 912 919 427 368 587 995 376 751 
620 11 475 883 258 82 934 27 156 658 
79 986 839 413 739 894 799 671 626 262 
330 755 71 404 373 750 700 874 929 359 
150 240 848 880 293 495 2 173 26 239 
701 762 48 966 431 12 776 4 164 517 
198 482 333 581 157 642 69 871 142 356 
308 507 634 784 527 846 361 575 1 300 
1000 639 993 442 377 60 363 336 816 501 
669 969 454 565 118 446 416 46 672 754 
952 702 109 860 406 571 606 314 59 21 
802 706 185 942 252 165 153 310 291 876 
432 814 199 77 985 618 551 580 570 275 
96 828 648 307 768 104 745 204 733 992 
697 504 991 939 949 55 344 357 721 674 
331 175 662 683 268 374 299 529 887 256 
516 625 50 865 125 661 533 417 547 977 
505 419 663 996 677 473 290 398 488 213 
771 716 176 434 384 970 978 644 294 820 
610 862 646 463 588 52 13 335 318 698 
519 744 16 714 734 749 748 249 273 730 
49 869 390 858 234 340 990 797 898 188 
884 601 102 794 655 971 686 439 817 241 
704 117 124 242 237 334 615 682 108 352 
974 953 770 270 114 313 123 723 265 564 
850 349 827 438 550 485 560 244 460 133 
375 216 833 980 184 266 628 553 127 926 
326 250 264 72 101 95 627 70 875 189 
200 214 324 592 630 612 224 134 494 678 
225 105 131 486 724 161 194 231 852 332 
459 796 415 958 409 462 708 851 138 76 
563 278 747 600 346 452 694 447 287 772 
146 873 579 311 670 511 557 573 126 574 
490 325 914 422 119 450 759 804 709 211 
296 283 341 636 81 45 559 688 524 935 
181 536 543 779 274 280 132 562 302 603 
122 358 593 803 643 480 478 238 523 554 
877 471 484 426 913 305 355 456 393 285 
236 457 583 491 106 837 215 598 304 171 
279 535 466 900 534 885 822 166 826 451 
145 235 129 964 135 88 823 810 32 758 
289 798 271 499 337 599 897 545 400 546 
338 731 75 892 103 896 230 468 933 753 
382 829 824 492 158 83 901 17 197 801 
954 292 366 297 63 845 23 392 353 611 
67 962 147 782 766 812 443 259 269 24 
500 369 931 92 707 449 857 613 951 569 
760 975 867 718 94 110 317 396 902 640 
681 836 218 140 205 245 842 151 190 793 
254 967 568 713 582 493 80 210 221 348 
863 530 907 886 93 514 100 143 656 999 
306 943 19 339 116 187 423 819 512 89 
345 988 136 284 329 635 320 984 805 893 
195 586 911 908 928 321 73 411 476 849 
301 172 418 186 107 261 577 906 767 680 
448 91 113 961 388 676 191 638 633 552 
924 28 425 957 248 257 18 605 653 923 
386 57 385 155 660 429 959 255 372 298 
878 36 616 367 295 441 808 182 777 193 
178 226 43 464 650 520 843 421 835 976 
25 690 596 98 303 130 85 152 737 90 
649 891 572 233 217 622 219 665 74 693 
87 209 436 163 710 30 695 890 525 539 
998 584 97 624 37 33 743 472 160 364 
399 203 483 401 469 508 381 899 61 202 
882 267 597 455 811 556 561 854 272 10 
940 738 651 162 807 948 394 378 222 916 
841 608 895 944 169 859 477 632 791 647 
720 383 785 834 137 6 909 111 637 201 
86 282 322 260 506 888 548 309 831 558 
963 149 806 232 479 99 420 465 414 783 
594 941 196 761 247 945 832 679 513 496 
531 342 989 789 566 741 699 696 360 742 
800 120 430 729 44 22 470 981 343 889 
380 578 621 453 51 903 868 712 950 609 
144 39 844 405 412 389 424 228 872 354 
752 220 177 8 437 787 813 115 503 29 
526 323 617 433 518 62 497 542 15 312 
659 34 870 515 84 866 930 537 229 112 
692 830 121 825 371 397 654 428 585 652 
47 54 623 277 972 763 853 619 391 370 
602 732 53 705 997 675 735 809 589 673 
541 263 9 987 629 881 790 65 498 139 
159 920 641 936 567 168 35 727 251 864 
726 487 994 781 474 780 174 927 41 910 
467 
