701
0 278 276 230 670 435 591 195 503 114 
610 655 577 555 650 378 329 340 656 162 
397 654 421 284 658 117 111 567 85 51 
2 361 218 242 616 233 34 460 20 687 
396 36 477 585 437 47 452 169 44 82 
254 523 256 186 16 63 600 74 266 509 
141 604 320 152 273 401 485 540 203 495 
213 177 145 179 315 517 122 366 341 159 
357 657 553 38 238 8 248 522 327 3 
81 314 589 442 57 358 43 520 148 207 
445 608 178 60 617 518 593 500 465 89 
135 45 79 62 428 206 300 101 219 394 
181 474 398 463 484 408 297 380 635 75 
391 165 229 288 138 448 369 318 158 70 
625 569 489 384 697 17 88 94 407 183 
595 23 501 294 243 466 295 371 124 513 
86 56 9 35 427 332 308 170 343 651 
77 535 461 116 542 166 128 227 93 6 
336 149 629 620 536 192 502 121 303 344 
499 277 191 429 15 200 406 323 432 246 
73 293 290 478 395 414 142 443 387 125 
552 551 80 597 137 310 306 410 586 347 
319 433 488 425 7 105 519 422 393 619 
385 5 335 532 665 409 353 204 530 362 
212 24 280 324 120 302 118 157 285 372 
624 356 588 132 265 102 133 684 557 298 
663 547 274 172 623 490 98 235 350 415 
309 214 450 252 147 476 646 449 462 198 
512 239 224 228 698 342 126 630 42 470 
359 533 386 221 334 301 669 234 417 576 
107 338 680 574 612 374 30 582 538 572 
545 652 529 240 601 544 444 279 27 446 
52 438 611 339 666 188 146 268 78 483 
493 674 25 337 426 418 467 480 677 174 
180 382 479 108 345 61 104 313 112 299 
21 199 184 231 13 129 182 486 402 245 
92 454 40 87 96 156 511 481 563 571 
328 420 258 205 84 167 305 579 390 528 
506 286 312 521 614 351 348 647 673 508 
638 216 160 46 223 457 237 607 590 603 
605 349 253 333 95 134 514 64 458 173 
436 566 527 100 271 412 637 330 618 660 
37 550 370 322 682 599 263 472 641 257 
598 399 161 91 83 292 668 260 250 232 
440 168 583 643 127 548 690 113 90 264 
549 558 29 685 419 633 645 209 602 695 
487 411 32 55 360 304 672 325 648 71 
144 59 534 151 222 11 140 494 455 561 
185 439 197 202 592 363 19 416 453 41 
247 546 379 164 392 317 251 72 606 311 
272 686 524 584 282 53 400 109 507 664 
296 136 153 31 693 76 556 275 119 699 
691 321 683 65 58 1 346 491 287 259 
115 644 193 244 434 405 26 636 155 364 
270 368 678 679 241 639 69 49 580 171 
615 504 560 475 423 352 331 516 176 261 
163 570 354 613 492 662 54 640 688 154 
4 694 430 123 10 375 110 596 459 473 
564 441 526 413 99 403 575 143 431 187 
291 671 626 190 211 505 642 510 543 573 
468 531 661 267 236 525 67 39 404 289 
562 210 681 269 627 226 676 497 194 565 
539 365 249 215 383 587 373 689 515 632 
609 496 97 621 634 622 131 103 498 696 
316 692 150 628 469 631 541 12 130 201 
225 653 568 424 48 554 451 675 33 208 
18 196 482 376 68 355 578 700 283 537 
307 326 377 447 28 659 262 66 281 464 
389 139 50 367 381 456 22 220 581 14 
255 649 106 175 189 217 667 594 388 559 
471 
