1001
0 742 909 810 445 817 488 283 348 765 
546 351 699 327 788 88 493 932 25 902 
848 114 270 774 187 298 200 269 855 660 
897 708 415 554 473 701 196 720 17 529 
843 410 80 64 233 104 209 811 280 648 
573 763 277 922 819 525 302 390 625 341 
748 584 166 885 306 650 523 304 949 411 
995 773 787 44 948 869 614 84 247 5 
66 50 700 934 150 204 378 749 805 19 
842 471 284 753 40 572 45 976 988 747 
966 778 343 138 964 713 730 940 126 777 
82 113 776 342 384 213 7 616 35 679 
315 307 240 281 324 353 279 657 81 746 
514 143 287 740 180 524 441 550 49 528 
598 29 319 607 674 907 111 580 346 245 
397 181 935 618 365 634 985 490 310 825 
133 531 779 469 448 606 561 567 785 912 
191 97 398 472 836 433 678 169 942 78 
955 292 574 103 725 388 483 936 179 198 
967 757 628 491 734 386 92 863 814 633 
38 145 718 328 237 400 498 147 199 688 
684 715 142 220 925 278 394 313 482 321 
840 494 954 675 813 826 258 672 898 65 
797 405 241 643 969 406 979 460 286 856 
516 956 260 639 430 193 943 495 87 243 
992 884 756 735 451 155 466 974 194 52 
510 610 443 794 16 294 894 301 548 457 
41 640 168 731 77 908 263 462 829 665 
454 395 893 429 51 141 652 963 544 693 
534 246 736 69 58 239 492 116 775 645 
224 513 917 950 563 839 759 803 305 274 
79 439 970 551 996 851 745 978 545 938 
880 654 259 366 667 926 375 597 192 590 
792 786 505 692 364 543 27 945 271 972 
212 167 569 913 626 248 55 373 355 422 
676 152 362 627 624 636 852 360 807 896 
661 74 119 872 782 106 223 887 144 53 
533 159 63 709 871 393 861 172 727 716 
881 581 565 34 357 438 107 637 536 195 
957 802 975 806 535 252 308 710 867 206 
815 941 322 870 146 251 72 62 864 446 
185 741 160 317 928 571 903 226 553 965 
408 609 860 622 299 570 222 216 891 664 
413 923 228 293 719 370 828 837 86 920 
649 823 335 282 539 798 75 484 261 339 
659 901 349 833 768 404 858 862 396 879 
37 15 781 101 318 333 739 334 120 538 
67 175 109 812 582 951 588 721 385 250 
998 714 256 953 409 906 149 70 515 21 
156 2 499 352 479 873 89 325 461 947 
39 46 519 509 703 552 989 783 575 102 
303 677 170 707 537 769 225 911 418 137 
71 530 686 163 421 599 511 830 132 288 
108 764 822 982 689 984 612 743 290 780 
61 253 130 600 501 369 401 177 359 986 
500 211 13 99 890 844 189 431 42 993 
821 651 613 201 623 845 331 54 376 804 
161 28 475 866 465 799 329 937 888 257 
820 929 717 578 48 232 435 766 784 230 
583 635 208 98 751 704 234 481 91 452 
658 611 186 403 90 895 485 197 296 153 
691 977 900 983 392 174 83 238 770 453 
899 236 605 629 182 566 363 56 467 910 
532 417 662 865 124 235 971 231 882 838 
596 424 428 219 96 345 924 987 905 557 
981 151 997 857 560 832 723 931 402 11 
33 112 350 632 961 337 585 8 136 316 
374 690 540 750 203 653 694 295 834 158 
165 875 215 738 121 268 1000 681 26 12 
157 218 512 601 683 207 831 489 20 755 
835 440 383 115 958 919 642 619 273 698 
487 904 399 262 379 868 420 291 671 527 
915 507 772 14 502 173 43 30 914 973 
991 309 685 952 737 162 18 188 854 368 
705 458 841 432 320 724 24 323 340 419 
76 412 336 883 474 771 946 517 171 486 
127 459 595 594 118 358 520 589 437 849 
930 593 210 140 332 682 202 380 47 762 
272 434 255 427 892 444 229 680 733 808 
73 372 478 382 266 131 59 330 760 300 
314 889 463 696 706 264 242 503 468 154 
800 497 827 449 542 579 338 793 541 663 
547 555 556 361 426 464 36 549 630 254 
809 31 576 9 933 183 442 722 990 874 
916 824 886 476 847 761 22 621 275 60 
227 387 587 673 356 818 994 129 604 184 
450 347 568 752 470 23 123 586 326 214 
617 638 697 795 687 178 859 3 496 423 
647 354 135 125 726 669 968 670 32 377 
128 939 558 562 728 615 641 702 456 117 
711 608 506 754 518 477 244 217 414 644 
816 789 666 712 758 592 744 289 176 105 
853 959 631 655 960 944 344 927 391 85 
767 249 1 381 436 921 221 522 526 508 
796 791 190 656 564 695 980 559 504 416 
68 729 603 577 312 134 447 311 139 790 
668 425 110 276 57 801 389 265 371 94 
620 10 285 6 148 850 455 732 521 267 
591 205 100 918 93 297 602 407 4 480 
122 878 962 999 876 646 367 877 95 164 
846 
