251
0 233 202 160 73 179 225 96 50 159 
54 102 236 247 31 174 134 43 40 94 
15 215 177 196 106 98 199 85 82 104 
113 78 226 232 248 71 35 80 153 181 
131 151 180 115 9 139 161 234 166 205 
34 238 14 109 173 45 24 33 32 144 
203 10 184 72 208 250 218 230 207 57 
169 212 49 220 183 42 124 29 125 103 
63 66 176 70 76 188 89 165 228 162 
53 52 22 240 219 3 141 46 13 178 
224 150 191 56 17 167 163 7 152 118 
108 145 16 135 137 59 243 58 122 47 
69 154 44 147 6 8 155 116 41 164 
19 171 157 25 97 21 37 222 170 182 
197 213 48 11 138 5 79 235 121 87 
231 172 123 1 126 130 221 107 242 246 
244 55 136 216 26 38 64 237 186 143 
119 27 77 149 227 67 200 30 229 192 
114 23 99 158 39 189 20 241 132 83 
28 142 168 120 198 75 194 62 214 65 
127 2 105 111 209 12 81 156 91 18 
112 148 129 110 100 187 206 223 61 4 
90 175 211 146 210 51 88 201 84 117 
217 239 36 68 86 193 195 74 190 101 
249 60 92 133 140 93 185 245 204 95 
128 
