501
0 192 97 460 113 463 267 106 321 28 
80 233 183 350 90 294 29 69 34 99 
200 405 299 249 295 130 430 466 462 326 
45 85 235 246 81 263 497 190 231 471 
427 394 122 458 443 478 227 174 408 457 
242 257 5 461 374 163 91 475 114 196 
494 488 194 357 161 344 151 377 332 157 
253 232 410 419 189 493 54 388 237 313 
135 166 300 351 280 474 162 222 336 236 
286 47 387 78 125 487 131 445 111 423 
187 71 83 383 485 385 483 241 75 115 
305 239 230 137 188 489 220 53 358 31 
293 40 435 175 118 468 379 197 254 337 
148 92 243 496 291 314 82 482 134 158 
292 324 448 364 180 202 329 105 289 335 
64 127 476 149 139 126 50 211 43 375 
128 363 451 210 16 95 108 406 454 140 
355 297 1 492 378 399 117 178 123 384 
479 409 213 382 323 396 124 264 133 132 
256 96 316 214 341 481 283 322 152 290 
312 347 70 100 278 65 465 498 89 315 
402 51 360 499 392 418 432 103 367 79 
36 10 298 146 77 209 473 18 373 218 
425 303 72 55 24 223 359 61 319 381 
116 285 442 398 282 208 371 251 94 436 
467 365 63 415 7 13 107 491 49 207 
112 433 172 6 477 219 469 11 56 185 
226 216 446 310 274 444 76 154 234 464 
199 155 217 156 141 136 269 37 258 215 
440 407 453 362 205 160 22 450 330 424 
439 20 129 386 311 52 287 93 328 169 
412 2 343 400 455 333 403 429 109 102 
167 302 353 60 422 389 490 279 238 159 
171 87 86 262 265 48 495 417 88 74 
225 224 345 221 339 484 201 33 195 206 
203 459 391 35 138 58 414 39 486 240 
356 308 301 437 57 420 470 9 191 348 
327 370 342 304 390 268 338 245 184 277 
8 438 361 275 177 500 428 416 193 452 
284 186 426 21 204 46 68 261 110 421 
144 449 38 317 143 101 270 212 366 472 
228 331 404 307 247 179 354 248 325 26 
369 32 281 27 252 168 198 17 229 147 
164 334 104 150 41 413 121 181 142 98 
272 3 182 349 340 306 250 14 380 296 
447 44 255 411 59 42 73 23 276 176 
346 25 260 431 4 368 320 372 12 376 
170 480 393 266 66 84 441 15 309 62 
259 288 318 271 119 397 456 173 273 395 
244 434 401 120 30 352 153 19 145 165 
67 
