251
0 192 40 214 52 204 111 41 150 93 
83 135 44 182 210 23 95 4 97 142 
2 158 223 17 163 215 175 202 244 107 
117 191 157 48 85 242 61 246 5 224 
169 133 185 3 51 222 180 229 118 237 
238 7 101 203 240 136 10 206 209 81 
122 120 79 186 234 22 100 50 241 171 
187 250 231 82 1 75 119 230 77 26 
159 153 147 54 140 12 156 213 228 72 
32 58 151 35 46 59 205 57 86 168 
8 128 13 37 74 127 90 34 21 248 
198 173 55 152 162 139 6 87 98 68 
164 84 104 160 161 216 226 193 39 42 
129 201 115 178 167 232 195 148 30 102 
19 27 16 225 194 29 91 109 69 116 
105 236 45 18 99 227 126 123 166 249 
233 114 80 56 38 112 170 24 78 64 
176 15 208 211 110 181 220 199 33 103 
146 25 184 144 113 28 247 219 239 245 
190 89 76 62 20 143 9 174 154 172 
165 177 235 96 145 11 31 14 47 65 
88 71 49 70 132 221 243 138 106 53 
124 43 67 217 63 134 94 200 92 196 
218 137 189 130 60 73 125 207 121 149 
183 66 108 36 212 188 141 179 155 197 
131 
