161
0 108 28 131 63 62 122 121 48 89 
150 68 8 136 123 67 33 160 110 141 
42 5 151 128 92 34 90 13 21 106 
60 114 31 3 25 98 71 153 105 10 
37 9 145 118 23 75 50 148 132 36 
85 155 59 38 79 149 158 76 117 83 
6 88 82 104 126 137 1 139 127 66 
73 46 65 24 51 120 111 157 72 146 
143 69 19 135 109 16 119 107 116 56 
29 91 113 96 94 80 86 124 93 81 
159 49 32 134 125 101 133 7 97 18 
112 154 22 142 138 55 152 27 100 78 
17 45 77 2 156 95 87 130 43 30 
115 11 54 44 61 102 12 129 70 53 
14 20 99 26 47 58 140 74 144 84 
103 52 4 64 40 39 15 41 147 57 
35 
