501
0 135 200 303 258 301 423 391 381 305 
96 285 389 182 154 89 78 370 289 3 
79 393 110 141 364 411 118 80 349 120 
184 1 406 160 71 137 261 253 217 497 
60 437 238 62 428 8 243 432 419 328 
34 198 415 438 452 148 350 185 143 227 
155 325 422 179 93 469 178 412 401 64 
140 63 458 316 86 425 379 346 403 159 
292 359 472 197 263 231 461 266 14 429 
296 194 133 115 354 494 84 444 169 215 
351 16 190 255 387 128 196 138 453 356 
58 56 485 99 216 471 69 171 368 191 
85 37 460 498 136 467 317 20 427 496 
402 117 366 431 369 208 193 192 146 173 
287 162 180 73 240 463 398 203 172 392 
405 293 156 338 267 188 304 478 51 399 
158 13 280 361 265 416 424 161 300 75 
330 88 131 237 49 314 220 493 19 489 
332 54 414 329 410 176 270 31 372 57 
244 312 277 352 362 248 226 189 11 256 
222 363 384 175 376 7 224 129 105 119 
380 495 94 39 83 341 66 278 345 310 
187 209 450 100 234 288 342 344 396 306 
483 457 276 282 302 488 377 116 281 2 
355 27 447 436 451 275 339 213 167 10 
439 139 254 36 236 378 336 395 274 232 
121 333 473 107 47 21 29 126 418 385 
15 269 315 257 407 308 465 53 294 90 
470 170 397 408 434 420 390 360 23 246 
262 114 448 251 290 487 233 152 320 242 
48 12 358 417 334 322 490 318 97 482 
382 245 430 239 331 68 273 252 337 347 
474 18 421 46 388 295 42 484 134 480 
124 326 38 250 279 17 286 476 22 103 
81 291 225 166 272 202 357 30 144 205 
459 52 142 4 219 230 468 65 44 168 
283 500 348 323 45 98 435 165 24 122 
324 446 70 210 247 43 214 163 157 327 
409 28 108 319 259 426 109 271 260 35 
151 335 445 375 442 454 464 195 204 59 
491 479 229 374 307 112 475 481 145 211 
223 221 486 466 61 340 268 353 123 87 
101 400 26 433 5 149 456 228 32 313 
127 394 386 111 343 164 130 371 92 218 
72 125 455 443 174 102 241 95 150 373 
413 284 113 477 77 299 311 67 186 404 
181 106 40 147 212 76 74 153 367 309 
440 91 82 492 321 365 25 249 177 235 
104 6 183 207 206 41 264 201 132 441 
298 297 462 33 55 199 50 449 9 383 
499 
