1001
0 500 151 287 398 532 106 135 82 499 
261 227 901 291 192 311 347 132 908 843 
650 503 824 684 764 899 466 308 618 100 
508 415 250 394 97 545 322 666 1000 234 
258 664 746 670 337 916 318 123 530 536 
854 776 447 732 706 535 259 131 438 659 
488 196 323 3 214 137 485 905 464 663 
678 807 186 400 251 226 595 733 861 249 
260 552 150 722 315 342 851 448 491 949 
770 484 661 538 849 174 331 483 209 274 
492 794 761 40 117 730 687 463 180 440 
219 76 757 562 720 582 2 197 67 716 
844 90 697 436 129 786 248 537 496 863 
428 645 829 183 976 437 167 988 514 891 
567 726 493 703 21 140 511 77 828 357 
235 689 467 710 212 648 404 302 29 35 
229 644 284 602 853 420 808 913 680 502 
348 797 286 510 986 246 30 961 521 55 
334 870 728 564 33 544 781 590 194 10 
888 70 540 980 49 848 109 984 237 876 
330 304 145 143 15 570 91 230 971 809 
243 586 760 376 612 934 45 748 257 835 
13 724 263 574 610 172 837 575 320 277 
759 803 353 161 339 414 328 774 822 918 
282 57 401 18 285 387 283 593 855 634 
597 909 711 81 747 154 1 470 654 665 
173 767 122 820 434 54 254 16 62 71 
198 588 295 354 149 314 705 416 788 113 
543 895 468 969 957 817 604 862 78 245 
531 210 31 460 529 80 912 818 445 819 
910 84 662 79 431 890 305 446 719 715 
217 930 631 639 880 418 526 546 524 860 
773 114 313 561 94 188 799 391 823 802 
325 410 591 945 743 360 882 792 271 693 
557 309 378 737 625 798 846 791 345 193 
611 19 142 402 138 204 669 165 297 472 
61 592 296 417 427 600 87 606 24 815 
681 426 388 51 153 412 932 931 101 166 
763 972 778 474 171 377 255 481 321 365 
731 133 997 677 668 253 989 814 105 657 
224 163 267 66 981 47 498 601 551 200 
979 617 513 63 896 679 182 515 505 954 
73 299 449 974 813 893 34 303 364 968 
756 450 812 462 839 587 112 482 317 241 
806 125 675 232 177 886 692 624 796 727 
840 858 264 948 379 690 991 897 306 736 
507 435 239 917 750 307 56 982 938 811 
28 694 506 380 312 256 205 841 399 102 
343 64 403 178 970 768 369 480 390 27 
643 790 642 653 682 134 203 598 176 936 
454 208 873 465 516 215 635 184 74 397 
875 292 579 887 96 43 86 907 216 573 
713 425 473 805 898 457 518 933 324 533 
894 319 262 509 937 879 953 614 120 338 
550 605 476 452 946 352 978 700 584 22 
366 856 987 146 589 497 553 288 236 966 
475 884 637 459 7 685 37 169 940 280 
326 14 825 569 921 351 833 494 119 419 
155 206 801 456 392 554 922 999 231 293 
170 939 769 329 539 745 960 469 244 89 
20 577 478 772 52 793 157 906 683 838 
850 433 735 789 290 127 603 962 869 995 
651 60 596 721 920 158 787 771 358 130 
110 556 374 273 941 126 528 225 762 973 
883 709 25 613 220 964 673 738 963 395 
959 571 667 23 432 691 830 363 65 439 
349 708 370 622 421 935 39 914 629 581 
124 152 389 327 699 332 559 565 6 641 
996 864 955 341 44 878 191 868 5 852 
847 501 228 221 744 148 626 373 630 168 
409 486 975 8 707 874 424 609 741 656 
213 99 118 548 915 766 951 289 734 608 
983 950 461 568 156 881 128 785 121 375 
758 88 383 413 59 740 423 442 845 619 
911 967 444 83 517 751 381 628 520 279 
275 4 179 926 753 301 712 717 958 754 
779 527 810 270 269 563 872 108 422 942 
534 107 831 139 407 147 783 222 104 542 
42 116 585 429 615 927 189 739 924 836 
41 547 98 676 490 902 952 396 187 923 
93 190 834 32 638 782 50 885 242 640 
925 777 111 701 928 298 310 72 695 804 
623 316 578 522 458 965 889 479 900 159 
871 627 780 702 512 361 175 265 136 765 
181 201 489 519 755 994 655 827 272 919 
252 17 346 671 355 160 990 367 718 725 
356 144 541 632 816 696 903 956 368 281 
185 95 832 842 674 268 775 36 723 555 
443 646 576 698 238 607 471 455 636 406 
350 68 658 266 247 857 211 594 686 58 
487 929 866 344 141 784 652 560 998 115 
103 752 240 523 672 276 944 372 393 162 
75 362 795 441 38 430 620 714 46 904 
11 385 477 382 371 566 977 826 572 993 
992 495 340 12 821 558 549 294 504 9 
859 48 384 616 621 335 233 865 26 408 
207 525 411 223 453 729 800 199 947 688 
704 633 943 300 892 583 647 451 877 749 
69 742 580 985 202 53 92 386 333 164 
867 359 278 660 649 195 336 599 405 218 
85 
