251
0 177 192 134 58 152 25 137 92 226 
7 121 65 33 144 221 127 246 64 114 
176 136 106 175 108 43 179 118 196 22 
48 9 80 20 99 28 29 31 49 215 
169 71 186 120 217 130 197 115 94 98 
146 167 165 21 184 164 110 30 237 162 
224 232 105 123 140 51 202 236 17 66 
113 218 109 52 249 47 59 241 245 163 
91 231 35 191 207 189 198 150 182 62 
133 12 107 69 203 206 190 23 161 70 
124 141 32 170 143 1 243 50 39 154 
42 67 13 84 229 211 117 75 142 238 
14 40 181 129 85 219 60 151 149 205 
83 250 159 178 61 125 222 104 122 247 
139 158 18 200 112 74 79 248 216 54 
239 160 131 73 72 209 199 230 10 183 
244 19 8 4 5 95 147 116 6 220 
155 195 157 81 194 15 89 138 78 46 
56 57 101 188 214 119 213 210 97 2 
38 242 233 27 156 153 126 201 11 132 
55 180 88 96 235 53 208 234 145 204 
193 185 228 37 26 3 174 223 77 103 
63 173 166 16 128 45 24 102 225 86 
68 36 111 227 76 212 135 100 34 90 
44 187 148 41 93 240 82 172 87 168 
171 
