701
0 31 233 168 614 583 582 201 311 521 
605 21 154 123 112 417 673 329 345 338 
174 450 463 370 419 83 280 541 134 510 
544 15 478 386 111 431 195 199 574 248 
317 530 160 407 394 508 601 365 589 142 
333 400 487 590 126 575 527 467 604 276 
52 490 152 163 351 279 90 232 266 570 
322 692 659 75 98 80 433 12 262 177 
89 514 557 488 598 151 377 217 164 39 
672 375 448 247 480 362 69 185 110 250 
628 456 251 236 326 409 658 632 566 642 
249 95 339 260 37 76 667 105 49 139 
459 148 167 334 119 205 446 86 466 546 
65 292 677 310 320 684 504 127 125 38 
682 298 129 27 694 354 679 245 552 691 
141 560 535 275 525 103 155 475 116 421 
599 33 267 548 443 143 44 655 441 26 
398 547 357 13 436 585 474 656 532 430 
406 627 649 189 277 517 622 653 576 644 
470 360 314 565 208 176 384 274 689 422 
300 145 545 30 259 680 3 396 296 468 
481 73 118 372 324 325 237 537 165 491 
179 540 193 166 265 229 46 62 79 563 
369 212 668 447 389 512 221 115 516 531 
620 577 215 685 153 121 278 343 381 234 
131 454 72 66 356 366 439 693 8 643 
646 495 426 363 282 224 169 650 554 579 
200 268 634 518 418 699 132 669 22 77 
7 654 476 373 239 428 461 416 36 45 
342 109 445 494 307 352 180 507 150 617 
273 316 341 191 85 241 562 660 681 666 
397 161 619 496 603 624 173 60 41 355 
70 392 58 608 629 124 569 526 429 553 
270 94 615 367 405 509 690 588 227 93 
645 458 636 457 700 271 34 631 253 586 
40 78 35 425 149 364 50 524 147 452 
403 197 652 17 350 404 25 567 415 664 
337 561 633 395 57 256 479 183 29 290 
440 593 55 618 146 206 594 319 289 28 
263 1 675 120 376 216 471 20 696 171 
47 32 287 156 424 257 559 284 534 639 
698 460 306 87 336 390 42 640 92 81 
244 242 437 190 228 391 382 678 387 523 
502 264 549 71 511 97 449 211 104 202 
522 610 665 596 539 651 305 192 662 465 
159 43 455 240 543 255 606 186 359 482 
597 219 647 348 6 64 573 464 272 578 
283 435 607 493 198 181 410 100 347 56 
175 413 293 14 214 564 513 469 536 285 
230 580 385 24 688 626 637 485 313 551 
657 423 218 327 252 399 587 371 444 16 
358 483 67 492 568 635 538 349 258 581 
302 497 402 84 269 451 210 225 54 194 
157 328 486 558 315 432 641 82 243 353 
571 591 19 609 204 11 621 113 361 91 
137 135 254 286 281 140 291 380 676 318 
613 687 23 223 388 59 106 501 625 108 
18 592 630 438 158 520 489 222 332 220 
330 321 383 2 529 209 187 612 246 686 
53 695 312 51 533 499 462 472 304 378 
393 503 297 99 477 670 261 133 697 408 
122 238 130 144 48 4 506 638 5 226 
303 555 368 663 335 207 556 473 374 61 
114 188 231 340 309 295 595 10 661 616 
172 136 572 414 308 515 671 674 500 484 
138 683 346 213 528 299 184 412 344 288 
542 519 128 107 602 427 162 550 420 9 
434 178 611 63 196 442 203 411 182 648 
96 102 584 623 74 235 331 401 453 294 
498 301 88 379 323 68 101 117 170 505 
600 
