701
0 699 422 533 287 237 602 406 163 579 
190 555 371 64 522 427 325 410 385 456 
14 229 195 271 298 645 687 447 93 605 
430 672 130 16 103 227 136 140 601 143 
412 472 273 312 383 118 420 46 520 448 
314 639 431 516 178 404 360 277 662 243 
295 304 527 194 382 569 401 126 604 250 
167 117 326 684 400 547 109 235 330 333 
374 204 216 244 79 367 83 84 505 4 
156 575 399 69 115 377 152 581 558 75 
665 142 225 564 94 50 132 627 52 590 
443 689 655 632 162 241 74 362 153 512 
272 624 405 18 562 484 174 189 615 269 
613 233 373 85 71 13 98 99 62 283 
475 419 15 328 299 454 433 364 6 598 
56 320 211 183 119 264 426 612 402 595 
260 661 8 265 676 124 556 499 552 606 
380 363 201 246 313 155 409 296 485 494 
557 679 175 640 54 90 378 599 541 21 
234 208 636 147 530 72 393 495 315 198 
591 66 87 681 509 616 365 488 597 638 
251 270 185 517 515 346 257 343 550 28 
240 160 444 36 256 215 254 338 38 508 
503 1 434 622 100 428 466 583 685 641 
566 116 376 407 135 353 26 643 408 133 
58 395 17 274 664 108 571 476 181 436 
219 396 200 633 607 424 464 514 536 139 
82 570 197 57 504 319 245 696 646 435 
324 288 697 275 372 539 212 506 554 480 
537 335 609 439 414 626 411 669 86 220 
469 129 535 429 205 49 187 224 276 41 
297 450 284 355 619 582 268 305 217 518 
567 413 146 68 642 303 677 544 44 95 
311 416 22 188 513 630 340 577 519 587 
239 166 465 540 263 55 692 122 483 438 
2 463 359 25 451 97 634 445 11 209 
302 42 202 524 161 449 40 574 336 345 
196 113 110 694 532 441 698 584 173 266 
261 437 159 459 228 578 252 316 280 301 
549 688 29 389 45 213 563 331 230 588 
106 507 60 391 387 361 491 471 675 125 
425 127 366 671 73 306 594 670 128 386 
423 318 683 259 457 89 285 657 667 248 
218 663 329 12 309 88 482 668 479 680 
199 502 442 101 37 53 618 151 104 255 
560 176 222 20 350 656 258 545 452 354 
32 565 498 593 432 546 686 232 647 65 
292 107 493 693 337 114 236 238 165 637 
148 207 59 9 660 526 308 649 596 51 
370 390 403 317 322 67 531 481 289 477 
440 247 203 112 39 394 625 690 467 323 
358 170 30 470 223 572 131 486 529 186 
511 193 468 397 300 70 551 138 43 321 
214 33 460 674 559 501 150 528 61 462 
19 192 621 653 600 473 310 369 691 3 
589 510 635 682 141 585 548 617 221 538 
191 666 177 352 415 368 105 347 121 631 
96 652 654 91 35 169 137 351 610 695 
279 149 650 521 553 446 608 281 384 158 
534 34 154 210 23 586 286 381 231 63 
249 123 307 623 542 357 673 27 334 678 
398 568 455 348 611 78 341 561 172 490 
92 182 474 242 580 628 168 157 651 206 
294 497 500 327 262 102 700 644 388 461 
184 144 253 496 80 417 603 282 77 658 
81 5 453 47 344 76 164 629 111 478 
31 293 290 145 171 489 523 339 180 614 
379 421 620 134 543 48 576 356 267 349 
487 375 332 342 226 24 10 392 648 458 
278 492 573 120 418 179 291 525 7 659 
592 
