251
0 184 189 233 177 54 238 46 82 119 
40 51 228 229 63 93 144 128 107 232 
21 131 250 109 62 188 239 159 242 67 
194 71 134 45 57 199 41 7 29 17 
200 83 90 243 72 37 208 145 137 80 
135 182 73 235 218 230 219 123 68 190 
227 211 99 132 55 172 133 95 14 125 
25 225 193 36 79 113 209 179 89 155 
22 206 101 150 146 116 141 77 74 23 
223 186 161 180 127 81 154 94 1 2 
104 198 215 105 148 176 195 220 47 106 
38 35 92 52 49 31 147 196 231 234 
162 204 110 237 13 151 96 166 214 207 
11 10 129 168 27 102 142 114 140 202 
50 248 245 60 153 139 75 143 66 3 
241 115 9 205 203 181 187 118 16 53 
191 152 85 126 69 111 236 249 42 117 
39 178 138 64 112 136 157 163 130 32 
15 6 86 4 76 43 33 156 169 98 
61 210 20 164 247 103 201 185 48 167 
216 108 174 240 122 221 84 65 192 24 
165 173 183 246 58 8 87 28 18 224 
175 59 70 124 100 244 121 213 149 12 
44 19 34 91 88 26 158 217 222 5 
30 56 170 120 226 197 212 160 78 171 
97 
