501
0 32 464 248 429 425 260 174 348 424 
386 486 372 317 292 254 246 25 308 314 
392 189 82 364 460 106 76 135 347 297 
31 344 492 146 463 279 40 340 296 376 
497 66 171 270 201 349 306 404 396 470 
476 427 208 149 389 290 99 53 319 498 
70 311 345 301 213 95 110 139 324 194 
269 299 357 196 421 244 393 379 430 412 
443 363 142 59 315 176 43 108 202 298 
229 22 151 451 124 21 471 426 183 496 
263 132 169 38 37 469 125 117 448 276 
410 223 154 335 33 466 384 360 68 54 
406 187 153 107 472 185 327 356 302 30 
163 346 388 405 161 414 50 440 180 44 
330 118 111 52 245 259 458 432 310 168 
219 192 456 200 127 240 98 468 484 63 
9 47 455 418 494 166 206 122 152 10 
400 89 167 4 334 274 164 116 123 483 
91 444 17 75 170 119 329 188 331 478 
490 191 51 479 325 261 147 2 236 294 
210 459 403 157 1 73 249 7 39 281 
228 339 474 288 467 358 121 446 395 128 
352 3 359 193 408 78 216 28 215 56 
252 409 391 343 415 71 488 8 141 251 
287 72 289 203 144 326 481 487 307 113 
370 280 41 283 23 333 267 278 24 100 
438 104 222 390 231 447 129 182 195 220 
49 413 394 42 160 422 373 199 55 64 
242 382 336 489 238 423 286 500 162 26 
58 35 253 304 402 19 313 20 268 62 
316 323 450 15 285 282 197 491 399 284 
371 88 485 230 225 434 226 428 321 442 
140 273 136 328 342 150 57 184 362 77 
439 453 445 243 115 112 411 18 377 337 
217 461 241 365 148 398 381 417 375 145 
173 332 420 159 186 137 12 101 114 103 
437 27 338 130 493 322 387 449 378 473 
257 303 369 295 385 93 277 198 13 272 
462 465 36 5 61 60 177 227 475 232 
380 480 234 433 133 46 48 262 264 233 
368 131 361 67 211 83 454 90 126 452 
258 96 81 204 320 353 354 178 80 45 
209 291 6 218 65 87 181 495 416 350 
237 120 158 312 435 266 224 212 86 11 
102 457 172 134 175 14 84 235 29 256 
138 79 318 255 16 355 366 265 367 190 
74 105 407 351 341 250 214 477 94 69 
207 397 239 275 85 155 247 401 374 419 
271 97 305 499 34 92 383 165 109 441 
221 205 309 431 143 436 300 482 156 293 
179 
