251
0 243 91 213 202 58 162 64 24 215 
101 70 126 232 30 248 146 87 167 4 
201 187 106 38 85 123 5 196 111 205 
63 39 18 139 117 17 218 244 105 133 
11 82 135 228 69 112 92 102 119 125 
184 178 154 134 193 164 1 109 211 177 
51 100 233 33 151 156 103 230 222 188 
52 78 194 229 141 66 129 145 197 50 
142 192 150 61 14 147 118 174 46 40 
181 48 10 115 6 160 98 36 62 57 
241 34 88 144 113 54 79 107 2 25 
166 249 155 239 65 3 158 186 131 157 
114 198 72 67 234 68 7 110 60 76 
80 45 37 236 99 83 171 200 163 237 
86 210 49 235 29 128 81 209 208 35 
185 250 96 97 176 71 121 149 206 195 
27 116 140 227 32 75 143 242 204 9 
130 12 13 20 238 122 26 207 43 55 
203 179 22 19 132 180 124 199 240 220 
221 74 169 182 223 47 138 172 56 41 
191 136 225 175 226 84 231 21 170 59 
8 168 94 148 90 137 44 23 152 216 
189 247 120 224 15 127 245 190 77 219 
31 95 161 89 108 173 153 183 93 214 
53 212 28 104 246 16 165 217 159 42 
73 
