1001
0 618 919 611 888 994 734 433 260 15 
159 473 496 10 230 316 344 338 976 51 
439 390 435 842 425 153 23 301 558 808 
421 736 584 247 615 255 755 761 466 688 
546 369 155 487 531 488 903 292 958 137 
246 280 311 965 790 430 150 40 844 793 
248 7 603 569 237 691 122 2 637 39 
847 947 81 396 357 716 975 268 121 714 
415 524 319 532 323 62 456 6 627 892 
840 354 107 543 799 682 352 849 566 774 
181 250 302 47 907 175 35 423 918 639 
102 904 827 259 739 527 399 930 74 754 
382 373 738 830 663 233 238 199 633 955 
257 449 551 94 97 92 103 41 95 759 
750 410 520 486 166 866 960 252 622 392 
469 800 872 145 791 160 305 932 944 885 
226 275 763 1000 654 901 244 891 54 104 
14 854 985 474 110 820 684 350 60 766 
420 948 71 477 632 521 366 317 879 194 
239 946 995 646 867 120 643 680 136 655 
644 715 938 710 256 308 856 447 356 240 
631 512 361 183 528 73 659 555 722 376 
50 782 141 133 905 131 506 232 737 100 
969 823 328 282 545 453 746 902 167 509 
862 568 446 574 529 149 772 24 146 705 
836 156 249 89 262 30 767 310 933 436 
151 697 270 391 775 304 798 929 621 327 
875 258 989 315 108 20 539 499 602 427 
508 636 822 9 442 440 289 650 954 983 
22 213 161 441 630 483 620 318 855 297 
64 895 479 185 638 599 505 740 916 514 
530 452 219 594 462 562 254 405 967 235 
871 295 322 115 253 129 207 312 502 786 
675 553 300 385 42 36 839 757 864 981 
614 656 803 186 884 476 768 718 409 463 
325 991 936 559 961 202 776 128 557 191 
334 359 182 941 251 970 86 838 215 641 
90 834 287 221 765 412 576 507 504 914 
922 972 78 484 285 491 898 742 340 368 
358 732 353 694 693 445 500 93 214 26 
5 612 818 964 519 362 580 549 480 628 
513 398 142 57 778 243 852 220 444 561 
98 91 21 652 438 670 924 695 393 177 
703 116 846 303 67 577 805 780 279 112 
140 69 395 797 197 12 211 980 432 616 
592 809 649 795 465 372 515 749 661 264 
470 837 329 18 117 850 966 815 640 489 
245 999 306 873 16 609 80 564 971 721 
881 626 671 535 843 381 29 450 724 728 
123 77 61 229 4 900 678 448 814 299 
845 343 794 556 607 377 114 19 364 597 
455 511 503 172 685 696 811 909 876 563 
236 458 266 397 168 952 144 681 27 241 
869 208 711 552 660 802 713 978 744 179 
402 729 45 565 743 841 653 708 222 404 
198 431 355 52 437 598 418 59 868 271 
942 585 785 400 148 920 672 787 294 485 
572 13 859 807 575 17 571 406 68 389 
383 579 330 927 288 332 111 664 882 984 
806 886 542 461 926 560 164 956 201 321 
106 66 789 570 781 911 824 701 428 501 
84 210 345 349 464 673 698 890 1 647 
3 419 413 987 707 11 165 173 619 228 
704 915 686 851 706 348 314 624 363 394 
835 196 943 216 940 365 342 178 274 231 
261 581 234 138 346 709 109 756 634 679 
72 870 324 554 187 333 804 735 687 600 
963 669 380 217 157 541 203 617 371 337 
996 604 387 176 853 38 76 424 169 281 
224 242 135 374 267 949 912 495 293 48 
416 459 460 468 860 550 162 46 801 828 
63 434 143 567 320 467 758 725 606 192 
225 79 174 931 205 341 538 336 913 200 
351 105 779 152 821 896 298 816 158 65 
277 113 475 769 482 674 388 747 426 731 
702 335 668 472 591 699 730 370 880 817 
783 753 53 417 28 764 188 407 733 676 
375 124 193 590 307 296 347 645 595 792 
195 31 75 119 957 683 658 154 770 37 
726 540 386 273 101 223 378 819 586 578 
43 291 492 414 547 610 525 533 422 125 
582 99 367 139 973 887 534 218 752 601 
180 893 894 934 83 950 813 190 899 992 
510 227 937 443 212 56 962 921 751 988 
773 648 408 993 832 917 665 204 831 523 
657 276 953 130 951 596 748 263 990 451 
745 384 717 690 573 170 642 33 605 184 
163 286 429 874 974 662 134 85 826 265 
309 127 498 589 58 537 283 70 925 623 
788 490 906 87 923 189 982 171 812 719 
986 522 997 403 883 810 544 284 608 857 
877 88 959 692 272 44 206 411 968 777 
910 771 865 526 290 939 82 677 945 848 
147 118 313 8 326 497 625 889 667 518 
481 269 32 720 536 861 829 401 723 49 
379 613 689 34 979 209 96 897 928 588 
796 629 583 825 762 494 278 331 339 132 
833 587 700 863 493 25 858 55 712 360 
935 784 517 454 878 516 471 727 760 651 
478 741 998 635 977 126 908 548 593 457 
666 
