321
0 65 152 154 110 95 54 170 249 37 
286 35 211 128 40 308 174 180 129 149 
239 224 75 310 28 259 169 201 150 147 
134 168 265 300 30 104 301 121 18 85 
144 258 103 146 254 79 316 212 221 44 
185 267 11 223 123 63 247 206 245 305 
23 60 210 133 25 70 69 269 194 276 
190 93 263 88 84 184 33 38 191 252 
218 217 262 186 268 119 3 203 139 29 
248 179 202 45 274 112 116 73 39 303 
244 120 53 279 229 89 275 181 235 34 
19 250 208 66 311 62 246 114 182 315 
51 320 204 287 261 188 283 137 8 166 
14 10 105 82 295 71 175 108 26 236 
92 20 183 118 46 198 293 78 7 199 
115 292 77 298 130 173 127 307 214 317 
193 126 145 155 107 143 280 72 195 156 
296 31 264 101 47 278 205 165 17 124 
98 76 32 122 172 233 9 282 50 253 
272 99 27 86 306 163 96 215 176 151 
140 24 125 48 304 52 59 309 102 219 
111 285 271 273 136 97 230 148 74 213 
141 132 200 171 289 109 216 94 22 57 
113 240 222 90 209 91 80 167 106 55 
251 158 197 131 243 314 207 41 318 234 
83 87 299 319 227 21 164 226 228 142 
187 56 162 237 13 12 257 42 266 225 
81 270 284 242 1 6 117 302 192 16 
232 260 178 58 238 256 297 135 100 15 
160 312 189 290 281 294 196 49 277 4 
255 241 138 291 68 313 2 36 161 5 
157 220 64 177 67 43 231 153 288 61 
159 
