161
0 87 148 11 62 71 39 21 156 79 
31 27 29 58 121 67 60 86 142 129 
138 50 40 30 88 8 74 89 20 157 
34 128 132 83 115 117 100 44 13 69 
4 105 131 43 76 145 1 124 72 73 
150 140 106 135 94 35 155 28 99 32 
133 7 137 127 56 36 103 146 57 3 
46 19 107 70 64 33 48 125 37 98 
14 9 158 25 92 116 17 49 66 22 
144 45 61 111 38 82 18 130 160 95 
109 151 96 118 55 10 136 63 75 81 
159 122 119 113 91 15 24 65 6 59 
68 53 77 139 51 97 114 101 12 108 
42 104 110 112 152 93 123 5 78 120 
2 26 47 153 102 52 141 41 147 16 
149 23 143 84 80 85 134 90 54 126 
154 
