501
0 136 414 263 197 195 351 203 338 114 
106 293 372 373 129 159 179 328 430 276 
465 464 302 18 116 77 416 336 493 220 
473 389 161 437 277 156 350 303 475 368 
207 370 433 284 155 160 211 490 107 141 
255 310 231 93 96 82 281 228 221 275 
319 487 102 36 423 341 19 492 30 32 
143 405 315 144 248 55 444 242 90 88 
79 402 289 249 453 121 13 206 498 280 
496 347 440 476 450 364 458 38 438 466 
61 81 40 489 41 193 7 45 52 406 
343 124 54 470 330 208 73 134 256 494 
292 243 212 31 127 97 394 98 25 457 
397 39 409 147 125 356 246 463 139 387 
274 138 428 272 279 346 62 417 446 75 
348 216 34 342 253 146 478 185 432 22 
120 321 158 239 241 326 162 380 164 337 
286 210 376 181 393 135 413 167 462 471 
122 419 154 198 218 123 245 299 333 9 
227 103 395 353 78 180 434 238 113 339 
112 224 131 201 187 118 148 153 1 176 
425 392 421 491 497 418 309 320 50 314 
411 184 436 177 226 410 474 233 101 137 
240 486 174 313 291 265 262 244 145 8 
454 183 355 67 150 485 439 170 408 324 
209 404 384 334 267 363 56 278 379 360 
169 71 345 24 449 65 35 383 186 236 
426 59 111 178 445 110 461 252 205 251 
99 89 168 325 296 317 83 130 407 166 
234 388 132 288 20 63 477 306 119 74 
51 285 49 483 259 390 85 17 452 105 
499 382 362 378 429 149 308 100 230 200 
29 312 213 270 48 23 500 182 142 190 
318 357 84 374 172 295 369 261 271 482 
400 126 424 391 188 301 229 472 322 269 
399 86 57 14 282 456 222 28 191 480 
69 488 287 76 70 165 361 427 443 495 
257 375 140 316 80 163 264 87 481 108 
43 196 260 273 199 332 420 37 151 5 
469 435 441 300 225 396 152 215 117 358 
305 298 304 455 366 283 377 354 104 415 
232 327 467 33 386 58 247 60 92 192 
401 15 371 307 133 10 365 460 68 128 
335 171 385 115 329 323 53 21 459 235 
11 95 219 173 258 94 349 12 451 268 
344 359 442 46 311 447 331 6 412 175 
16 214 398 431 223 294 47 202 381 66 
297 4 254 340 72 468 26 157 448 290 
44 189 237 204 266 367 352 422 403 109 
2 27 91 250 194 484 64 3 479 42 
217 
