251
0 191 163 91 139 231 80 38 50 133 
98 82 106 69 243 189 171 140 216 194 
32 11 151 156 75 103 21 15 27 68 
219 229 127 18 157 5 144 74 122 104 
198 129 166 228 146 240 224 201 6 65 
184 51 61 56 234 162 1 241 246 245 
195 176 108 87 178 175 223 159 23 136 
225 131 86 148 109 165 99 210 181 17 
60 200 96 36 77 135 164 117 40 118 
116 237 128 207 93 174 64 172 67 85 
232 154 71 233 211 220 177 76 180 29 
186 213 197 187 70 94 42 238 120 72 
168 25 173 59 35 41 150 66 167 145 
49 97 125 185 111 249 45 10 105 153 
20 57 147 90 227 58 3 190 208 217 
215 137 84 16 235 138 102 62 170 152 
123 9 115 34 205 4 12 7 112 192 
158 63 183 204 31 19 44 142 212 88 
188 24 124 149 221 48 28 141 143 52 
101 55 226 247 47 160 26 95 110 203 
114 222 179 81 33 155 161 126 193 79 
244 236 8 199 46 2 130 214 54 202 
43 218 239 13 14 73 121 113 206 248 
107 132 196 182 22 92 37 230 89 119 
100 30 39 83 209 78 250 134 169 53 
242 
