251
0 160 246 152 16 139 33 85 45 149 
135 214 196 220 215 180 79 101 175 141 
87 239 181 173 237 104 221 150 156 78 
39 195 50 38 92 126 40 125 131 192 
110 218 117 171 213 121 49 190 96 169 
123 231 52 76 32 146 172 187 243 176 
238 168 206 31 144 80 118 4 194 208 
165 14 193 99 72 13 67 10 73 235 
222 184 9 133 201 26 100 77 18 46 
136 90 1 69 44 27 105 70 66 109 
71 197 103 17 204 198 21 236 88 106 
112 147 97 200 114 183 234 185 36 29 
83 54 5 202 219 188 241 245 12 177 
230 132 162 209 148 182 55 205 51 35 
56 247 249 58 159 227 124 174 167 59 
75 210 217 178 19 94 250 142 232 43 
216 233 28 122 228 62 8 244 191 81 
41 102 42 53 15 65 138 151 25 164 
107 161 189 129 207 248 20 242 82 37 
48 108 240 89 186 60 68 225 229 224 
130 157 91 57 24 34 163 128 140 30 
47 170 113 211 143 145 137 119 23 179 
223 212 116 226 11 98 61 84 22 111 
7 93 86 199 120 6 155 74 134 153 
64 154 2 158 3 115 166 95 203 63 
127 
