251
0 58 8 149 135 86 222 238 4 7 
172 155 64 82 10 129 133 118 158 207 
95 248 212 40 228 192 134 250 60 127 
214 23 61 68 91 106 121 105 141 216 
97 179 226 237 209 20 18 217 189 225 
79 57 147 242 37 128 43 241 231 45 
71 249 38 113 161 94 145 125 114 184 
191 205 156 21 234 99 168 32 33 3 
51 80 140 197 88 123 15 16 151 90 
223 239 122 232 31 196 152 173 181 34 
213 119 218 240 193 100 72 243 11 67 
180 9 175 233 85 245 148 83 211 244 
19 153 120 203 109 93 5 136 208 201 
52 185 165 219 26 187 44 159 190 198 
206 55 87 247 6 25 104 39 157 210 
56 107 169 246 230 69 115 194 164 74 
77 75 103 30 160 73 35 27 183 177 
178 131 76 142 110 116 170 199 163 66 
150 48 28 146 17 2 96 176 166 92 
138 224 215 195 22 111 174 220 62 59 
46 42 229 84 24 112 49 227 132 78 
143 200 12 98 117 221 36 63 202 235 
108 14 186 144 101 54 102 13 171 188 
89 204 53 47 137 182 1 236 65 70 
130 81 167 154 139 162 126 29 124 41 
50 
