501
0 18 185 16 79 135 441 275 258 53 
48 175 248 290 204 47 192 274 402 215 
183 75 302 480 227 334 382 396 281 321 
217 130 270 20 141 148 245 51 392 151 
114 68 308 237 335 153 118 140 58 300 
323 359 246 397 348 254 210 113 372 189 
178 143 383 46 82 190 425 50 309 283 
119 234 81 122 33 255 198 137 197 136 
387 436 96 2 426 111 404 154 55 409 
194 320 369 427 336 416 116 422 126 296 
489 268 476 294 157 78 161 437 249 429 
27 395 101 376 196 23 338 322 28 272 
208 457 456 373 220 56 24 424 451 406 
435 257 326 38 463 340 303 453 474 485 
432 213 381 241 460 417 360 483 99 92 
103 292 21 252 265 10 430 228 83 19 
450 35 473 199 446 37 358 166 285 31 
80 356 276 394 61 231 316 71 69 117 
180 498 86 253 8 100 477 105 398 313 
306 414 1 307 467 282 7 492 84 494 
202 191 107 295 361 448 221 378 235 222 
371 332 379 240 304 77 30 72 400 91 
129 375 411 259 471 167 26 127 184 267 
124 93 201 328 264 98 133 299 181 455 
345 423 95 377 131 286 365 203 85 187 
193 88 52 344 374 384 225 233 159 317 
112 500 174 134 13 419 45 171 168 364 
482 362 176 106 132 90 73 339 29 289 
407 433 209 89 205 434 271 200 9 318 
59 177 454 243 311 380 342 491 54 150 
239 350 188 488 6 319 461 301 216 497 
324 462 110 67 266 495 273 479 63 123 
32 355 230 312 305 415 496 493 224 165 
186 386 145 223 487 149 36 421 206 291 
14 298 244 475 405 472 444 279 87 142 
263 442 452 391 499 164 385 347 278 11 
439 447 74 331 486 170 277 341 173 138 
172 337 195 368 40 97 357 102 5 413 
256 43 349 297 39 57 327 420 251 146 
214 330 158 242 155 139 484 428 238 169 
250 182 156 162 212 314 262 160 120 459 
34 315 440 232 152 70 128 163 261 236 
125 218 288 438 458 367 94 219 76 418 
104 389 468 466 3 211 431 226 346 269 
465 64 388 22 147 470 284 354 443 66 
44 333 370 401 179 115 42 390 366 445 
121 49 144 363 464 399 449 287 351 410 
207 310 229 469 353 260 12 41 393 108 
62 408 478 325 490 109 329 4 15 25 
60 247 481 65 280 293 403 412 343 17 
352 
