251
0 28 54 6 230 236 35 50 227 18 
208 103 239 21 247 10 80 130 75 216 
1 143 84 137 77 154 26 45 86 129 
149 124 148 5 163 3 175 85 196 53 
160 198 63 20 246 131 91 51 79 178 
89 217 224 78 182 221 165 11 164 9 
68 122 202 197 240 153 244 16 147 7 
14 141 100 200 132 118 113 81 144 96 
47 114 44 188 67 174 136 219 172 191 
211 237 105 232 112 42 49 8 184 4 
87 13 192 134 111 194 34 142 173 177 
36 30 71 241 145 158 60 189 179 46 
12 161 238 69 102 95 169 23 245 186 
157 88 159 228 229 233 199 235 48 92 
29 94 135 99 55 22 223 207 97 125 
24 170 171 162 180 120 107 109 57 176 
248 190 62 212 201 27 127 168 52 183 
218 150 139 121 17 128 59 65 205 90 
66 249 31 72 214 110 204 73 155 222 
74 209 203 156 98 133 167 56 220 181 
58 234 40 19 166 64 93 76 152 123 
61 138 215 115 104 195 82 193 187 250 
101 206 116 225 39 43 15 41 119 185 
108 25 83 151 117 106 146 2 242 32 
226 231 33 243 37 213 38 210 140 126 
70 
