501
0 144 427 405 164 398 383 432 333 195 
250 392 318 86 213 216 249 158 476 69 
393 482 134 170 245 442 50 191 479 436 
93 331 179 293 115 23 37 463 220 253 
440 319 207 434 470 88 306 83 415 483 
449 498 299 329 480 402 345 206 4 424 
110 257 269 423 379 84 97 289 267 11 
48 133 374 198 279 372 142 384 255 43 
17 485 120 287 375 209 218 467 61 471 
291 490 94 20 297 322 79 96 328 410 
303 39 138 371 286 487 437 105 462 364 
281 368 80 448 140 317 446 127 478 363 
282 229 335 337 349 6 217 149 338 75 
25 77 433 460 98 455 422 464 309 114 
280 397 125 273 242 240 321 222 238 248 
202 477 396 53 167 52 31 109 117 162 
450 163 118 459 130 370 132 265 29 82 
414 261 3 395 488 66 241 275 334 7 
474 210 262 19 33 252 266 489 208 21 
256 406 189 171 14 194 389 403 294 358 
135 28 314 152 247 172 326 347 91 472 
54 9 143 63 215 400 232 108 411 246 
264 177 316 199 235 92 180 277 157 35 
243 231 435 300 412 351 211 348 444 268 
153 366 404 236 59 359 350 42 8 457 
131 270 301 441 51 122 481 365 304 315 
212 451 62 107 332 60 296 308 285 239 
254 72 346 223 204 385 429 343 290 369 
274 376 342 380 173 16 126 419 150 100 
381 201 356 159 336 276 259 102 387 188 
32 305 196 224 283 116 409 128 73 156 
22 353 330 352 295 452 124 68 221 323 
106 219 160 401 129 344 310 453 233 468 
271 288 407 491 454 161 373 67 113 197 
40 473 123 193 292 151 49 226 360 136 
494 26 341 46 416 104 101 181 486 214 
418 378 430 458 78 71 203 56 447 431 
182 354 41 390 57 492 225 111 5 137 
15 64 24 312 58 408 391 361 244 421 
192 388 169 466 18 227 10 30 382 439 
183 426 417 175 340 38 438 278 394 456 
475 184 65 139 13 420 178 324 186 190 
121 230 76 307 55 313 260 443 103 176 
320 168 95 1 34 325 367 12 284 237 
47 44 166 399 500 27 119 141 499 302 
165 90 258 469 484 339 362 355 187 148 
112 493 298 263 89 357 154 87 70 36 
81 146 145 174 377 495 413 425 155 327 
445 147 45 251 461 497 85 386 205 428 
74 185 228 496 2 99 465 272 234 311 
200 
