1001
0 56 783 344 713 477 689 379 345 414 
747 727 217 388 838 957 185 953 889 202 
725 563 119 568 658 572 188 947 602 984 
558 997 211 106 226 374 170 86 8 225 
912 916 796 166 59 734 355 693 768 650 
706 161 960 34 923 325 931 376 881 173 
154 699 32 362 309 837 113 44 585 971 
963 514 524 716 48 446 512 327 996 351 
3 403 805 88 274 877 206 532 357 817 
256 260 633 37 999 908 860 720 271 728 
1 79 370 469 639 921 538 895 893 892 
567 801 561 829 272 123 439 209 163 270 
566 324 821 564 201 680 441 150 803 301 
544 687 750 622 977 581 144 525 985 961 
33 890 115 785 579 958 482 82 438 408 
450 824 722 834 248 546 849 393 126 624 
318 755 348 748 917 415 537 766 361 966 
804 995 125 251 983 503 695 526 932 444 
17 655 542 314 980 60 499 340 234 435 
649 828 665 90 635 770 98 822 527 199 
298 249 560 765 876 366 998 798 922 63 
182 578 575 672 674 220 12 297 612 138 
926 869 535 707 42 952 954 994 764 487 
604 111 459 784 455 910 139 551 865 85 
160 859 129 948 795 944 13 918 262 991 
857 543 23 779 242 484 246 818 279 810 
900 231 169 346 519 742 555 701 442 354 
390 571 692 582 808 381 883 867 528 967 
845 422 972 135 577 776 782 959 570 240 
981 76 976 39 663 486 264 814 394 827 
853 597 939 300 943 565 761 562 151 920 
269 259 286 652 541 401 627 157 159 110 
373 268 941 940 698 886 641 634 669 457 
738 218 868 210 718 862 637 243 192 831 
806 70 352 643 473 780 746 73 127 573 
149 913 480 174 99 882 685 737 661 657 
969 740 276 673 121 334 400 590 266 421 
751 982 850 552 789 830 848 760 679 855 
278 136 198 875 356 204 799 616 329 172 
71 914 844 78 620 813 369 235 102 677 
405 559 879 383 255 371 54 606 688 659 
4 35 296 709 636 700 465 16 840 614 
493 507 651 632 208 50 852 667 681 14 
307 223 773 498 398 146 909 986 792 203 
739 294 332 265 950 158 92 171 730 84 
894 292 752 104 775 936 666 464 411 253 
387 593 937 445 108 134 791 103 112 142 
613 291 522 816 57 215 710 19 757 759 
184 925 69 856 107 584 207 554 478 642 
724 506 133 20 899 331 316 94 767 299 
61 81 181 736 557 311 87 548 547 511 
550 100 715 402 898 753 193 153 704 36 
290 919 77 510 494 479 304 335 412 907 
653 447 758 97 404 611 26 631 628 608 
505 979 419 949 254 915 440 885 280 191 
399 349 343 811 988 378 935 302 189 471 
787 545 186 434 714 93 842 38 576 47 
809 989 148 341 491 778 152 66 338 483 
156 605 797 490 993 27 420 293 682 504 
416 384 137 117 851 41 228 968 678 363 
245 287 630 365 580 219 222 625 24 744 
588 162 583 485 364 392 660 884 230 319 
2 762 819 777 51 389 812 626 40 951 
874 372 353 62 600 863 549 140 754 462 
712 322 452 443 55 955 794 155 197 407 
91 284 241 807 906 437 96 596 205 131 
336 891 395 591 648 697 466 501 823 109 
930 190 333 696 463 531 200 342 676 820 
974 904 523 717 786 640 732 11 832 513 
733 644 9 53 615 533 924 690 358 854 
721 183 285 468 933 647 46 315 992 500 
451 430 6 448 21 607 841 521 10 800 
176 474 281 594 428 68 67 406 686 30 
472 31 18 781 735 880 741 619 756 970 
337 436 168 515 962 216 878 702 911 802 
64 964 745 263 317 942 774 934 5 80 
929 617 320 684 116 497 303 339 965 905 
518 74 708 645 670 833 409 788 529 187 
945 978 58 385 145 227 306 470 574 367 
683 128 195 273 95 295 213 589 638 903 
308 598 147 703 397 476 530 382 861 836 
7 866 224 229 321 277 178 237 743 267 
956 105 508 763 870 731 350 987 25 790 
377 569 691 675 252 232 75 283 22 429 
72 662 114 771 749 609 599 312 603 671 
711 815 769 164 873 586 864 461 89 990 
360 489 424 520 839 83 502 143 380 375 
423 347 275 328 456 118 467 847 221 618 
368 122 539 15 45 43 901 726 694 396 
896 175 793 973 425 29 431 288 238 244 
668 391 179 330 826 289 623 359 460 556 
481 705 28 247 418 120 413 310 432 417 
132 258 621 1000 282 426 595 141 261 629 
458 858 180 433 772 495 239 454 196 167 
492 453 257 516 723 872 846 729 946 601 
897 124 646 52 825 250 305 587 719 517 
326 553 214 835 177 664 165 887 496 592 
888 65 536 427 927 386 656 101 236 871 
654 313 843 130 488 475 212 902 410 928 
540 49 534 938 449 975 610 233 194 509 
323 
