1001
0 88 943 988 106 492 287 5 598 381 
44 827 581 558 479 531 84 732 101 142 
396 257 527 918 920 194 692 468 615 816 
261 352 717 134 765 507 534 583 189 701 
543 229 13 231 515 915 758 225 526 730 
795 503 599 310 574 866 826 500 557 212 
889 870 588 992 489 995 403 783 759 435 
122 30 619 317 785 737 343 241 799 207 
535 739 722 466 108 414 913 860 618 579 
942 74 706 453 340 331 525 835 675 446 
703 998 441 47 554 895 395 939 976 313 
529 356 965 86 384 628 622 474 926 25 
113 924 801 187 432 265 883 323 726 242 
293 697 427 898 166 672 980 460 614 218 
409 315 576 849 505 809 696 390 227 120 
483 517 339 286 509 608 273 903 297 380 
215 303 516 21 513 402 682 367 677 991 
464 684 878 919 92 871 128 151 127 77 
28 594 368 69 563 874 620 305 70 309 
788 786 389 719 131 646 804 263 181 484 
705 922 448 657 66 952 940 22 902 577 
630 597 59 687 100 239 148 244 224 155 
410 411 658 854 654 772 497 562 65 925 
545 107 182 98 199 671 556 292 152 385 
627 948 514 792 833 683 536 907 4 756 
447 291 272 282 56 725 164 138 551 616 
20 179 60 750 592 470 550 578 532 540 
349 651 894 254 777 606 11 841 37 350 
124 83 321 415 203 935 486 797 29 103 
764 794 428 928 184 511 784 813 820 487 
844 383 774 549 637 984 32 679 418 117 
888 475 280 165 877 879 335 253 369 848 
968 97 669 18 125 661 190 635 604 932 
790 571 226 655 476 584 908 713 901 565 
162 90 518 613 452 876 354 130 300 481 
341 382 561 344 740 408 632 271 333 985 
993 250 811 338 768 245 639 807 559 348 
789 2 442 163 638 729 23 485 420 963 
494 897 743 776 868 823 174 307 400 283 
6 610 353 105 406 298 301 773 700 999 
345 846 862 596 178 46 443 566 440 64 
200 782 508 910 327 235 859 711 54 570 
431 958 132 314 626 537 93 802 288 757 
967 256 438 49 469 450 243 512 861 718 
832 39 851 463 747 48 733 884 749 899 
582 602 495 667 504 702 89 234 145 214 
10 989 793 401 1000 296 519 445 7 168 
147 858 573 572 640 498 493 270 954 708 
379 455 625 332 306 372 982 778 533 161 
707 129 459 45 196 624 425 716 230 564 
975 853 538 645 284 304 318 580 642 666 
735 15 320 761 337 900 146 366 413 377 
223 41 135 140 118 927 295 636 259 419 
472 33 251 681 228 634 857 316 611 156 
633 763 819 568 121 520 803 266 547 825 
75 528 956 24 114 869 748 99 275 694 
50 312 496 308 893 953 822 319 387 736 
342 912 808 986 896 798 668 891 941 770 
612 824 845 601 652 482 355 607 290 656 
881 673 691 751 192 587 246 629 970 769 
362 326 363 392 837 67 856 116 962 365 
458 360 371 810 115 839 26 724 961 210 
136 238 111 213 311 277 31 887 451 14 
87 378 800 209 79 240 375 643 424 269 
552 102 695 978 81 373 738 945 279 969 
959 278 260 143 94 12 276 680 465 510 
605 233 955 838 659 95 204 357 334 662 
43 715 603 1 8 649 591 593 546 159 
27 217 502 951 727 746 530 434 370 524 
197 198 917 855 780 347 462 977 183 821 
324 9 449 973 38 191 650 35 205 150 
734 55 575 779 781 997 153 255 760 595 
548 412 688 281 728 188 268 329 641 133 
405 745 175 426 221 892 663 742 709 160 
710 62 590 173 589 473 68 864 274 744 
885 477 206 949 328 53 990 609 933 119 
252 996 302 934 523 828 78 439 850 831 
950 723 193 237 416 674 814 258 222 51 
686 974 249 971 467 812 96 842 423 947 
960 944 693 40 19 299 294 678 714 886 
149 137 936 631 457 52 202 104 154 139 
34 185 905 236 262 653 617 665 444 787 
909 109 539 158 461 336 979 741 72 731 
923 126 852 506 141 397 247 330 755 704 
91 208 685 689 836 987 82 201 712 541 
966 585 73 478 829 931 623 491 621 232 
220 930 433 488 721 219 346 805 648 171 
211 501 753 195 169 834 775 386 437 690 
289 818 170 522 521 322 906 964 404 374 
817 3 911 720 542 490 664 752 586 600 
110 766 393 880 58 76 698 946 806 904 
61 480 112 436 847 916 422 398 929 873 
981 388 937 364 17 754 167 361 36 875 
670 358 867 676 796 544 553 157 180 815 
938 429 471 42 865 456 647 840 216 762 
394 267 430 771 359 843 421 172 16 85 
983 63 890 71 391 325 863 399 351 994 
285 407 560 767 57 176 882 186 248 957 
555 454 921 791 376 872 144 567 123 660 
177 972 699 417 499 914 569 830 80 644 
264 
