251
0 248 202 79 56 145 101 86 197 147 
105 136 148 176 203 64 20 144 141 62 
234 106 110 166 89 67 109 43 133 153 
3 126 46 137 16 230 82 243 122 85 
134 57 115 167 236 154 198 63 156 192 
183 249 80 162 91 22 107 42 104 54 
185 55 123 146 194 45 186 70 92 59 
131 181 117 24 212 223 225 28 132 18 
93 33 135 12 143 120 199 195 30 103 
15 38 244 211 9 96 8 13 4 172 
75 100 222 142 34 215 139 200 68 152 
169 171 40 241 150 49 52 99 58 184 
155 73 209 164 227 21 159 94 97 10 
113 191 196 102 218 35 17 111 87 32 
201 84 247 98 177 6 125 11 163 50 
178 112 78 1 219 242 224 69 217 237 
226 23 71 127 95 37 48 189 250 108 
2 39 220 160 214 170 29 175 26 208 
180 232 238 114 228 245 173 118 65 81 
161 168 210 188 158 83 157 204 216 246 
76 138 60 179 77 5 240 119 231 116 
31 128 233 213 205 151 7 19 66 90 
130 206 61 47 25 140 182 165 239 44 
229 41 36 88 190 121 221 72 51 124 
149 193 235 14 53 129 187 27 207 174 
74 
