161
0 8 134 160 143 152 129 155 72 89 
104 80 50 139 60 103 102 48 132 110 
137 47 136 51 2 116 65 118 27 13 
55 1 126 114 21 81 24 138 25 83 
142 58 106 122 44 146 88 71 98 17 
119 85 93 140 77 12 36 95 123 84 
130 11 64 6 69 10 53 159 154 40 
147 131 3 63 112 133 26 100 16 28 
30 34 4 148 22 14 97 7 120 86 
92 49 79 96 94 121 46 149 54 105 
43 9 78 35 144 151 29 125 82 74 
157 41 135 31 37 45 73 141 101 128 
108 19 158 42 91 145 32 76 33 18 
90 66 52 59 113 68 20 5 156 99 
39 109 150 75 23 153 127 57 117 56 
115 61 107 38 87 124 67 70 111 62 
15 
