161
0 113 137 56 36 31 109 67 58 2 
73 18 93 102 57 127 77 46 87 147 
35 82 89 133 3 129 106 26 88 49 
25 75 68 154 52 43 45 13 104 17 
141 4 140 121 27 42 101 72 117 99 
158 80 79 62 156 149 66 7 128 84 
95 23 111 34 29 12 142 138 9 38 
51 139 53 37 116 157 112 132 151 24 
40 14 115 91 107 32 1 28 146 76 
22 118 136 110 70 16 50 71 61 130 
8 143 41 105 20 5 48 64 19 153 
96 134 90 55 92 103 122 150 159 44 
83 78 131 108 15 47 148 160 81 114 
135 59 94 6 152 85 30 33 69 124 
74 144 60 145 63 10 126 119 123 98 
100 86 120 21 155 39 65 11 97 54 
125 
