501
0 214 458 400 228 232 275 181 240 338 
363 477 326 243 191 353 448 86 114 432 
182 101 457 221 301 426 416 147 38 407 
476 226 292 401 471 203 108 110 50 289 
488 196 459 259 417 252 295 122 223 496 
98 294 31 269 195 283 454 95 293 210 
84 348 68 119 350 392 83 347 478 209 
128 225 94 41 384 319 480 29 42 229 
430 116 246 155 4 16 493 61 434 27 
109 305 435 135 146 331 468 482 174 85 
136 329 222 473 179 316 431 133 30 161 
145 130 71 492 39 490 138 3 397 90 
170 190 129 284 382 111 364 302 99 186 
359 428 1 318 469 263 204 137 361 80 
358 208 236 88 238 142 149 290 308 260 
323 437 32 351 336 112 456 438 440 279 
44 58 102 48 303 78 409 307 344 296 
247 96 241 408 376 455 412 72 378 113 
153 63 166 250 489 497 143 235 312 21 
218 366 134 164 189 277 267 220 62 388 
15 367 7 141 79 89 253 355 425 276 
100 248 46 13 165 453 167 315 287 8 
273 405 127 352 313 274 91 251 327 169 
264 330 177 171 391 139 281 115 272 393 
377 398 28 93 152 396 494 197 479 423 
441 234 386 360 162 233 381 156 184 491 
403 380 291 200 500 154 67 231 59 73 
117 34 280 484 285 383 341 125 444 126 
389 271 467 183 442 371 461 64 325 104 
178 368 414 60 82 202 328 172 105 445 
57 411 370 230 486 436 268 354 466 299 
54 446 498 369 499 311 207 150 356 92 
65 173 55 395 49 47 74 487 176 429 
309 340 288 257 224 188 22 53 337 160 
69 332 37 278 265 297 237 255 322 106 
262 9 180 213 148 198 306 483 24 339 
410 87 36 256 205 219 185 379 406 2 
245 472 320 33 131 345 75 261 433 35 
335 372 460 443 357 215 449 76 390 124 
452 77 66 362 474 52 17 310 298 10 
451 422 418 447 157 463 427 399 103 227 
19 270 420 11 333 118 194 465 266 404 
470 217 475 6 304 242 402 375 464 286 
258 317 56 282 163 40 5 450 254 12 
45 216 321 346 365 415 300 43 23 485 
14 244 159 193 314 97 419 439 20 140 
51 424 211 144 151 26 81 168 413 342 
374 343 394 462 201 132 192 421 18 212 
495 123 239 481 373 334 199 158 70 25 
324 387 187 107 249 121 206 120 349 385 
175 
