161
0 41 32 13 127 92 35 56 142 68 
88 95 97 54 121 139 72 155 73 39 
96 44 31 51 101 37 150 134 156 33 
149 71 45 21 108 116 112 131 104 136 
159 19 8 75 42 60 100 98 48 27 
107 133 29 18 125 62 85 113 67 40 
87 22 59 50 115 93 117 66 83 80 
81 135 143 43 89 148 4 118 65 123 
14 110 46 64 52 106 70 129 146 47 
30 140 58 77 23 9 138 79 49 114 
90 34 6 86 144 26 17 119 12 53 
3 103 105 157 24 11 28 91 158 132 
137 78 63 20 154 152 2 7 57 5 
1 10 74 124 120 102 151 111 145 16 
109 82 38 61 84 36 128 94 76 153 
126 99 55 160 122 25 15 130 147 141 
69 
