501
0 475 391 48 351 170 337 318 365 186 
188 394 166 357 409 390 206 136 329 104 
34 222 242 99 335 285 249 224 455 215 
150 102 139 494 158 160 236 147 472 240 
315 347 375 157 24 352 45 314 412 303 
442 395 111 13 19 309 194 7 334 219 
235 404 358 255 383 246 181 8 247 17 
40 25 321 54 251 163 387 138 444 392 
59 288 386 259 20 92 407 202 345 331 
66 362 42 280 264 80 385 31 22 376 
432 180 100 230 400 284 23 257 408 402 
328 77 207 302 156 487 454 363 483 203 
82 258 377 307 301 324 191 346 300 164 
3 476 117 127 447 125 5 195 132 44 
145 319 144 15 414 1 68 374 474 411 
199 120 131 112 393 36 382 11 277 149 
212 228 162 441 21 493 341 399 294 452 
332 70 49 312 32 161 496 287 210 196 
366 396 406 469 96 371 388 208 305 468 
198 28 86 265 453 229 119 273 128 118 
185 148 73 159 489 130 129 154 330 75 
378 262 427 65 440 233 348 231 281 173 
450 115 380 338 143 445 226 477 325 56 
433 183 437 76 430 457 422 62 424 218 
10 71 189 459 155 52 18 171 122 197 
354 98 51 360 401 473 141 339 43 109 
64 174 114 478 342 254 466 436 333 106 
289 446 134 67 47 482 272 107 497 293 
405 261 108 403 16 133 480 95 418 27 
101 113 268 286 245 500 274 458 344 225 
153 53 12 220 317 417 372 152 135 184 
169 26 364 413 263 214 425 234 327 313 
481 311 241 467 498 336 484 123 306 105 
308 299 239 110 367 60 316 397 83 381 
243 271 434 343 296 87 124 216 211 253 
121 499 297 439 88 353 39 373 213 492 
356 449 38 238 217 90 283 322 275 462 
176 85 201 304 35 460 431 485 368 471 
415 370 89 421 167 463 63 227 267 420 
69 29 456 140 270 349 326 46 495 490 
298 290 340 323 361 223 177 168 355 486 
61 256 205 187 470 37 190 276 279 438 
310 9 91 232 97 282 204 81 2 465 
94 84 193 266 428 50 221 165 209 200 
416 14 269 137 151 260 291 103 57 426 
278 350 389 419 488 379 429 78 292 479 
6 41 461 398 79 359 423 435 179 248 
93 252 448 175 55 116 146 451 172 182 
410 58 30 369 74 491 33 126 72 384 
192 4 178 443 464 320 295 237 142 244 
250 
