251
0 43 160 23 184 216 202 188 211 40 
145 177 121 13 50 155 38 171 92 193 
187 60 8 82 135 130 35 118 215 189 
116 153 167 147 53 144 103 95 247 146 
49 107 61 37 68 182 162 31 109 169 
73 72 217 14 98 21 64 18 94 44 
7 234 26 180 77 208 237 156 129 203 
2 161 90 66 137 166 179 197 87 33 
154 112 141 195 249 133 91 99 71 101 
229 140 124 1 17 201 102 214 226 143 
57 41 54 32 183 117 230 200 209 59 
194 110 69 114 205 62 119 131 67 199 
96 6 85 233 75 113 120 227 190 172 
83 238 248 89 136 79 185 36 176 123 
210 245 97 63 93 235 126 48 122 170 
236 20 128 104 192 56 151 30 19 221 
212 240 74 115 158 157 207 219 78 222 
250 25 80 159 9 204 173 213 228 70 
125 164 39 5 244 84 15 47 106 246 
4 150 55 28 149 22 134 27 191 148 
168 178 16 12 76 231 223 34 58 11 
163 111 206 46 225 165 220 142 86 100 
132 3 108 105 29 45 152 241 242 81 
243 218 224 51 186 198 181 52 232 10 
196 65 239 88 175 174 42 127 24 138 
139 
