501
0 466 221 349 416 1 249 341 71 150 
500 50 470 132 362 101 358 120 281 137 
214 13 180 87 435 348 98 397 48 197 
91 403 162 107 250 67 151 85 270 356 
84 212 193 461 83 267 304 411 482 433 
259 124 375 496 166 273 340 94 372 106 
444 371 37 398 373 338 494 8 153 313 
355 254 190 140 126 129 183 457 379 322 
172 195 415 32 485 467 253 337 122 161 
421 17 62 258 425 12 160 455 418 280 
384 30 186 210 301 272 488 116 181 308 
111 141 231 97 366 157 36 192 211 363 
171 189 374 484 294 77 353 394 251 476 
265 409 442 15 59 347 89 25 136 312 
443 219 241 359 237 266 382 451 7 447 
246 293 213 275 20 499 429 182 128 243 
306 44 205 344 477 11 432 63 274 194 
239 240 23 33 41 21 480 216 364 331 
449 419 61 453 370 307 175 283 380 227 
287 342 320 326 198 300 319 46 168 329 
260 407 387 208 187 154 134 315 245 53 
430 218 125 47 82 60 495 463 73 295 
317 57 350 426 178 297 103 75 324 235 
145 410 493 284 309 96 146 487 90 27 
121 440 14 2 80 31 368 112 209 252 
130 247 230 38 143 203 34 339 3 282 
177 88 346 176 436 400 105 383 104 222 
360 408 438 388 378 321 456 452 26 336 
357 376 114 439 54 72 6 395 492 76 
16 29 261 39 174 268 58 448 201 93 
202 217 299 491 206 18 147 406 414 462 
35 133 365 170 51 302 108 417 427 158 
42 86 70 450 288 305 225 4 327 286 
159 223 226 167 386 474 224 163 328 248 
303 471 290 413 115 468 276 99 333 135 
64 207 393 65 228 401 465 5 399 352 
396 139 311 473 486 74 481 354 10 402 
109 385 24 269 164 323 200 330 392 55 
117 119 316 68 318 131 236 179 310 123 
271 446 118 22 431 49 469 110 351 424 
285 234 102 404 478 277 405 232 422 196 
278 238 152 155 369 472 289 81 257 204 
381 256 441 479 325 184 279 144 490 40 
298 148 100 199 361 420 113 292 428 498 
142 434 459 332 229 343 215 69 28 262 
489 188 149 242 79 173 412 454 19 165 
445 464 483 9 345 334 390 191 244 263 
377 437 497 156 458 45 389 220 391 291 
475 92 460 423 78 296 335 264 138 52 
169 43 367 56 127 185 255 95 314 66 
233 
