1001
0 355 322 148 115 628 356 323 781 724 
82 795 4 983 870 550 163 623 505 958 
289 40 542 603 243 133 96 404 209 261 
707 393 144 757 584 11 436 301 260 698 
946 343 634 37 384 283 482 253 227 160 
528 714 605 246 558 477 600 214 334 330 
218 602 223 891 94 196 818 152 551 206 
999 48 700 851 575 492 109 608 242 658 
120 685 495 244 32 973 902 669 284 814 
410 156 106 136 171 183 994 922 361 833 
329 88 644 835 441 585 515 924 829 705 
471 966 976 486 378 347 657 50 686 929 
417 373 743 969 258 721 413 778 927 768 
832 391 848 859 430 191 167 20 727 182 
248 502 857 855 967 440 309 298 468 535 
388 398 540 469 226 117 520 531 756 968 
375 508 609 506 613 108 394 798 570 749 
544 44 719 918 332 497 850 491 422 405 
841 164 652 292 509 537 10 135 681 635 
839 310 728 676 955 476 708 341 997 720 
250 140 428 328 650 113 911 60 979 377 
507 484 980 556 56 670 89 655 883 64 
723 868 797 793 474 124 568 381 372 939 
672 936 230 711 808 399 577 988 197 717 
3 324 397 2 225 977 200 563 499 523 
143 847 425 553 762 959 682 112 49 311 
827 925 871 524 971 316 699 633 376 684 
236 387 690 919 262 364 241 578 256 564 
610 830 900 809 57 216 784 42 776 894 
816 190 653 162 123 294 651 649 731 357 
525 158 697 382 155 621 419 626 782 886 
554 1 755 416 165 433 957 947 386 331 
836 744 716 754 559 51 17 251 580 799 
718 319 615 365 161 758 978 211 785 423 
972 91 569 380 320 945 527 866 102 961 
342 14 173 783 730 498 231 953 993 914 
369 63 805 566 363 607 371 147 220 23 
172 350 985 481 259 255 5 52 207 873 
611 90 315 278 579 843 420 624 948 912 
383 565 166 601 908 187 493 282 458 547 
944 849 291 741 480 217 660 127 521 19 
488 402 562 834 641 659 18 116 899 831 
786 6 715 490 901 188 956 392 748 443 
935 861 149 940 807 466 591 360 368 729 
459 344 761 85 713 656 845 888 825 712 
745 917 186 533 154 353 308 229 709 587 
671 739 427 41 87 151 753 950 406 687 
518 73 514 390 963 421 304 519 401 451 
339 348 407 461 920 775 84 460 787 157 
541 500 951 668 680 8 98 487 434 279 
272 975 934 349 35 208 734 837 889 915 
335 290 674 15 599 548 887 317 455 285 
691 801 844 99 529 636 281 747 954 65 
221 128 522 306 467 431 75 589 618 358 
445 643 176 702 941 640 280 125 447 105 
583 121 178 367 145 804 738 867 694 663 
921 118 910 130 139 457 789 313 210 307 
496 265 193 890 876 858 30 134 374 791 
916 631 179 185 101 7 750 751 485 736 
942 359 92 810 774 475 426 517 763 414 
885 746 287 614 852 938 67 906 573 710 
299 198 625 701 69 864 68 923 582 76 
586 271 878 617 704 429 893 34 732 296 
22 448 352 557 981 740 574 862 13 806 
305 572 489 472 530 247 984 424 302 667 
181 219 409 54 555 411 268 769 345 933 
338 770 673 62 990 153 590 596 234 264 
203 78 800 442 737 662 346 201 39 675 
594 703 677 478 905 97 595 114 678 840 
21 539 846 93 100 645 107 239 826 543 
439 904 545 696 254 970 189 70 95 526 
415 336 43 733 664 612 470 560 31 103 
370 820 245 828 629 561 28 767 627 892 
796 692 503 931 771 454 456 408 989 865 
66 665 366 237 71 83 293 141 803 238 
170 450 81 872 12 546 77 616 501 863 
61 986 706 516 174 257 982 46 606 504 
794 385 184 790 159 142 815 453 205 679 
202 534 235 824 877 146 604 943 907 991 
926 735 16 252 297 802 752 874 150 598 
47 898 842 59 25 779 314 286 266 896 
418 86 646 273 593 881 26 772 654 952 
581 536 995 228 567 132 80 24 36 817 
483 126 620 104 588 532 688 937 998 619 
180 318 856 695 444 597 726 777 327 446 
337 379 400 233 860 932 683 213 1000 110 
571 689 432 913 362 974 389 722 642 661 
122 263 479 788 412 195 903 766 449 647 
638 295 269 275 168 869 853 199 325 438 
962 465 321 792 538 960 880 351 592 192 
996 58 396 215 510 267 270 300 452 27 
760 473 632 354 55 212 838 38 765 639 
340 725 821 435 53 177 72 964 879 169 
303 965 45 637 333 288 29 277 928 884 
249 882 240 119 437 326 630 175 511 811 
462 194 276 819 648 759 513 897 780 74 
138 312 403 137 512 693 79 812 930 204 
33 549 463 823 666 224 395 129 111 992 
909 742 274 875 622 822 987 773 895 854 
764 494 813 576 232 222 949 131 552 9 
464 
