1001
0 573 84 412 916 251 547 404 846 827 
364 558 778 715 928 736 540 615 370 503 
681 618 988 376 298 544 484 411 294 974 
304 455 959 369 86 144 499 361 734 352 
918 302 711 996 170 979 151 249 964 202 
22 95 978 568 508 580 708 99 591 441 
614 686 998 93 423 414 57 492 837 821 
863 397 269 21 333 357 661 999 571 266 
130 609 199 85 443 992 187 896 942 649 
497 16 459 621 433 20 939 336 108 242 
315 141 438 761 179 901 555 777 10 961 
882 280 134 535 50 25 884 259 270 628 
46 105 452 281 860 63 299 216 243 329 
960 909 912 852 791 360 33 7 780 148 
676 665 322 782 194 321 349 586 67 129 
69 945 752 814 732 182 914 250 682 700 
826 296 524 608 531 230 55 833 718 238 
764 935 847 725 1 458 446 159 701 173 
739 236 166 422 937 502 757 445 638 4 
307 667 167 560 285 197 9 509 729 617 
468 644 162 747 335 262 386 454 663 432 
902 29 252 122 217 87 430 379 172 932 
668 646 538 917 971 870 2 498 394 180 
74 940 107 382 487 442 816 823 102 8 
545 872 595 659 640 762 919 589 309 205 
669 619 549 496 950 339 653 911 483 724 
83 566 962 261 428 76 380 610 479 977 
869 81 830 143 214 704 186 981 133 518 
817 898 135 342 582 798 810 481 783 597 
45 953 915 812 689 275 593 495 73 824 
972 220 927 100 730 811 920 287 488 658 
464 678 873 355 936 70 900 857 258 316 
602 439 986 229 324 790 183 203 519 581 
633 160 451 868 947 954 607 832 742 271 
997 542 375 244 660 968 406 995 222 605 
247 825 512 759 808 338 175 505 37 521 
53 18 957 265 738 378 400 103 511 330 
938 680 226 17 254 731 64 809 49 305 
500 120 822 204 946 263 371 421 774 510 
351 578 312 272 231 389 887 181 969 948 
327 710 163 463 745 843 239 801 434 467 
390 806 569 612 886 473 683 260 31 567 
325 577 221 546 627 198 572 623 648 478 
726 415 760 741 703 12 956 323 234 899 
115 1000 65 570 643 904 11 224 150 377 
905 875 460 237 634 853 90 771 416 475 
865 849 943 392 773 5 655 677 714 354 
944 600 407 675 114 563 684 967 440 818 
892 750 770 485 36 15 35 706 399 506 
584 787 462 210 368 751 362 97 687 447 
291 206 539 293 453 14 38 277 48 274 
513 975 796 366 71 200 405 767 866 494 
474 264 448 722 207 844 799 894 925 611 
89 838 842 195 60 855 39 575 6 603 
533 493 395 758 620 353 754 235 965 532 
897 871 363 926 596 785 786 320 472 372 
358 286 373 147 40 295 486 343 465 297 
985 716 113 579 319 77 713 326 82 685 
737 807 583 923 490 461 895 491 424 588 
240 68 885 477 43 165 941 551 788 991 
501 592 409 161 253 152 854 637 763 145 
776 559 934 337 313 775 384 211 622 805 
624 848 164 78 132 311 174 153 19 893 
482 177 449 398 795 883 876 670 149 755 
840 255 831 62 913 657 225 561 450 334 
61 111 419 694 374 391 666 867 328 279 
819 402 201 288 958 984 910 189 740 387 
804 587 56 156 301 601 142 23 233 550 
268 727 385 522 118 769 690 645 117 212 
699 54 576 96 457 469 476 743 679 444 
223 834 556 417 456 123 702 331 889 284 
951 314 42 733 396 34 695 839 629 557 
176 693 190 139 429 246 552 707 929 712 
890 283 28 232 674 768 215 562 248 66 
125 993 30 723 435 527 344 590 564 515 
227 340 541 835 348 534 756 994 191 112 
766 859 543 110 51 728 636 585 318 672 
651 858 650 350 877 908 671 523 924 27 
772 654 933 94 828 306 300 983 26 106 
155 721 952 906 121 436 359 267 784 861 
303 431 652 625 128 735 289 697 744 528 
921 878 310 955 749 127 606 393 604 813 
98 982 930 980 47 793 308 856 647 881 
574 24 797 154 779 341 613 193 966 276 
137 526 504 138 553 530 717 989 748 639 
990 599 537 630 803 292 124 257 698 420 
188 987 841 91 381 907 514 383 471 802 
178 347 109 256 792 880 829 413 922 879 
794 765 800 976 470 403 158 101 520 656 
140 598 480 720 903 408 662 427 641 136 
88 719 184 241 963 228 146 425 290 79 
278 705 219 949 691 862 815 516 437 709 
185 317 864 565 59 92 673 554 891 119 
594 626 525 536 273 3 346 753 32 548 
874 356 692 632 507 616 489 192 345 282 
836 72 820 845 970 169 58 245 171 208 
367 851 781 931 218 52 517 696 664 746 
635 688 642 80 888 157 789 104 196 75 
850 365 388 426 209 168 44 401 418 116 
213 529 13 631 973 126 41 410 332 131 
466 
