251
0 30 40 165 219 79 3 116 150 234 
13 66 227 171 124 137 81 179 215 228 
37 230 194 117 38 80 162 111 97 34 
224 246 207 134 77 108 132 250 12 53 
177 168 105 170 57 89 125 18 157 58 
110 238 36 200 236 10 23 201 216 6 
24 17 197 106 59 98 22 232 72 107 
243 241 153 64 9 95 69 133 29 213 
99 128 185 47 126 78 190 198 205 173 
27 70 193 187 87 159 91 214 42 183 
21 43 229 160 82 123 103 218 245 84 
151 32 223 14 176 149 48 131 11 100 
152 96 169 240 217 191 119 158 154 118 
202 174 130 148 83 178 73 55 8 156 
167 204 166 233 1 31 146 93 62 189 
192 85 101 247 225 52 212 163 182 226 
135 239 88 4 209 16 220 127 242 46 
186 196 86 65 44 237 39 15 164 20 
199 139 41 75 188 54 92 195 115 61 
26 102 33 136 45 248 141 71 211 244 
35 112 145 142 210 120 90 5 147 144 
184 203 208 25 60 138 56 63 172 109 
104 121 28 2 50 221 113 122 235 143 
161 206 7 140 74 129 181 222 231 114 
68 51 249 94 155 76 19 49 175 67 
180 
