501
0 173 325 313 252 6 108 212 27 494 
181 153 116 268 205 447 364 406 223 345 
31 477 236 285 311 251 357 237 148 102 
174 166 373 341 45 482 299 35 396 476 
280 135 104 453 38 326 193 481 4 324 
131 55 134 261 337 434 485 377 245 321 
354 138 457 235 459 105 424 48 348 288 
253 327 96 419 228 442 383 500 234 156 
2 472 85 143 397 36 113 189 28 471 
445 247 319 282 342 430 142 23 72 466 
64 24 178 420 144 256 70 309 183 103 
90 51 316 46 400 349 225 139 101 154 
443 335 250 267 87 389 332 416 216 291 
478 84 391 248 86 343 270 130 194 351 
222 483 69 480 305 370 455 218 269 376 
198 11 7 146 338 13 439 50 355 10 
165 185 125 54 74 159 384 94 394 329 
184 431 264 219 371 209 433 468 404 65 
449 47 17 470 366 339 171 97 114 187 
413 93 112 347 33 161 283 454 232 240 
15 163 429 133 405 296 57 432 177 368 
456 40 128 486 290 98 95 164 180 230 
418 196 58 145 147 467 224 492 26 109 
278 126 437 226 229 402 39 423 375 207 
44 301 281 491 489 475 220 192 19 137 
34 304 464 298 8 59 381 1 9 110 
277 78 213 462 414 83 435 151 328 246 
441 257 160 152 211 365 258 490 262 452 
446 132 106 266 284 363 41 182 249 117 
22 5 20 352 333 241 158 42 359 172 
29 169 320 401 395 318 76 157 127 367 
392 115 323 238 62 495 378 16 289 334 
497 499 121 307 315 150 440 308 279 71 
204 331 409 473 170 100 488 82 422 52 
312 242 415 168 407 210 155 107 77 255 
68 428 199 436 119 214 201 43 444 99 
217 79 330 469 427 167 66 195 21 350 
275 3 271 317 37 273 89 272 387 380 
122 179 372 344 450 382 202 274 411 385 
369 221 398 124 63 300 32 276 360 336 
458 88 197 111 412 353 118 141 208 12 
295 73 231 438 176 233 479 61 254 60 
136 306 243 260 92 322 239 484 379 314 
188 463 123 30 293 67 175 361 421 362 
227 403 417 493 297 244 310 460 426 498 
53 265 200 80 425 49 287 451 374 303 
259 302 461 129 206 191 81 465 474 408 
390 448 120 340 496 215 162 346 14 186 
75 399 263 487 410 393 149 190 18 388 
292 294 286 25 358 203 356 91 140 386 
56 
