161
0 111 19 127 91 66 101 153 22 34 
151 128 6 121 117 64 32 158 17 18 
90 40 154 29 92 8 88 11 12 75 
156 80 9 100 79 95 1 107 68 15 
140 54 44 13 35 103 27 77 76 67 
78 55 61 7 85 14 131 4 73 97 
72 126 63 143 28 57 138 26 136 146 
41 48 74 98 108 58 50 132 145 62 
93 125 139 106 38 141 82 137 144 69 
24 134 147 102 89 123 149 129 148 5 
56 30 104 10 113 152 99 150 65 36 
83 81 70 25 16 71 142 37 53 105 
130 135 39 159 115 84 122 118 94 52 
109 33 2 42 47 114 116 31 112 96 
157 60 110 51 23 43 87 49 20 59 
21 119 133 124 155 120 45 46 160 3 
86 
