501
0 247 9 129 376 265 411 474 198 386 
123 5 90 165 91 106 359 395 437 300 
162 241 258 125 229 173 60 176 41 394 
268 320 19 115 282 194 4 223 372 342 
417 274 427 40 403 79 340 467 73 445 
66 96 172 457 111 444 50 244 296 183 
24 32 459 63 360 495 305 332 186 135 
64 253 160 469 410 398 433 409 175 184 
490 15 152 1 471 438 195 354 16 455 
220 462 341 353 368 65 298 67 337 349 
325 447 405 218 225 273 251 231 149 407 
388 255 414 290 460 119 322 37 94 61 
85 482 328 280 304 256 29 48 12 307 
344 235 52 191 132 35 485 116 472 308 
100 393 287 57 242 303 136 404 114 95 
222 319 294 108 53 284 179 431 369 54 
430 97 339 402 2 383 301 380 88 399 
120 278 299 351 22 267 105 423 434 318 
209 496 498 199 217 144 335 401 488 481 
101 420 312 240 157 131 83 33 406 208 
302 142 188 446 161 456 46 62 338 483 
221 45 143 6 233 424 363 355 262 7 
118 181 76 34 345 196 141 314 112 110 
197 321 334 250 323 343 260 408 51 25 
236 26 476 346 77 134 484 44 246 266 
192 396 382 204 248 465 361 491 151 315 
78 352 463 384 206 385 36 364 441 214 
269 17 264 365 190 367 419 92 178 202 
259 494 421 187 215 370 440 30 415 99 
185 310 375 413 309 168 121 102 124 237 
103 158 216 292 435 493 500 23 412 429 
163 458 153 213 170 10 27 362 177 442 
285 169 480 146 443 147 270 93 104 391 
473 238 374 207 347 166 56 288 109 272 
357 174 245 117 71 228 371 127 390 74 
306 126 366 224 293 138 180 451 439 68 
479 155 400 281 279 379 234 381 69 8 
373 261 492 14 329 182 211 87 263 31 
254 49 327 358 148 257 461 38 499 276 
205 252 3 113 39 317 189 478 289 47 
58 239 432 286 497 139 86 448 219 156 
454 468 13 28 311 378 326 164 397 243 
425 84 130 283 159 150 331 232 348 226 
89 356 389 201 20 477 330 387 107 145 
249 154 470 82 167 171 291 350 43 422 
11 487 42 275 297 313 416 18 212 316 
133 230 122 21 137 98 449 203 450 193 
200 81 140 486 295 80 489 418 466 333 
464 277 271 128 336 227 55 72 210 453 
70 59 75 377 392 452 428 324 436 426 
475 
