501
0 26 484 186 245 243 264 384 301 78 
428 382 397 452 303 440 426 467 164 308 
157 239 79 375 185 103 500 108 162 442 
466 349 252 29 337 346 34 126 256 81 
407 148 289 35 343 138 208 496 124 242 
184 486 453 165 350 189 434 322 200 210 
169 288 196 479 345 111 309 33 121 340 
378 218 380 341 96 357 287 328 181 251 
45 4 113 178 374 159 99 226 456 347 
465 90 315 401 418 490 472 135 273 320 
37 122 223 450 476 40 119 86 393 27 
241 302 338 354 182 131 250 373 44 232 
225 438 213 201 460 416 41 482 458 174 
219 314 433 268 323 383 32 475 430 123 
190 59 140 167 488 247 198 261 336 222 
445 66 3 423 147 386 454 480 295 443 
342 439 211 425 395 104 88 248 319 217 
36 130 134 283 311 153 370 87 28 293 
299 394 106 15 499 437 199 95 21 278 
310 279 30 461 276 369 228 333 446 146 
212 43 205 74 156 464 492 494 377 84 
413 441 457 120 136 263 448 312 137 75 
194 73 7 419 102 63 298 275 151 48 
183 133 139 487 76 424 355 60 260 89 
421 389 435 188 20 179 427 470 363 313 
297 143 19 352 469 478 166 220 230 412 
22 18 150 410 203 291 463 491 68 193 
462 405 127 209 281 237 72 353 64 70 
51 5 436 379 451 391 330 272 14 158 
227 145 414 318 1 282 38 10 17 411 
204 285 368 284 9 144 231 191 24 431 
112 360 246 62 485 195 376 39 306 253 
132 495 258 85 402 154 214 399 280 12 
83 69 316 46 160 152 351 477 52 266 
42 49 366 362 2 244 197 105 388 270 
110 172 115 215 468 365 326 390 8 163 
334 304 176 331 54 249 489 321 100 77 
409 259 265 53 398 344 61 216 71 267 
335 92 80 497 47 269 202 473 93 55 
240 274 324 255 65 171 257 155 173 141 
381 444 97 290 236 238 142 364 128 101 
327 109 332 224 31 192 117 13 415 94 
348 129 114 317 58 403 493 50 286 91 
447 459 429 400 367 221 307 483 359 6 
392 262 294 67 396 229 356 300 16 498 
177 25 180 371 107 387 417 234 385 277 
449 254 11 372 98 455 235 358 474 420 
206 23 56 292 125 161 118 57 404 432 
82 481 149 361 422 325 271 175 305 339 
471 329 296 170 116 168 233 207 408 406 
187 
