701
0 314 680 554 240 476 653 699 165 386 
201 67 340 187 36 223 342 241 351 24 
227 299 656 638 549 200 632 490 289 568 
96 2 74 153 498 22 573 686 136 72 
271 266 564 69 97 535 614 673 34 167 
291 434 462 688 28 139 150 87 33 443 
256 577 83 408 647 659 265 202 502 526 
63 328 465 116 449 9 579 426 662 515 
110 43 697 306 500 100 689 220 657 145 
687 229 125 283 242 163 505 137 544 10 
108 122 21 586 516 411 191 455 651 170 
194 214 369 155 479 527 42 594 471 469 
588 693 472 352 553 682 29 312 285 257 
560 159 672 330 132 1 234 438 45 606 
203 56 670 696 337 491 456 205 565 511 
450 287 316 129 545 161 418 485 618 5 
581 684 320 71 574 236 669 142 524 477 
617 73 218 212 144 598 111 556 427 412 
370 558 583 681 356 181 428 59 393 253 
20 453 251 86 361 333 552 115 430 329 
463 413 495 301 157 303 447 405 149 529 
55 13 584 70 452 276 324 284 68 281 
621 420 219 272 151 193 48 158 298 239 
121 521 319 171 607 221 642 533 504 439 
230 678 358 278 217 620 39 146 8 534 
156 89 446 640 169 600 532 255 414 611 
26 467 655 499 183 82 475 322 101 185 
615 416 85 349 367 58 16 510 492 313 
514 616 120 78 508 497 580 387 344 610 
385 619 376 130 561 143 608 436 570 261 
520 79 133 166 440 11 113 233 423 474 
345 259 437 664 424 518 555 698 222 325 
81 347 389 612 457 394 643 66 360 126 
359 546 567 109 374 645 47 98 671 571 
602 92 295 31 528 260 623 509 315 648 
628 609 19 433 435 235 601 91 290 380 
228 442 308 487 384 327 297 409 277 629 
377 76 128 512 175 105 454 667 199 102 
50 530 675 269 658 494 300 263 635 40 
332 381 94 486 354 578 517 683 460 206 
27 215 417 107 65 293 286 99 445 399 
665 282 131 210 267 197 362 225 690 637 
398 77 694 482 503 541 88 595 338 189 
112 268 162 676 646 639 431 692 550 406 
429 188 238 563 401 432 17 425 466 478 
173 323 451 587 366 654 51 540 599 274 
441 246 335 15 531 402 294 208 232 14 
32 631 396 331 44 321 307 141 254 378 
30 54 41 392 525 575 95 296 536 496 
593 605 421 604 178 407 52 61 37 12 
292 244 147 589 279 207 190 459 569 57 
410 458 562 649 226 339 372 627 522 444 
630 419 473 661 501 231 548 596 204 6 
622 172 539 679 346 7 23 513 468 134 
365 506 124 140 305 634 663 75 576 695 
84 493 224 184 25 375 685 317 311 400 
168 624 668 245 123 180 216 38 148 415 
625 483 559 353 49 334 280 198 262 691 
80 388 537 448 160 176 543 397 404 247 
523 357 35 373 674 152 209 62 53 93 
422 652 395 488 46 355 177 179 118 364 
64 270 484 557 104 103 106 138 341 264 
591 481 650 644 633 117 383 350 174 275 
248 4 154 310 379 336 636 700 252 572 
18 613 368 186 660 348 90 489 211 470 
363 119 273 250 127 464 542 237 519 249 
382 592 114 3 309 135 371 626 391 538 
666 677 164 213 258 326 196 507 461 582 
603 243 551 302 343 641 597 566 547 288 
585 403 318 480 60 195 192 590 182 304 
390 
