251
0 7 43 54 171 163 152 203 244 239 
125 155 60 186 143 41 62 245 77 149 
236 138 133 132 242 1 208 10 227 107 
249 40 141 146 201 156 113 13 217 69 
182 103 162 55 161 42 36 211 39 51 
188 91 157 105 174 72 154 151 129 128 
75 100 84 246 126 104 147 33 204 109 
170 185 232 94 3 49 158 177 207 197 
30 19 214 200 181 79 50 198 63 57 
210 228 202 237 26 218 34 145 53 64 
248 29 122 140 18 8 247 88 172 86 
142 111 118 199 194 136 58 61 71 15 
45 74 224 131 195 85 178 241 221 20 
127 240 2 82 21 219 220 137 102 115 
44 65 28 11 78 231 124 216 81 87 
193 134 25 164 148 98 209 12 24 114 
123 167 27 233 76 168 184 166 250 139 
47 159 169 22 112 176 135 205 66 179 
120 73 16 110 106 213 225 83 222 59 
121 183 191 95 108 101 215 130 150 38 
90 23 206 187 4 93 235 67 229 223 
153 117 160 238 32 165 196 89 234 9 
6 119 226 230 116 144 243 190 99 5 
14 52 189 17 96 70 68 92 97 192 
80 48 175 180 46 35 212 37 173 31 
56 
