501
0 459 312 26 261 406 96 361 267 414 
429 200 477 296 463 5 238 302 182 130 
64 85 240 18 435 166 275 180 276 230 
131 126 443 391 245 258 123 405 121 424 
445 3 356 402 21 359 223 220 495 154 
93 318 146 299 377 481 198 395 210 325 
369 71 229 192 119 194 185 117 252 449 
350 235 269 270 189 120 47 105 464 116 
111 173 222 172 461 31 284 475 27 227 
161 158 110 372 45 407 9 348 199 426 
34 293 94 486 357 498 163 37 427 310 
295 289 177 78 178 244 440 150 331 225 
36 425 292 474 332 428 494 294 61 482 
89 278 257 489 378 145 370 277 74 75 
433 253 496 484 159 234 44 39 231 191 
434 151 450 128 360 187 343 304 352 208 
317 454 451 205 485 373 397 181 457 311 
1 176 266 283 73 149 100 309 316 251 
286 254 106 236 339 282 62 56 411 241 
29 4 148 466 389 394 271 418 99 345 
57 67 124 2 476 351 272 260 209 55 
32 323 142 322 212 399 184 336 79 174 
256 349 90 202 287 224 179 422 54 478 
307 491 52 43 102 246 285 109 308 50 
290 83 470 366 33 347 385 35 363 101 
441 183 388 346 408 365 334 342 419 487 
358 455 263 273 353 133 195 371 24 479 
315 12 19 465 141 232 15 262 421 438 
321 337 381 144 88 392 431 233 160 280 
49 193 237 249 379 28 430 42 51 368 
147 190 207 132 10 239 416 221 60 417 
226 30 367 432 329 423 169 218 143 175 
492 386 483 265 436 201 40 63 338 214 
114 7 113 384 215 383 413 127 136 412 
217 344 65 437 467 488 186 23 122 53 
301 170 456 400 69 409 58 92 396 20 
17 313 134 458 104 387 77 219 82 439 
452 103 171 13 38 497 410 66 291 255 
112 446 448 80 415 493 382 153 248 115 
16 403 204 76 472 91 499 167 398 206 
157 156 108 25 41 340 213 72 404 97 
59 453 297 87 442 14 162 333 243 279 
152 306 300 500 393 460 118 46 135 298 
6 473 288 228 247 197 139 168 188 155 
264 462 362 341 129 374 444 84 326 480 
335 390 328 70 354 355 11 447 401 250 
68 165 8 319 259 48 375 196 364 216 
125 376 81 138 242 86 305 164 327 330 
98 324 137 303 203 140 469 320 22 490 
211 274 380 314 420 95 281 468 268 107 
471 
