501
0 469 305 345 343 243 497 198 444 91 
346 285 443 90 173 237 165 450 191 220 
54 87 102 357 342 76 377 325 293 253 
75 318 263 352 10 409 355 477 324 290 
335 97 242 216 404 66 45 53 4 311 
425 63 256 25 298 199 210 421 50 245 
78 365 96 133 115 168 454 399 106 201 
184 288 103 462 437 213 300 322 321 476 
92 169 193 116 157 150 233 272 180 424 
42 331 458 38 89 428 231 228 448 248 
73 21 5 430 489 154 452 405 371 192 
226 208 482 368 349 411 124 218 59 441 
481 14 33 77 143 336 414 291 181 126 
214 262 140 479 412 22 347 167 393 378 
397 457 35 278 447 269 282 283 465 433 
388 320 490 182 246 19 332 99 426 276 
43 60 289 297 268 88 236 1 307 64 
188 429 264 85 8 327 244 52 468 394 
466 422 306 98 381 34 375 316 72 227 
82 224 389 211 258 209 266 255 337 127 
207 392 238 376 261 435 286 183 251 361 
350 26 48 274 487 348 80 499 186 374 
171 178 460 472 67 434 446 451 148 319 
79 344 310 197 44 114 65 221 121 109 
478 162 418 471 142 40 423 360 146 273 
163 11 372 317 249 313 396 354 16 323 
156 24 204 456 366 485 380 164 470 407 
250 402 326 241 161 382 136 440 257 176 
386 132 28 416 9 284 496 219 69 105 
296 464 427 135 205 177 369 270 420 217 
152 149 62 229 463 110 147 473 445 130 
203 202 387 225 267 281 151 383 131 158 
155 294 498 395 194 385 31 312 172 57 
49 94 240 403 134 455 29 104 39 137 
111 314 309 432 145 32 138 442 338 153 
174 315 461 491 170 341 384 334 271 304 
86 398 391 279 495 492 390 12 363 415 
494 475 113 483 13 413 356 232 187 200 
247 254 408 302 367 436 139 159 47 275 
299 259 125 68 401 301 108 277 93 292 
480 308 328 23 6 417 486 2 100 280 
185 373 46 295 175 141 449 419 339 439 
81 484 118 353 179 190 329 117 370 362 
234 333 467 20 17 36 235 18 406 95 
351 493 260 56 160 41 27 119 252 212 
265 340 7 3 195 303 206 364 83 488 
215 474 189 459 112 15 58 359 122 71 
239 61 129 410 438 128 55 230 74 107 
431 37 287 84 196 120 30 223 51 358 
222 144 123 500 400 166 379 330 101 453 
70 
