251
0 40 177 67 12 48 231 105 145 20 
188 131 246 11 220 110 13 227 128 25 
198 158 149 118 150 68 49 41 183 99 
124 109 213 240 146 141 18 75 29 63 
94 126 136 216 175 171 108 191 23 176 
223 55 43 24 4 144 116 36 206 179 
85 3 115 201 225 211 180 5 137 100 
92 174 215 156 233 53 26 189 239 248 
207 134 14 125 212 61 71 103 22 38 
57 202 35 80 44 32 19 169 139 138 
170 95 241 91 185 159 161 153 167 42 
121 65 54 192 10 2 6 130 79 247 
50 249 205 46 129 106 196 190 238 33 
222 127 34 163 178 155 164 37 172 151 
58 21 90 132 250 142 148 182 184 195 
114 162 15 221 181 117 82 165 86 62 
187 66 218 97 81 194 219 244 30 143 
200 123 69 74 237 89 45 217 51 234 
226 112 135 157 78 47 72 122 152 1 
173 133 228 16 204 120 98 168 107 84 
140 160 119 17 88 39 113 31 70 186 
76 77 210 60 59 101 208 28 242 245 
243 104 64 93 83 9 197 232 52 230 
111 7 147 209 203 27 224 56 87 154 
236 166 102 8 96 229 199 235 193 73 
214 
