501
0 223 20 182 85 426 31 339 474 497 
460 36 279 246 239 360 159 481 193 417 
252 456 138 184 413 232 264 379 294 130 
86 352 52 328 209 162 43 461 167 250 
383 12 244 69 400 298 418 469 421 401 
271 489 234 353 402 277 493 226 340 344 
152 362 338 13 351 416 420 205 126 35 
189 473 363 227 427 195 77 7 374 70 
312 166 187 366 376 287 393 257 127 336 
356 466 300 66 431 358 53 384 38 3 
447 459 40 454 61 22 108 15 414 394 
118 105 243 119 268 370 335 132 115 337 
254 309 359 4 446 443 248 104 214 405 
275 65 409 18 171 144 80 263 330 45 
323 143 181 450 221 203 487 430 462 210 
120 348 238 325 324 161 425 265 483 186 
89 382 269 63 60 349 266 316 249 424 
157 274 30 259 135 297 406 326 301 284 
463 387 79 113 494 304 136 386 82 290 
67 158 310 27 44 51 285 289 56 192 
315 396 470 500 388 170 112 151 174 224 
306 47 54 176 305 276 283 41 478 364 
25 419 33 240 71 434 397 42 168 131 
303 465 480 472 147 107 369 137 154 251 
88 91 102 477 267 281 230 451 219 179 
440 381 164 11 213 153 76 62 253 455 
156 432 155 87 492 93 436 498 14 375 
206 286 196 476 295 78 442 163 444 75 
343 314 410 49 385 346 495 81 2 345 
99 90 191 142 21 68 101 479 134 380 
229 368 16 236 98 211 433 177 438 273 
411 139 341 199 160 59 100 389 220 231 
94 318 110 371 242 6 190 103 133 172 
72 114 439 83 169 288 1 188 390 129 
367 198 272 422 399 202 475 449 491 218 
262 150 8 319 441 256 57 125 311 448 
307 29 322 237 423 321 403 96 217 355 
484 334 347 241 320 5 378 261 468 332 
453 313 404 208 106 372 64 280 327 185 
140 293 92 111 117 407 445 216 302 97 
482 412 46 55 39 149 247 437 354 37 
296 123 207 9 141 499 361 331 233 225 
488 146 19 458 145 95 258 496 398 486 
365 175 200 428 282 23 373 74 308 58 
342 292 109 222 490 435 24 291 180 391 
260 392 350 165 10 201 299 270 124 464 
48 485 121 178 17 26 73 408 84 317 
28 395 357 235 471 415 34 245 173 278 
457 183 452 467 333 329 128 429 204 148 
197 212 228 194 116 122 32 377 255 215 
50 
