1001
0 41 807 769 977 457 937 876 521 94 
443 887 590 191 476 815 606 811 173 142 
273 624 661 847 413 432 6 490 941 249 
75 107 602 736 106 470 710 574 631 525 
433 364 39 58 544 8 627 37 877 781 
723 611 96 592 295 391 564 816 4 933 
760 262 132 569 960 474 86 919 771 823 
729 268 481 29 427 843 463 284 666 558 
373 535 992 550 615 179 538 38 657 926 
768 971 265 863 269 325 634 360 340 983 
216 446 54 778 561 341 472 7 67 198 
790 57 672 33 171 868 210 779 812 466 
426 934 124 680 328 813 399 111 871 17 
722 783 357 34 484 827 646 548 741 947 
358 820 465 468 645 21 144 228 122 677 
480 32 276 389 128 975 788 250 614 239 
120 451 308 651 585 875 802 208 5 726 
188 948 48 849 872 464 712 303 517 704 
35 13 499 118 870 222 330 219 496 990 
577 709 514 950 809 201 127 283 556 883 
793 502 954 701 814 957 129 688 690 185 
864 81 240 922 806 143 204 711 68 452 
840 414 423 803 154 113 365 223 302 928 
422 209 102 3 681 333 299 547 252 750 
116 261 752 257 305 993 359 523 754 654 
904 136 938 821 1 609 839 63 169 374 
93 11 440 475 559 728 964 804 377 306 
314 515 155 91 506 770 686 582 721 398 
652 593 589 897 112 625 914 715 552 759 
270 494 274 350 725 705 430 563 633 745 
842 776 945 906 419 420 30 183 230 147 
56 700 989 190 388 737 599 925 669 862 
174 407 973 511 616 553 109 588 979 84 
798 991 117 959 795 931 42 724 424 982 
28 130 367 401 323 703 43 930 510 667 
50 916 908 691 409 500 53 319 205 575 
644 698 639 123 684 301 293 245 910 557 
662 618 435 621 756 66 824 758 167 894 
890 640 555 189 620 923 20 31 92 996 
833 571 995 101 192 203 739 296 309 576 
683 573 656 99 395 522 903 366 254 493 
949 256 596 243 22 326 650 782 291 310 
390 791 554 942 974 380 355 387 951 638 
785 206 952 630 629 285 893 197 623 78 
324 402 969 372 27 999 175 168 648 161 
181 961 980 248 9 89 955 801 902 447 
286 660 289 720 886 297 345 98 85 716 
676 126 410 163 714 282 202 119 836 100 
787 748 543 429 825 774 673 911 264 77 
718 64 141 16 253 321 619 344 664 687 
482 702 428 237 668 2 220 846 354 878 
513 566 226 304 766 932 682 159 125 152 
699 137 65 867 19 307 856 854 160 263 
151 18 486 411 855 622 346 351 917 187 
336 288 234 312 909 594 379 347 976 97 
438 655 15 258 103 492 972 913 121 927 
394 337 882 165 271 455 531 233 1000 279 
685 40 370 14 140 610 956 598 694 316 
343 266 819 617 879 695 845 385 696 251 
439 939 186 901 675 278 970 530 604 789 
749 290 981 26 755 744 405 88 800 516 
200 456 214 434 483 861 59 238 331 162 
519 460 217 458 835 417 545 587 450 294 
762 526 386 478 227 761 194 527 533 495 
236 792 763 889 158 445 637 865 866 403 
146 860 322 635 518 747 851 255 218 207 
647 491 986 829 60 47 110 858 850 335 
869 150 727 79 211 51 717 831 425 532 
242 461 905 471 393 967 605 392 567 808 
713 356 504 384 166 508 751 371 469 55 
608 920 537 406 272 246 697 780 87 524 
679 180 134 665 315 528 170 267 600 25 
444 221 830 560 507 313 773 509 505 287 
70 841 643 568 400 280 578 936 612 828 
817 327 658 80 898 743 349 958 962 45 
497 943 944 786 148 757 459 775 212 199 
145 772 215 915 707 454 929 921 408 361 
133 584 888 963 104 416 176 542 368 565 
72 997 844 131 671 918 852 156 24 740 
338 900 397 895 177 114 36 874 907 881 
742 541 317 998 885 746 318 449 765 44 
412 164 153 311 195 260 818 534 213 95 
244 46 281 277 953 857 157 334 810 69 
940 376 659 404 764 76 247 539 978 139 
479 138 225 498 994 731 734 572 375 988 
708 448 529 339 300 838 853 74 196 520 
485 49 477 259 641 342 892 473 172 193 
797 82 90 822 108 369 115 536 859 488 
581 489 332 597 421 292 224 453 540 580 
570 796 52 794 178 353 382 935 320 834 
363 880 362 719 730 873 348 984 799 381 
670 462 231 689 985 23 591 436 777 692 
71 551 396 437 738 899 329 837 607 968 
275 184 182 298 352 467 946 12 896 73 
546 805 241 784 891 512 415 431 441 232 
383 586 753 562 61 733 674 826 912 149 
62 601 583 706 767 229 595 987 693 966 
603 884 663 579 235 636 632 105 83 628 
924 832 378 135 487 503 549 10 965 613 
501 678 735 418 848 642 649 732 442 626 
653 
