501
0 221 112 183 243 317 167 125 283 1 
362 220 116 333 396 76 97 400 492 479 
247 312 335 236 499 369 272 185 227 280 
164 360 51 209 24 180 450 58 331 262 
425 238 47 217 182 460 223 193 302 485 
245 281 142 277 489 149 344 91 85 265 
293 442 57 343 169 136 65 428 416 121 
371 367 103 192 198 12 345 454 30 435 
8 359 284 248 451 310 207 210 275 115 
289 77 36 194 395 476 95 278 288 332 
484 16 122 438 159 110 405 46 285 23 
191 163 427 378 31 196 212 15 204 357 
477 321 377 373 311 314 279 203 131 146 
4 96 172 232 49 55 462 336 71 481 
140 267 216 439 401 394 299 114 495 305 
249 145 329 68 433 315 347 380 324 28 
2 241 29 200 205 294 409 120 94 356 
480 19 52 274 429 436 316 337 467 197 
258 458 129 376 475 463 158 253 326 466 
473 300 381 35 25 399 382 478 418 291 
155 456 186 237 141 490 118 386 491 64 
224 214 259 403 368 298 153 50 111 119 
83 127 67 471 271 206 459 161 240 388 
257 366 393 358 184 70 472 407 202 261 
420 152 308 375 398 296 434 364 351 251 
424 441 500 268 426 154 138 17 90 165 
307 233 348 352 61 440 139 290 173 383 
292 379 264 304 287 176 59 402 109 37 
195 102 256 27 363 147 113 254 78 414 
54 419 100 137 26 5 6 295 320 328 
494 219 448 349 211 318 432 108 42 391 
14 482 181 452 171 443 339 32 431 88 
177 13 230 106 99 421 75 260 60 235 
117 74 353 92 334 496 423 455 306 215 
208 341 151 276 178 79 218 430 412 384 
48 93 415 239 43 190 361 18 330 252 
81 313 135 453 189 263 449 417 487 350 
231 327 123 150 255 389 246 222 282 338 
444 340 160 132 301 488 497 469 273 20 
22 156 325 188 162 250 130 244 229 354 
474 392 445 303 40 464 168 397 126 437 
406 56 170 297 187 175 21 370 457 374 
346 372 493 213 143 80 446 228 483 226 
34 69 498 286 404 319 104 101 3 82 
107 355 128 157 38 266 408 10 9 323 
387 33 148 89 269 39 322 124 84 72 
470 11 447 41 53 73 174 270 465 413 
468 309 411 86 179 385 144 365 422 166 
410 461 134 390 87 98 133 486 242 7 
44 199 201 45 234 66 342 105 62 225 
63 
