251
0 57 130 94 64 181 109 160 25 155 
81 24 124 53 125 89 86 11 112 85 
135 183 68 65 41 7 114 245 177 30 
132 14 51 34 3 221 168 72 219 138 
143 60 70 4 144 38 139 107 169 37 
31 186 159 98 188 195 96 6 42 167 
100 21 120 191 32 122 171 250 214 46 
249 157 55 19 227 231 225 39 106 235 
35 15 99 103 247 220 115 62 154 79 
206 83 22 93 27 97 128 113 20 232 
237 54 63 246 26 175 189 5 204 199 
110 194 49 9 101 28 226 224 173 236 
248 152 52 44 61 136 193 16 50 82 
58 102 33 210 211 142 164 76 74 1 
118 239 12 116 134 66 241 240 201 127 
133 23 121 40 48 197 161 209 238 84 
218 95 8 17 198 176 212 200 230 243 
92 105 147 119 2 205 148 137 131 43 
234 77 153 75 213 150 90 170 140 190 
244 59 166 69 13 80 233 184 104 185 
56 172 162 123 45 202 242 111 217 73 
10 187 87 163 108 228 78 180 215 216 
145 91 156 208 141 165 203 149 36 182 
174 223 207 222 126 117 146 196 47 192 
151 178 158 67 129 71 88 18 229 179 
29 
