501
0 219 490 122 457 336 444 413 432 418 
67 288 2 135 154 479 346 256 438 343 
103 369 222 60 307 99 370 200 127 74 
33 338 407 366 337 412 297 493 217 435 
119 378 420 316 241 216 344 112 299 54 
56 406 312 31 113 448 389 205 319 191 
50 327 249 469 150 392 206 41 24 121 
471 58 251 85 498 282 380 230 470 266 
409 278 87 441 410 151 15 276 416 483 
397 1 339 377 382 171 218 447 53 293 
408 390 44 95 181 497 255 51 478 237 
104 430 156 323 473 84 72 142 345 462 
363 126 375 453 140 356 114 23 183 30 
163 487 27 486 247 500 57 192 445 9 
134 143 257 130 286 494 169 226 287 155 
35 379 265 108 10 170 411 180 19 97 
340 458 360 372 404 111 16 465 116 467 
330 263 62 198 238 235 88 398 310 294 
186 421 17 86 264 76 212 208 139 433 
425 269 81 80 223 90 38 308 202 189 
59 244 145 452 279 260 309 434 314 292 
474 164 274 333 6 40 401 106 96 342 
491 454 232 45 125 317 341 220 225 240 
193 146 174 272 12 165 436 443 131 63 
149 239 358 227 61 47 481 32 451 5 
440 262 3 362 21 48 194 211 92 246 
203 295 34 405 70 201 352 402 39 472 
386 258 101 324 195 82 199 429 153 252 
120 320 141 495 371 102 147 283 359 492 
253 229 461 233 476 270 388 105 158 318 
403 89 459 322 178 160 250 368 424 224 
28 245 446 162 221 91 184 365 296 132 
488 187 334 66 271 302 243 49 159 367 
422 290 228 284 161 177 118 281 301 234 
259 385 335 423 450 396 475 477 499 383 
215 332 350 172 207 20 280 100 437 79 
46 480 52 315 133 168 144 456 128 8 
376 455 357 65 176 431 11 71 98 399 
449 428 115 167 353 25 489 182 291 107 
300 137 42 148 4 94 109 123 197 267 
196 152 325 248 466 331 273 69 381 361 
463 419 254 326 347 213 22 305 138 214 
496 190 36 354 277 393 384 328 236 43 
261 175 289 395 166 306 311 387 75 355 
313 329 117 55 427 157 231 285 173 442 
351 400 188 77 73 374 83 124 275 209 
29 426 204 485 321 268 14 93 464 110 
68 417 414 303 364 37 460 349 26 185 
298 129 7 179 348 64 373 13 18 391 
439 482 415 210 242 78 468 484 304 136 
394 
