501
0 325 397 273 436 15 297 149 146 39 
175 80 405 127 254 472 406 122 432 115 
253 332 247 43 20 343 388 457 49 32 
211 379 275 126 249 307 135 271 50 331 
200 330 9 369 198 196 278 375 232 195 
483 194 18 237 173 99 156 272 367 19 
361 163 91 491 227 414 143 399 488 184 
474 193 269 309 400 294 320 165 107 117 
419 409 495 55 396 145 395 138 153 121 
365 103 34 359 48 387 403 199 408 113 
280 449 130 386 168 76 110 60 348 62 
13 293 494 204 461 119 123 51 54 482 
21 398 364 213 219 230 139 451 477 270 
242 131 476 26 418 94 98 385 235 106 
222 61 262 357 228 28 172 14 321 447 
356 92 202 29 311 376 161 159 205 288 
57 478 216 485 301 100 136 224 401 473 
299 2 233 484 372 455 132 450 407 323 
381 468 160 267 469 459 444 439 392 333 
425 152 88 335 137 443 72 466 243 446 
188 329 164 66 377 497 167 452 150 105 
169 430 490 201 4 292 355 31 340 428 
326 40 112 260 53 65 463 70 496 328 
276 85 83 338 147 210 480 279 206 97 
347 179 274 290 255 37 442 12 412 212 
27 79 58 89 111 370 315 38 141 489 
187 389 380 177 266 246 154 140 460 221 
382 354 296 383 341 71 291 371 209 162 
102 362 402 286 351 384 56 10 261 226 
238 458 334 248 118 11 345 244 229 492 
499 142 218 390 421 44 336 5 317 236 
108 68 8 95 234 186 352 374 285 475 
305 470 420 84 42 144 41 52 208 151 
120 240 277 239 302 215 313 183 36 435 
6 157 300 426 391 344 192 251 81 342 
429 241 454 158 104 86 250 148 287 486 
346 434 67 16 59 422 46 133 448 358 
404 366 82 214 327 125 191 93 268 155 
337 259 265 282 394 445 17 90 263 479 
134 298 223 363 339 35 433 322 189 182 
190 319 440 417 411 185 7 284 63 431 
318 295 283 437 308 178 128 1 378 116 
33 25 498 423 456 47 393 324 368 438 
471 264 349 24 487 87 69 415 180 441 
203 181 73 281 493 465 353 109 77 413 
257 306 245 316 225 410 30 197 312 75 
3 500 45 207 171 258 304 114 464 360 
416 101 481 453 170 74 256 427 424 166 
289 96 373 314 310 64 350 303 22 23 
220 231 176 129 78 217 467 462 174 252 
124 
