1001
0 359 897 471 850 637 813 439 800 143 
84 996 39 204 344 872 985 909 338 981 
4 932 16 399 523 738 706 199 969 141 
499 827 619 844 105 60 894 915 513 709 
447 635 377 803 345 925 376 536 355 514 
346 945 68 908 614 125 340 468 375 32 
517 486 795 428 534 47 885 959 248 171 
532 689 35 616 812 661 588 772 127 868 
862 875 11 289 930 683 109 200 702 366 
876 179 441 482 565 870 777 861 555 280 
442 192 618 28 836 543 497 530 292 25 
938 304 324 743 82 563 751 330 602 483 
506 716 390 789 480 328 596 522 55 662 
258 228 537 993 278 688 72 838 150 198 
29 622 566 369 111 843 401 673 20 238 
36 808 799 558 957 917 687 321 40 919 
723 531 916 367 995 475 293 576 526 416 
411 744 176 194 42 224 233 154 671 31 
7 666 122 829 313 261 334 38 947 705 
722 541 920 308 571 863 306 832 853 855 
246 540 223 382 756 572 357 904 229 296 
478 983 123 611 752 905 793 776 842 26 
473 786 564 984 509 768 2 958 493 647 
866 424 378 112 472 733 884 103 570 910 
66 265 457 77 95 385 684 310 814 988 
631 226 120 145 936 691 668 641 845 300 
350 316 695 44 779 353 46 54 599 678 
906 874 49 284 434 219 510 681 825 153 
737 433 542 249 807 770 158 950 665 151 
356 97 152 210 322 787 155 271 621 670 
628 943 960 835 860 852 538 165 769 781 
220 547 714 425 507 438 371 117 699 134 
924 949 163 254 370 773 529 474 934 436 
6 717 667 298 242 491 102 546 222 290 
1 218 225 388 895 753 902 476 970 487 
161 263 646 365 783 592 282 515 736 174 
140 17 272 707 911 907 615 604 203 623 
700 70 810 849 335 594 625 951 711 460 
956 440 675 257 609 429 782 944 286 197 
999 181 989 291 946 931 521 608 178 137 
648 368 880 264 791 851 504 562 148 88 
136 966 694 462 191 548 116 299 766 519 
108 636 188 418 962 360 698 871 351 104 
690 391 975 550 235 241 230 14 734 965 
697 865 18 307 393 940 431 452 574 311 
508 732 90 61 237 713 757 234 774 260 
349 358 455 535 645 87 67 118 467 992 
459 788 74 974 101 764 407 610 759 19 
573 384 131 381 45 52 730 893 790 728 
593 900 649 929 362 318 739 525 404 892 
453 553 746 133 727 805 500 704 270 680 
100 190 477 396 398 819 674 914 470 427 
421 3 30 207 138 59 342 632 481 187 
164 890 279 888 528 703 463 990 883 80 
889 64 586 408 354 617 451 740 809 595 
305 320 392 496 977 589 655 760 139 792 
708 923 552 268 325 864 848 802 794 669 
642 281 157 887 490 634 98 816 986 964 
50 963 831 749 9 128 765 315 135 847 
503 928 85 373 449 581 815 651 444 458 
881 980 867 189 551 878 33 446 206 767 
804 712 659 379 775 856 177 933 839 833 
579 823 603 405 559 285 232 423 57 818 
255 967 244 719 479 567 841 518 34 114 
339 183 750 612 693 488 372 162 130 402 
53 569 437 113 317 51 213 160 494 972 
383 801 643 417 326 780 124 524 556 820 
613 182 886 364 13 245 63 561 337 489 
973 544 180 332 283 533 926 575 432 65 
389 329 664 309 598 701 903 205 754 922 
96 465 69 882 412 185 549 387 834 236 
657 262 129 215 312 720 873 142 374 276 
748 71 826 997 419 761 976 48 110 409 
660 1000 511 169 269 327 913 420 520 824 
539 811 994 502 685 277 343 94 448 638 
516 582 156 654 287 395 633 115 380 676 
10 554 422 729 202 243 724 386 259 251 
21 718 214 821 89 186 73 498 415 653 
580 858 454 979 252 512 445 626 170 193 
93 107 587 725 952 5 607 731 941 677 
461 267 710 211 43 426 22 758 492 630 
854 256 172 663 830 231 406 147 560 584 
410 253 591 679 715 303 302 341 891 495 
8 83 78 121 577 629 784 797 403 12 
953 672 859 450 978 397 75 686 159 557 
721 982 81 99 846 314 485 168 590 146 
217 239 173 755 650 682 23 742 166 597 
212 921 91 899 175 414 762 869 294 209 
288 606 208 275 37 912 896 297 76 132 
696 857 652 840 86 144 877 692 927 15 
266 273 778 456 578 295 56 935 968 656 
126 331 58 817 501 227 216 400 184 640 
250 918 464 527 240 937 726 361 785 745 
991 898 443 27 435 961 348 955 620 837 
585 301 822 106 62 24 221 469 901 333 
605 195 987 644 600 747 119 92 347 247 
763 430 413 201 274 954 879 658 798 741 
352 149 971 583 79 394 41 735 568 939 
323 319 942 624 466 545 363 806 167 601 
828 639 484 627 998 771 796 196 336 948 
505 
