251
0 142 243 189 103 207 173 64 3 37 
6 1 250 12 146 100 24 133 26 46 
161 129 77 7 227 117 135 115 87 241 
223 218 229 191 78 194 41 192 76 11 
233 4 208 125 48 159 225 25 236 104 
179 182 17 247 167 155 109 14 18 91 
118 181 13 148 2 81 16 85 205 215 
240 184 248 107 224 195 154 180 170 144 
110 212 61 106 130 213 143 204 193 94 
239 43 39 169 199 36 89 27 174 45 
172 211 149 134 19 119 138 98 157 49 
162 196 44 131 69 35 206 93 80 185 
22 112 88 187 34 120 51 168 23 232 
246 203 226 151 31 237 216 231 150 10 
96 20 234 230 139 152 121 126 166 140 
60 245 197 71 209 67 114 86 141 136 
75 158 29 108 145 57 171 210 188 65 
53 214 217 244 178 95 221 147 160 235 
183 21 9 238 249 219 177 200 228 127 
124 156 123 74 84 42 8 99 92 176 
101 90 137 68 222 102 52 122 153 79 
59 163 73 50 56 32 242 40 72 198 
83 105 30 111 58 38 220 202 70 128 
54 33 82 165 186 47 15 97 28 55 
175 62 164 5 116 132 63 201 113 66 
190 
