501
0 49 397 223 65 294 454 322 23 118 
496 196 114 242 168 358 300 452 183 377 
467 206 312 474 304 141 165 178 277 384 
199 54 22 144 110 365 318 337 9 231 
115 349 117 319 386 368 17 38 11 85 
247 164 97 479 32 261 317 235 127 238 
186 428 148 415 404 124 246 339 236 462 
473 420 307 472 302 121 482 489 292 263 
187 188 37 226 425 431 272 185 279 370 
466 64 492 86 334 36 87 418 52 259 
438 73 313 344 207 179 107 274 40 29 
224 315 427 460 212 303 136 293 395 55 
330 372 422 286 400 296 382 152 106 229 
205 321 83 15 203 33 227 233 248 131 
491 120 150 31 126 298 134 441 424 282 
381 486 459 81 79 228 276 12 198 219 
251 99 455 401 130 96 494 488 139 13 
66 346 470 416 265 160 310 123 46 366 
239 1 314 266 98 295 301 2 63 191 
347 450 190 145 169 457 436 440 374 25 
14 90 456 399 290 345 320 140 394 45 
270 284 297 357 311 111 362 180 327 412 
10 369 153 403 202 53 30 237 393 477 
355 60 103 341 352 250 333 27 249 468 
448 35 47 109 396 234 48 432 93 69 
343 192 447 166 389 50 184 407 216 112 
275 375 6 435 390 476 217 309 41 94 
113 20 3 155 210 8 215 75 453 443 
230 340 409 102 181 350 481 391 173 174 
392 411 326 197 461 122 413 42 133 490 
225 245 257 161 62 373 143 442 16 278 
493 58 367 172 387 398 485 125 464 193 
255 402 260 158 116 56 434 316 406 433 
162 43 213 289 463 194 175 253 100 281 
204 147 39 419 480 177 200 351 305 410 
44 214 129 67 451 478 209 499 167 439 
254 61 308 417 475 299 437 335 264 262 
151 471 484 469 4 59 388 423 306 132 
220 222 70 138 163 72 465 332 232 7 
189 5 89 363 353 497 383 328 156 379 
157 76 356 57 28 430 421 159 405 291 
371 269 105 80 256 324 287 354 273 444 
329 271 128 91 500 360 170 243 208 82 
331 176 154 34 137 458 182 24 380 487 
171 104 364 142 88 336 268 338 258 252 
348 378 211 92 426 361 283 285 18 78 
221 342 77 445 119 498 323 483 26 495 
240 446 101 280 449 241 51 19 359 146 
195 71 135 288 201 408 385 84 108 325 
68 21 74 244 429 267 149 218 414 95 
376 
