251
0 127 114 56 203 208 19 217 247 128 
23 110 40 77 131 1 206 181 25 116 
220 64 105 108 103 61 20 4 210 89 
53 83 72 219 59 212 45 98 125 109 
85 31 242 187 115 39 178 122 188 63 
34 10 233 162 88 71 165 161 51 6 
113 137 3 14 213 29 90 129 248 16 
121 186 243 104 79 60 169 62 250 120 
22 130 41 207 5 174 50 202 124 198 
195 44 204 57 237 81 86 246 215 185 
175 47 166 192 73 167 30 7 52 138 
28 222 102 152 75 235 17 196 118 65 
216 143 194 78 228 140 68 184 234 155 
101 58 37 80 100 211 48 151 26 132 
193 241 76 96 201 168 176 70 97 27 
2 182 142 240 159 8 18 135 13 126 
209 12 69 145 99 183 200 225 147 177 
134 173 226 180 33 106 232 9 136 92 
15 171 238 55 224 191 139 179 87 223 
11 42 153 197 156 231 43 144 227 24 
245 21 49 84 157 236 38 123 36 218 
229 239 244 160 141 163 112 82 150 95 
189 214 154 119 164 172 199 149 249 221 
158 94 66 230 74 146 170 107 111 93 
148 67 117 32 54 91 35 133 190 46 
205 
