251
0 101 243 90 198 91 106 201 184 168 
115 133 96 78 245 50 199 210 103 213 
92 169 193 116 157 150 233 176 132 28 
9 219 69 105 149 152 217 135 205 177 
229 62 110 147 130 203 202 225 158 155 
194 31 240 57 172 49 94 29 104 39 
137 134 111 67 145 32 138 86 170 12 
113 13 232 247 200 187 47 159 139 174 
125 68 153 186 80 108 93 100 2 6 
23 46 185 175 141 183 238 207 127 209 
211 81 118 179 190 117 234 20 17 36 
235 18 95 56 160 41 119 27 88 236 
1 64 188 227 82 224 72 34 98 52 
244 85 8 60 43 83 3 7 212 195 
206 230 74 107 37 84 196 120 30 223 
51 239 61 129 71 122 58 15 128 55 
112 215 189 10 182 246 19 99 35 167 
22 26 48 181 126 214 140 33 77 143 
171 178 124 218 59 14 154 73 21 5 
248 228 231 89 38 192 226 208 162 109 
121 221 44 148 79 197 114 65 142 40 
146 131 163 11 151 16 156 24 204 249 
164 250 241 161 136 42 180 25 63 4 
45 66 53 97 242 216 75 76 54 220 
191 87 102 173 237 165 123 144 222 166 
70 
