1001
0 968 524 854 792 648 179 493 857 618 
365 82 631 894 136 296 306 594 570 395 
1 17 417 732 381 418 560 356 48 450 
966 183 244 811 423 663 833 318 57 498 
24 455 665 243 439 531 851 463 479 354 
758 832 873 616 116 924 995 759 898 237 
138 913 847 447 521 84 791 611 101 218 
97 567 177 699 325 992 366 639 530 53 
500 106 310 609 862 49 844 714 46 252 
645 839 718 637 702 803 472 130 40 892 
860 171 684 916 160 536 752 301 161 542 
78 114 581 416 696 778 257 612 146 478 
681 109 438 709 376 87 233 930 60 32 
415 815 765 629 195 914 891 604 284 90 
328 671 413 261 253 544 406 900 841 933 
151 971 198 580 342 124 100 675 755 899 
256 848 470 706 491 777 538 638 754 126 
360 879 974 56 673 407 320 529 393 92 
186 635 308 178 168 726 269 95 213 286 
292 307 555 988 996 976 41 875 633 85 
113 901 881 86 712 656 628 338 819 793 
896 864 231 613 317 556 985 829 707 140 
842 962 946 853 227 4 443 21 783 990 
786 27 229 620 225 346 910 740 314 698 
548 16 433 952 840 763 897 196 399 94 
845 458 166 47 452 272 679 315 268 235 
456 646 934 224 368 593 102 846 313 64 
775 779 868 431 454 93 977 283 503 135 
858 373 45 883 661 830 214 282 419 436 
370 499 895 212 822 994 717 828 622 254 
251 515 915 182 686 238 579 125 10 634 
62 827 193 812 190 540 297 884 147 578 
672 428 928 435 129 145 98 963 641 386 
669 446 339 807 139 750 304 249 697 546 
543 412 486 554 387 234 886 258 250 660 
991 474 38 929 967 33 761 89 332 216 
343 79 152 690 989 401 281 956 353 319 
322 885 83 519 444 241 271 518 588 396 
650 703 103 927 644 11 194 552 344 849 
174 689 397 184 422 964 784 835 610 636 
863 918 460 824 414 248 445 572 409 188 
973 469 738 716 207 22 903 790 984 66 
67 745 748 575 756 585 189 986 997 806 
739 220 537 760 564 960 209 482 369 7 
312 71 481 999 772 978 856 708 749 944 
528 606 789 568 742 302 153 808 331 574 
148 424 744 274 569 437 907 14 158 935 
549 142 367 599 700 131 823 597 893 981 
800 465 576 497 107 888 81 26 200 288 
300 561 942 485 61 961 20 483 434 270 
180 683 311 154 118 941 185 305 782 551 
383 843 410 364 359 817 232 596 982 221 
861 329 226 476 405 557 42 273 607 687 
495 480 733 390 262 215 19 838 685 510 
295 724 600 448 421 598 949 507 693 818 
112 453 425 34 877 394 736 37 119 713 
535 795 464 550 487 404 764 701 647 127 
680 375 937 728 76 859 420 972 99 471 
175 75 223 624 505 871 943 442 357 91 
96 492 72 134 947 217 287 906 206 882 
602 255 766 9 74 657 975 652 965 513 
987 488 801 980 577 324 203 468 321 2 
150 290 890 719 382 874 123 911 205 117 
18 831 722 816 429 172 731 632 852 298 
855 31 51 904 8 80 729 573 627 265 
141 643 426 222 371 814 477 769 400 70 
335 169 834 246 260 527 936 983 475 797 
938 303 674 167 278 773 939 121 350 743 
462 664 201 654 363 591 156 55 263 230 
44 1000 13 264 309 228 810 430 408 341 
449 592 979 921 821 558 337 653 825 682 
539 68 6 909 52 734 36 58 3 584 
768 917 276 948 440 958 615 266 715 805 
541 389 105 940 589 427 323 466 969 767 
526 770 826 771 747 267 872 247 202 583 
333 380 923 869 670 459 785 385 502 349 
384 122 867 137 741 392 461 176 642 316 
954 348 595 120 762 467 88 334 559 54 
277 326 809 65 820 649 957 640 504 275 
28 336 737 242 197 571 347 677 746 603 
15 534 621 25 378 922 506 451 402 259 
501 553 905 659 705 711 522 352 299 192 
210 490 950 30 780 362 908 866 159 625 
704 473 208 787 623 876 330 372 511 143 
245 12 291 355 757 798 163 5 327 614 
110 694 204 280 776 191 39 512 802 155 
691 619 517 377 441 796 666 547 545 727 
211 23 565 173 351 951 880 662 111 59 
781 165 525 239 533 508 489 219 870 688 
484 289 279 925 520 523 340 358 836 788 
391 601 794 457 69 115 678 240 516 494 
931 586 361 725 294 955 587 128 63 43 
926 889 753 692 850 403 605 374 710 29 
993 285 149 998 532 144 804 953 398 563 
932 379 181 104 919 432 626 170 695 162 
496 813 667 157 35 509 920 199 902 668 
164 187 293 108 676 50 562 730 720 658 
799 617 608 514 751 945 132 388 655 878 
837 721 630 970 735 912 723 959 865 566 
411 651 77 590 774 236 73 133 887 582 
345 
