501
0 370 102 36 45 79 332 122 218 267 
180 239 228 279 227 358 335 382 251 193 
405 89 415 292 165 476 245 186 154 4 
454 51 80 352 346 380 365 73 6 417 
97 174 146 493 407 290 304 88 363 419 
17 379 440 130 308 423 305 373 375 293 
120 283 170 53 492 176 490 100 108 258 
217 113 255 116 143 82 321 326 150 144 
483 72 384 83 64 119 446 69 68 214 
18 416 7 499 354 396 392 168 403 484 
199 58 291 369 33 435 488 47 300 336 
406 456 497 212 131 331 24 149 285 184 
141 276 253 453 498 137 319 481 234 282 
462 408 312 153 27 39 164 320 477 313 
103 85 311 377 376 213 399 368 450 318 
179 334 65 359 71 244 421 485 425 310 
441 397 452 422 12 372 374 60 135 429 
465 391 347 288 431 437 345 333 445 366 
223 459 210 469 238 41 61 139 95 38 
457 219 225 249 439 475 386 330 87 324 
487 295 98 155 436 107 348 362 67 205 
126 111 46 371 302 338 343 226 447 433 
266 328 383 443 297 470 349 169 471 86 
428 286 463 92 360 339 173 74 178 461 
260 48 211 21 393 388 367 5 52 91 
390 479 202 22 474 49 147 28 248 467 
317 207 401 232 151 204 172 136 242 90 
190 458 356 57 3 270 118 112 275 16 
303 309 134 200 157 404 426 274 500 224 
158 472 229 25 387 259 250 233 495 351 
195 235 124 316 261 70 194 410 125 156 
241 254 315 350 160 129 325 438 13 121 
10 220 26 42 50 478 389 29 442 145 
353 364 37 231 56 94 264 14 148 400 
40 106 81 123 19 491 198 32 203 247 
299 287 430 15 327 181 105 402 93 187 
191 357 412 281 298 101 322 35 44 411 
341 418 342 115 448 216 272 206 76 256 
8 84 197 142 132 182 262 30 289 337 
237 451 188 381 43 464 268 166 221 269 
11 175 306 196 489 355 420 189 263 222 
161 414 77 394 307 378 167 494 162 54 
109 99 301 277 409 460 294 280 215 23 
230 209 468 466 278 59 104 427 117 424 
66 246 192 482 340 171 273 314 152 63 
114 344 96 398 1 62 444 323 486 271 
159 138 75 296 455 395 413 128 236 133 
31 183 20 385 185 243 480 329 163 473 
110 265 240 432 496 284 55 208 257 140 
449 201 127 9 177 34 2 252 361 78 
434 
