501
0 151 470 265 474 249 333 121 221 484 
38 385 34 241 18 186 28 390 263 171 
303 430 137 252 314 384 270 302 212 293 
476 420 46 275 113 124 382 181 134 283 
374 8 157 73 464 437 211 418 178 434 
10 324 387 115 364 99 438 269 75 160 
445 25 454 61 62 410 432 130 386 341 
227 345 204 183 32 409 82 290 332 207 
13 91 40 433 170 388 41 150 182 306 
49 43 398 480 17 3 213 145 458 144 
267 435 261 463 132 69 313 282 278 289 
499 29 102 295 336 88 317 208 109 356 
394 414 209 92 457 327 87 243 297 216 
478 407 355 229 428 424 198 439 498 232 
93 140 304 131 363 58 362 429 248 413 
230 228 408 85 191 389 310 194 286 205 
219 276 360 83 353 56 436 239 31 98 
475 329 325 335 326 246 245 138 67 180 
163 100 416 490 368 365 441 33 116 349 
11 27 242 443 492 450 392 189 237 381 
453 112 471 402 120 236 235 298 285 459 
78 440 412 343 135 455 217 84 48 50 
423 280 254 451 411 223 200 167 334 479 
122 393 125 201 37 193 218 426 405 292 
287 500 214 330 19 379 467 257 95 328 
152 271 316 339 190 477 342 371 427 347 
174 262 351 70 14 312 340 359 22 251 
272 301 161 318 315 175 172 255 266 65 
215 378 47 59 253 203 400 274 354 383 
421 111 149 154 487 23 177 472 148 404 
128 142 397 449 21 188 106 51 231 7 
2 376 422 294 108 153 486 238 447 86 
452 338 114 103 26 399 377 176 129 199 
68 337 460 123 370 4 406 220 79 94 
284 96 173 118 380 425 291 24 206 466 
72 74 331 279 63 60 30 225 155 101 
448 462 366 5 169 268 210 323 6 158 
375 372 133 258 36 12 481 77 483 119 
493 456 156 202 35 419 321 277 166 259 
350 485 16 159 52 468 442 139 489 1 
117 260 143 299 288 233 168 373 187 264 
136 110 90 147 66 497 344 465 76 469 
42 240 403 494 307 165 346 296 226 234 
431 352 104 415 64 164 80 496 39 473 
97 71 357 250 444 281 192 126 308 195 
222 146 55 367 162 81 491 9 54 196 
461 446 320 224 305 107 417 358 322 395 
256 57 197 244 184 488 401 44 141 300 
495 391 127 396 105 309 482 369 273 20 
89 361 179 319 311 15 348 53 45 247 
185 
