251
0 212 138 9 84 124 169 160 226 34 
44 197 218 227 201 125 93 196 27 149 
246 17 234 96 219 54 119 210 11 50 
144 143 116 41 199 176 22 139 248 12 
232 80 131 153 155 33 15 110 112 184 
244 66 205 71 204 159 26 147 70 79 
136 23 56 180 168 13 118 213 156 165 
223 42 209 108 202 220 190 129 230 208 
8 55 104 193 47 29 24 73 122 206 
21 137 150 49 191 231 59 14 235 86 
228 120 111 171 6 207 164 200 91 31 
20 113 103 100 188 97 62 203 174 105 
178 158 78 198 28 58 222 101 61 114 
90 64 4 115 151 195 109 83 123 18 
172 241 77 192 145 166 242 1 2 121 
60 173 132 37 177 148 179 229 126 170 
19 194 99 32 249 88 217 182 133 57 
236 43 167 39 25 247 98 183 135 134 
221 250 130 87 245 85 163 75 211 10 
35 175 51 89 81 142 48 243 157 162 
63 117 240 68 72 189 76 92 52 239 
107 46 5 74 69 141 185 102 146 154 
161 38 225 127 187 82 216 3 67 215 
237 65 7 233 238 53 128 186 36 45 
214 40 152 30 224 181 106 140 16 94 
95 
