251
0 35 57 221 147 121 122 110 160 141 
42 62 63 131 108 28 233 5 151 128 
92 187 34 213 90 13 21 60 106 227 
212 183 174 206 238 67 33 48 89 150 
68 8 203 123 136 248 181 143 178 220 
135 19 69 146 72 157 191 111 120 114 
170 173 98 211 71 153 250 105 189 200 
10 223 9 145 37 243 25 3 31 65 
162 51 24 235 73 46 194 186 139 219 
237 247 244 118 23 75 50 148 132 36 
85 155 201 59 164 79 38 76 149 158 
182 6 83 117 190 104 82 88 216 81 
159 49 209 249 32 134 125 245 101 218 
133 7 94 80 86 93 124 167 230 217 
246 241 228 126 224 137 242 1 127 66 
239 109 176 222 16 119 107 116 196 56 
29 204 171 91 192 193 166 113 96 169 
97 215 18 226 225 112 154 22 142 138 
55 152 27 180 202 165 100 78 231 17 
210 45 205 77 2 156 95 87 130 172 
43 234 30 115 208 11 188 185 54 44 
214 177 70 129 12 61 102 161 53 175 
14 20 99 26 47 58 140 179 74 229 
144 84 197 103 207 52 198 4 232 64 
168 39 236 15 199 41 184 195 40 163 
240 
