701
0 553 80 384 674 90 394 334 683 168 
56 539 192 224 331 502 392 191 360 295 
133 507 445 126 201 428 543 404 63 300 
666 285 388 50 492 560 483 530 247 245 
135 18 504 529 564 460 156 321 353 455 
616 582 391 118 311 470 379 450 479 652 
16 464 43 400 362 581 527 310 338 176 
462 243 627 637 477 82 122 566 381 250 
292 665 104 260 130 307 672 579 557 76 
241 453 630 222 416 227 414 323 55 620 
230 459 146 583 466 119 424 263 375 72 
593 577 215 535 559 305 89 449 408 52 
178 517 670 632 643 68 522 153 95 410 
48 111 228 102 358 673 81 279 461 278 
420 54 183 586 62 31 430 233 248 689 
246 600 473 697 505 482 240 438 622 204 
216 195 614 71 443 364 406 45 185 154 
437 584 573 698 510 225 407 29 682 284 
142 515 98 49 508 444 676 286 75 398 
687 100 623 678 569 258 608 386 13 30 
116 42 253 474 602 26 327 498 465 679 
635 431 525 128 440 314 19 1 197 67 
74 475 686 421 411 73 528 25 328 214 
448 512 385 436 218 238 531 355 123 58 
312 11 480 419 403 574 552 425 255 513 
393 521 378 597 520 174 601 33 171 441 
452 494 2 38 363 203 401 647 550 351 
625 94 544 317 207 93 210 303 655 536 
693 200 667 315 12 134 692 139 491 277 
561 638 99 611 605 302 471 193 169 383 
344 524 148 167 107 177 456 132 589 551 
64 415 151 402 211 113 120 23 511 546 
481 659 599 547 594 700 499 649 10 319 
427 612 472 173 633 280 591 412 40 78 
109 145 184 105 249 372 24 662 283 651 
587 354 289 51 114 79 180 232 330 256 
8 429 223 259 526 262 138 172 219 442 
124 127 349 390 199 556 467 595 572 341 
694 65 115 257 236 518 615 631 213 117 
96 690 365 624 337 137 152 606 242 299 
356 617 217 382 158 36 562 190 47 468 
301 369 88 432 592 680 396 506 318 389 
265 695 454 179 653 229 387 87 110 446 
3 70 251 293 194 267 578 395 235 166 
316 97 418 629 333 669 347 610 342 345 
397 53 4 696 409 324 688 668 650 5 
380 663 326 44 377 269 496 503 27 297 
91 101 298 656 161 671 322 570 304 85 
186 60 69 626 6 434 538 644 205 357 
487 576 57 588 329 489 366 534 20 182 
642 121 699 657 220 165 309 661 413 549 
14 237 490 306 603 681 469 7 548 677 
618 619 343 175 628 129 457 514 196 359 
150 367 287 500 187 136 162 516 501 565 
332 61 164 313 149 226 596 325 567 568 
221 376 273 261 188 9 580 335 658 373 
646 563 212 488 571 660 370 485 590 532 
290 234 34 541 46 417 422 140 281 272 
144 484 613 684 476 84 92 108 35 654 
598 348 288 270 604 274 308 131 157 685 
155 163 361 497 244 143 458 405 206 435 
266 268 296 66 607 368 112 540 59 294 
276 691 558 271 575 537 202 254 209 159 
340 181 493 352 463 39 486 231 609 147 
533 634 339 585 291 426 645 371 264 77 
554 198 275 399 495 439 423 32 523 675 
542 83 41 17 86 208 641 320 125 350 
636 189 555 37 141 252 170 22 15 509 
106 374 545 451 346 28 433 103 640 160 
447 519 621 648 478 239 664 282 639 336 
21 
