1001
0 843 391 987 541 494 243 142 472 414 
392 852 103 207 881 966 959 968 189 455 
936 370 732 983 28 458 480 55 261 551 
991 689 623 442 777 606 720 844 833 783 
471 586 509 649 483 770 202 979 911 251 
644 952 220 339 588 725 873 265 405 428 
850 241 332 795 87 845 811 728 445 423 
115 553 223 594 218 191 78 736 396 974 
589 194 41 585 353 135 686 840 82 580 
367 33 621 54 128 70 528 301 409 424 
477 680 632 1000 97 15 633 47 165 186 
605 930 848 173 64 3 37 6 492 146 
978 12 1 713 250 768 687 371 572 595 
77 957 129 514 857 161 651 530 932 24 
758 100 457 956 784 976 264 133 998 26 
626 259 764 950 941 799 46 512 338 964 
268 7 425 227 117 630 872 620 536 744 
192 781 691 76 330 433 826 542 724 107 
702 657 291 805 278 224 627 343 933 363 
195 306 739 663 643 765 170 180 698 154 
302 303 144 611 745 939 858 110 314 212 
889 835 547 443 311 476 943 61 341 394 
901 130 213 961 143 797 624 464 990 794 
520 946 905 416 321 434 729 815 204 920 
894 193 94 239 309 631 851 711 169 39 
43 199 36 890 174 648 27 89 316 482 
346 523 148 763 742 849 300 297 752 497 
2 829 489 565 869 628 81 963 331 106 
393 800 647 841 819 610 612 460 965 421 
504 253 719 369 972 240 672 184 375 775 
318 867 994 215 403 919 248 481 706 263 
266 329 665 286 432 262 945 374 205 839 
16 85 954 499 485 762 723 310 395 668 
18 584 435 666 14 910 380 454 384 813 
970 928 378 868 305 288 914 874 922 385 
319 892 673 798 229 876 748 923 681 456 
289 336 825 635 669 99 368 792 510 360 
518 92 176 927 101 502 677 222 699 102 
883 468 878 760 714 888 535 8 381 634 
254 693 789 995 417 123 613 629 568 870 
641 74 909 847 235 408 465 156 796 411 
127 837 866 228 785 761 717 200 271 607 
637 449 609 470 347 48 898 710 439 208 
125 556 379 853 322 495 616 4 759 438 
11 756 233 498 276 601 984 692 349 159 
906 225 25 459 377 821 683 622 658 934 
236 549 603 902 479 17 247 167 806 155 
684 406 812 949 109 670 877 577 600 345 
614 571 942 91 754 118 13 342 181 737 
505 602 488 490 935 172 804 269 149 887 
211 780 361 45 599 538 373 569 410 257 
131 695 578 757 354 357 279 383 832 726 
296 277 315 352 735 19 899 134 119 325 
816 138 992 678 162 474 44 196 771 475 
926 708 69 596 662 855 35 206 486 93 
525 791 447 80 256 415 891 955 598 597 
168 350 767 333 51 882 493 793 287 323 
185 500 440 694 953 22 679 615 461 112 
814 543 897 366 187 896 560 448 685 255 
431 88 531 937 120 34 639 947 864 817 
389 550 944 412 359 575 516 879 426 49 
654 157 700 98 618 810 808 561 704 674 
734 842 232 23 362 246 469 203 865 418 
285 827 327 716 521 317 904 307 557 564 
451 226 755 151 973 484 712 981 182 583 
179 104 661 348 608 929 400 177 219 546 
508 828 31 237 216 715 376 231 539 420 
249 294 703 917 124 938 9 21 183 401 
642 390 351 441 916 444 646 238 903 507 
260 334 863 645 900 951 604 150 10 985 
924 544 399 675 579 519 750 776 676 473 
590 886 96 753 522 511 20 234 918 429 
284 397 230 838 139 312 290 986 982 152 
730 971 422 749 320 496 140 372 293 427 
166 960 573 126 854 524 526 292 718 324 
640 513 121 326 299 53 463 214 65 705 
774 275 769 217 638 592 365 688 650 570 
529 925 823 861 831 993 653 466 554 727 
996 834 491 697 244 178 258 885 682 95 
880 160 147 221 537 907 84 42 875 402 
437 270 751 782 652 295 591 188 210 171 
895 545 57 802 108 145 722 272 283 29 
462 413 913 587 962 856 358 548 836 478 
304 931 501 921 555 197 446 656 245 659 
407 503 60 386 487 71 209 527 660 830 
67 619 740 114 989 467 533 999 625 86 
871 141 452 136 75 335 158 337 566 818 
273 59 534 79 664 731 153 430 122 52 
581 298 884 655 515 68 977 822 532 988 
846 559 382 733 198 787 364 73 807 667 
862 690 163 398 773 552 388 308 267 56 
50 576 772 701 778 803 32 242 997 567 
40 72 788 696 83 741 340 860 111 58 
38 281 574 738 344 137 313 824 274 790 
90 940 506 328 747 593 436 809 563 419 
671 280 893 517 912 721 404 105 743 562 
915 558 540 30 356 859 582 958 116 820 
766 450 5 164 709 908 62 746 282 617 
636 975 175 387 355 201 969 252 113 63 
948 132 453 66 779 801 707 967 786 980 
190 
