501
0 158 484 336 154 17 247 115 327 279 
490 387 103 195 304 422 481 108 146 227 
78 31 369 391 118 264 497 71 13 473 
281 341 312 141 74 162 130 483 102 221 
19 56 126 355 404 414 365 362 331 427 
185 200 385 287 277 241 455 325 165 231 
301 45 224 5 205 151 89 329 220 266 
488 380 482 107 65 51 196 407 214 263 
305 283 446 88 173 375 30 111 434 191 
317 326 248 300 363 412 189 159 491 180 
477 242 386 411 46 12 83 24 394 315 
2 454 406 309 246 209 192 211 87 254 
27 420 438 156 500 395 445 129 399 55 
148 9 252 302 384 215 348 167 136 183 
381 298 110 347 493 351 143 113 117 68 
478 63 269 342 337 322 217 469 345 429 
80 90 321 96 187 495 278 226 324 84 
38 128 465 131 119 282 416 413 35 403 
140 306 76 471 33 276 290 374 229 21 
204 127 4 339 52 472 95 176 250 213 
72 286 295 100 376 291 296 40 364 261 
293 267 487 239 82 219 230 39 138 361 
106 54 41 389 160 168 498 42 137 274 
139 343 435 314 164 292 441 359 237 257 
259 53 262 47 94 332 207 442 408 382 
210 114 36 166 323 163 48 475 235 208 
285 426 60 153 149 489 178 121 335 222 
234 59 150 383 492 11 288 58 18 417 
303 98 360 458 370 388 352 424 201 308 
245 496 447 1 451 421 251 258 371 79 
116 460 223 356 155 410 409 190 157 28 
16 432 268 423 198 393 476 310 123 401 
145 73 444 452 240 379 419 85 172 333 
378 152 174 67 373 169 170 334 64 494 
112 212 256 7 122 450 15 265 479 440 
396 44 453 97 294 249 109 61 280 124 
184 297 318 431 202 462 344 37 320 368 
415 10 194 22 299 340 255 307 91 425 
405 390 81 448 357 86 330 470 270 353 
101 23 218 328 437 20 197 350 439 92 
77 99 29 367 104 105 400 474 433 459 
133 203 457 225 456 402 346 188 75 486 
313 449 177 499 70 418 319 120 311 366 
142 238 271 275 284 132 175 57 338 232 
436 253 466 66 397 8 243 134 144 69 
147 464 49 236 193 50 161 171 430 179 
125 6 135 62 93 25 233 358 428 377 
392 349 467 34 228 206 216 14 485 186 
199 468 26 260 461 354 43 32 398 182 
480 272 463 289 273 316 181 443 244 3 
372 
