161
0 101 12 50 147 61 25 22 37 2 
146 42 157 112 72 43 26 137 93 86 
45 31 136 110 90 125 134 152 91 142 
41 9 23 124 48 74 77 109 88 153 
79 158 144 38 5 34 85 39 155 65 
140 47 98 57 6 69 21 71 64 120 
27 139 16 127 135 111 8 59 14 51 
148 103 32 99 143 80 87 117 97 10 
24 150 123 68 13 3 19 116 156 60 
106 70 105 66 119 151 122 63 62 55 
53 52 44 100 113 73 78 40 28 81 
17 132 35 20 49 149 114 96 159 67 
15 54 58 115 56 133 94 141 130 160 
108 4 118 92 154 1 36 84 104 18 
129 102 29 128 121 33 126 7 75 107 
131 76 11 145 82 138 46 83 89 95 
30 
