251
0 196 119 139 70 247 169 34 19 14 
218 55 26 134 106 205 103 246 190 154 
9 99 146 20 78 84 77 107 172 86 
155 149 240 144 229 167 197 82 248 22 
132 201 162 140 145 102 216 159 227 151 
68 143 242 47 61 4 60 184 17 62 
65 120 64 235 69 44 213 50 97 28 
174 243 187 121 40 96 15 236 25 214 
2 177 223 217 101 95 75 204 237 66 
76 199 13 179 193 87 221 30 58 127 
46 16 178 202 80 123 35 1 129 7 
228 45 208 73 52 11 83 225 21 3 
33 220 71 56 109 230 36 188 173 24 
141 226 210 117 171 100 85 212 57 98 
104 200 23 182 41 222 67 195 245 38 
5 43 63 211 88 158 79 128 203 110 
150 138 112 249 37 51 90 116 194 192 
10 122 156 32 125 114 8 135 231 59 
142 108 74 189 206 91 165 157 168 209 
224 81 12 185 176 191 147 186 48 232 
233 92 164 105 131 181 153 124 115 244 
31 89 42 148 118 163 18 234 111 183 
113 175 152 94 198 241 170 133 136 72 
238 6 39 250 215 130 166 161 160 207 
180 137 126 239 219 27 49 93 29 53 
54 
