1001
0 778 572 443 452 252 885 413 658 626 
392 15 286 859 20 721 487 798 79 344 
330 738 787 818 796 625 295 922 660 164 
358 727 652 313 288 448 838 337 851 831 
754 340 260 254 43 713 589 811 832 180 
268 694 623 624 504 389 786 982 416 278 
41 599 854 709 440 969 556 362 550 575 
551 629 848 339 903 189 849 28 124 932 
795 174 294 946 775 967 240 740 298 460 
165 975 803 464 681 925 618 127 455 323 
874 37 519 917 22 781 482 610 375 257 
205 621 108 634 863 512 614 734 463 540 
816 35 517 732 506 805 212 341 118 830 
314 192 676 265 872 204 570 360 586 430 
938 197 290 616 401 563 669 101 539 541 
405 21 316 587 833 645 442 96 25 71 
310 533 397 725 595 636 601 414 677 146 
719 365 542 928 998 718 498 120 51 513 
45 273 695 637 7 717 93 301 543 628 
284 960 966 933 474 282 123 736 481 762 
69 412 558 324 208 782 843 799 661 54 
894 737 988 395 10 225 868 812 604 2 
178 647 156 207 376 873 135 458 291 325 
138 307 858 888 904 322 486 876 195 86 
765 827 884 491 549 369 321 743 256 871 
115 942 76 183 707 898 466 475 809 400 
267 579 705 639 890 682 364 134 122 105 
911 752 150 492 724 615 30 350 232 141 
760 643 410 525 250 952 529 953 214 467 
789 847 17 328 126 132 489 813 304 983 
311 85 690 236 611 723 87 739 947 972 
764 684 495 864 436 62 835 712 702 801 
218 945 145 941 480 407 342 319 882 696 
153 856 94 930 553 419 657 547 564 590 
23 750 163 370 185 619 580 139 276 819 
668 545 515 748 157 970 708 576 158 968 
605 924 746 651 417 853 261 476 302 527 
258 842 18 251 113 963 275 701 528 772 
956 117 100 954 861 496 89 774 318 720 
768 378 683 855 46 824 188 886 797 459 
61 182 149 453 176 672 973 608 387 878 
530 650 97 978 346 630 70 773 24 913 
981 462 242 215 883 74 607 461 31 371 
95 656 363 472 559 569 151 503 3 320 
129 166 379 388 931 753 524 206 44 55 
52 538 433 106 714 691 82 722 384 866 
929 867 751 333 438 402 67 944 454 280 
247 111 992 83 548 169 352 488 223 425 
766 554 509 711 403 125 485 685 977 638 
170 456 1000 731 756 845 578 36 9 889 
505 194 994 574 114 940 224 50 16 948 
522 552 131 380 627 308 881 445 993 399 
60 394 906 902 689 47 730 426 923 597 
780 836 253 11 238 680 326 137 222 271 
908 92 806 289 220 297 755 926 759 927 
345 791 663 667 986 715 234 269 644 191 
231 300 591 390 285 429 408 367 484 698 
841 653 869 671 354 788 699 826 292 822 
226 465 965 785 75 244 534 620 171 767 
366 90 217 584 444 900 649 446 633 80 
793 814 990 359 632 936 497 331 891 921 
391 12 508 865 659 862 535 536 678 200 
40 839 560 168 703 386 704 283 779 532 
673 592 372 815 783 161 409 317 521 245 
980 437 596 415 468 434 729 103 985 19 
1 348 733 613 353 909 745 761 177 411 
449 88 666 130 850 235 588 959 279 518 
5 844 937 56 568 500 562 312 227 710 
347 181 198 248 187 887 821 6 726 974 
808 593 879 8 201 315 349 64 950 905 
42 612 431 490 309 102 262 526 828 675 
305 479 202 435 646 209 916 230 995 603 
239 361 173 211 641 857 971 918 155 246 
642 272 219 264 470 406 221 598 951 979 
432 277 53 770 996 499 49 483 186 494 
763 820 368 393 263 674 679 160 840 213 
600 692 700 555 749 142 255 57 427 758 
471 897 688 602 66 39 606 622 190 259 
794 58 943 355 939 266 148 741 336 343 
175 377 777 566 834 582 167 520 934 893 
451 274 631 571 116 771 581 457 594 514 
964 424 193 757 984 670 742 665 296 573 
152 546 334 110 199 896 77 27 687 404 
989 899 609 196 243 537 895 804 477 159 
846 68 935 544 958 961 299 107 374 241 
686 26 63 860 807 744 33 747 147 823 
112 428 810 210 648 450 531 29 802 357 
32 144 565 327 81 557 912 837 382 957 
38 154 184 991 306 790 892 72 585 441 
997 962 381 976 78 228 13 293 955 875 
172 104 792 229 829 287 469 329 910 422 
501 351 697 98 516 583 640 817 617 577 
662 14 655 880 478 800 140 987 510 91 
73 852 439 421 511 303 48 907 561 373 
949 473 447 776 769 735 270 4 418 203 
332 784 999 493 121 635 567 356 179 136 
716 654 59 502 335 728 65 216 825 870 
706 338 34 398 664 383 385 133 237 507 
901 915 109 423 249 914 119 233 143 84 
128 162 420 693 281 877 99 920 919 523 
396 
