501
0 46 317 287 125 20 384 136 174 446 
37 356 21 208 194 284 22 207 86 157 
360 77 300 80 451 226 376 498 70 61 
200 13 417 212 452 202 480 201 171 55 
69 159 499 324 185 304 73 350 422 325 
217 154 497 420 413 466 341 79 241 285 
219 459 425 495 3 124 441 258 410 76 
192 297 24 455 500 386 279 483 44 315 
47 400 461 369 49 40 170 334 468 485 
251 23 68 272 56 224 396 115 116 456 
234 281 469 51 38 276 342 298 375 293 
320 389 48 139 433 358 242 188 54 388 
102 215 404 327 33 288 113 268 119 166 
150 146 237 431 211 271 155 59 255 89 
31 39 132 392 364 296 95 477 301 156 
349 486 426 35 189 252 448 27 362 120 
449 244 372 399 481 238 385 473 72 260 
131 9 67 148 390 130 345 380 479 235 
26 262 311 415 444 66 1 128 181 183 
216 19 462 329 319 442 316 57 245 164 
162 32 203 4 270 337 250 340 253 394 
365 249 187 352 419 118 218 233 82 60 
53 307 135 359 99 225 240 474 443 10 
294 106 65 453 353 475 393 165 264 227 
5 87 110 470 228 371 182 407 190 366 
177 2 472 232 175 482 239 121 231 94 
476 186 313 196 179 129 465 43 339 96 
429 30 123 178 107 395 440 93 161 421 
295 490 160 306 332 336 168 322 91 193 
84 361 180 169 290 346 354 246 105 144 
138 58 382 229 434 447 343 438 236 263 
265 83 7 370 278 308 467 291 15 28 
62 273 457 261 101 423 397 305 36 463 
367 90 292 143 257 210 398 117 167 484 
411 491 493 409 158 344 488 85 12 299 
351 134 176 418 347 439 454 64 374 209 
42 172 17 430 277 437 112 254 104 310 
303 147 214 133 458 302 247 29 335 435 
416 98 427 256 141 248 391 460 14 478 
204 222 445 289 487 326 6 432 348 318 
378 355 74 126 412 223 283 450 163 75 
381 338 266 140 428 149 199 312 328 92 
114 492 406 330 206 71 50 383 405 403 
205 45 274 269 63 25 16 198 333 489 
243 387 195 97 111 282 408 379 286 173 
496 52 213 221 78 145 191 127 81 8 
424 220 184 373 142 100 402 151 41 197 
122 414 321 280 153 464 108 88 494 109 
18 103 436 331 363 314 401 471 259 230 
368 323 137 275 34 11 357 377 152 309 
267 
