161
0 30 77 116 25 10 31 17 82 39 
148 55 88 78 123 68 98 146 63 58 
153 101 74 131 24 99 67 126 150 158 
83 151 130 118 152 21 75 37 51 102 
18 137 76 87 36 48 79 119 97 64 
47 160 41 23 103 154 2 136 128 94 
106 140 9 155 84 129 53 80 81 11 
89 149 145 93 6 65 72 133 57 66 
124 61 125 156 135 132 19 16 13 91 
40 1 59 56 69 70 107 122 45 108 
7 32 120 62 142 12 121 29 71 159 
44 109 5 105 134 138 22 42 85 110 
127 4 100 46 49 147 90 117 26 50 
8 3 52 115 141 114 38 92 139 14 
60 96 86 157 95 104 54 73 20 144 
143 43 111 34 27 35 15 112 113 33 
28 
