321
0 81 214 211 145 106 93 165 180 37 
289 168 123 244 242 73 172 155 46 15 
166 194 144 148 91 233 208 35 33 88 
319 97 51 30 185 70 238 47 42 87 
24 132 41 237 43 219 134 52 311 67 
141 240 147 29 273 18 95 193 113 53 
320 80 176 229 294 307 189 103 284 236 
199 302 158 22 111 286 224 139 152 276 
149 261 26 57 21 218 142 314 206 216 
85 246 78 115 150 223 280 178 255 161 
104 84 200 268 312 54 76 256 39 65 
1 162 4 127 137 293 190 234 101 130 
72 99 174 5 296 27 291 82 63 281 
250 196 69 32 60 247 14 203 10 114 
251 143 308 183 253 89 17 171 298 107 
239 122 110 25 140 188 146 245 288 170 
8 258 68 252 12 282 31 34 157 235 
38 9 48 3 264 138 156 167 66 125 
181 20 160 128 263 23 75 112 232 195 
163 300 108 83 228 285 62 292 44 74 
198 116 210 11 126 274 175 86 50 213 
295 230 179 19 182 259 222 164 279 287 
301 231 266 129 105 169 98 133 318 55 
40 257 79 177 197 16 159 269 313 121 
275 120 136 153 7 154 221 100 316 94 
309 77 191 56 297 6 305 109 225 299 
96 277 135 117 102 267 13 45 92 220 
207 173 204 303 304 49 215 270 205 278 
226 217 272 64 151 248 227 28 118 61 
315 283 212 119 262 306 201 186 310 2 
209 187 184 271 260 243 317 124 59 192 
241 131 58 71 265 36 249 254 202 290 
90 
