251
0 101 212 12 245 207 232 223 105 24 
2 54 23 74 82 177 140 179 201 224 
166 209 199 20 118 165 31 66 79 60 
76 86 45 217 53 188 78 167 242 69 
172 64 195 81 109 243 239 73 183 125 
4 35 131 42 187 182 238 226 160 229 
98 227 230 39 194 97 100 70 21 32 
233 18 104 175 133 170 107 71 113 161 
225 47 111 9 14 145 121 84 138 65 
241 244 192 189 19 171 115 250 108 126 
87 152 67 80 5 22 153 156 184 27 
234 158 50 248 37 13 231 83 49 157 
6 164 30 119 59 41 144 150 249 128 
235 142 124 213 173 198 147 72 134 186 
191 26 33 155 61 127 208 94 48 123 
38 102 210 40 55 154 219 85 29 240 
180 91 3 1 237 75 110 178 193 8 
28 122 36 143 246 221 52 116 211 93 
96 148 120 17 130 15 174 206 106 203 
137 11 205 136 135 89 117 88 25 190 
112 218 247 236 34 99 56 62 141 204 
68 90 151 114 169 168 77 95 159 215 
220 163 228 162 51 139 181 196 222 214 
63 202 7 149 57 185 216 92 129 44 
146 197 43 176 200 16 103 46 10 132 
58 
