1001
0 51 194 49 124 34 792 946 811 91 
836 553 730 833 982 737 143 719 711 6 
769 372 747 345 238 997 607 749 540 969 
594 752 197 214 462 505 226 114 793 837 
439 215 570 774 608 647 999 948 573 490 
945 76 23 421 87 208 246 496 129 493 
69 182 840 473 117 373 772 533 271 588 
120 15 305 746 909 83 260 381 262 581 
161 703 536 885 108 480 783 715 310 549 
914 560 339 289 648 816 234 43 538 726 
284 835 55 343 591 682 891 942 273 415 
111 865 406 150 539 67 609 172 978 603 
687 961 90 140 923 808 277 886 72 377 
195 176 370 433 119 177 371 255 443 662 
762 985 898 582 311 267 714 678 583 705 
387 541 167 869 767 654 449 313 27 834 
707 134 346 3 688 950 777 70 580 77 
644 721 631 785 249 251 414 132 691 677 
475 775 693 595 949 95 253 206 412 21 
511 841 754 635 681 263 326 572 227 839 
977 149 981 755 269 670 44 205 832 303 
986 174 19 378 630 529 455 873 68 565 
247 48 998 523 957 623 319 152 993 877 
842 351 756 732 661 910 901 748 166 324 
407 846 335 482 784 279 314 849 451 889 
379 257 446 31 727 94 918 376 761 148 
295 201 430 884 363 39 894 212 75 676 
175 823 38 85 336 634 380 611 478 66 
2 766 759 584 940 524 803 241 213 973 
365 216 358 878 517 843 395 278 741 991 
764 632 105 450 135 931 63 461 385 47 
636 20 425 272 716 970 12 26 739 122 
1 22 653 652 258 28 93 144 315 922 
92 963 778 428 243 954 874 441 532 218 
555 468 411 812 692 953 768 210 62 320 
626 504 995 665 32 207 786 476 115 927 
178 9 304 925 589 187 474 24 576 353 
989 37 987 491 225 116 838 861 405 283 
331 899 286 88 35 646 60 102 867 796 
799 357 442 671 543 900 440 435 515 233 
217 394 960 492 853 983 683 40 797 196 
696 810 266 933 801 291 252 230 988 934 
413 457 307 420 875 374 663 362 879 199 
613 932 342 334 375 666 979 494 625 191 
659 57 467 209 814 54 968 121 916 718 
317 158 136 680 848 893 868 568 824 567 
432 8 422 485 192 84 881 287 281 224 
684 13 887 89 471 270 168 561 328 163 
130 202 599 221 42 469 506 699 59 408 
779 637 418 956 309 453 142 409 133 56 
870 417 888 36 274 537 708 695 244 854 
612 908 782 424 547 159 813 82 312 577 
554 368 456 744 483 725 153 604 171 930 
248 107 125 938 964 728 97 592 806 959 
389 5 58 673 204 556 745 203 514 771 
712 220 975 628 776 460 729 516 590 720 
586 282 598 290 668 829 104 50 179 731 
231 323 601 188 392 41 500 229 994 223 
423 109 890 288 710 160 675 437 507 236 
571 827 228 650 189 856 427 649 337 804 
943 180 332 325 280 222 239 146 472 306 
499 896 770 173 951 404 559 477 620 318 
859 735 458 299 955 497 902 815 525 545 
447 855 528 557 65 419 807 98 45 564 
79 81 46 294 157 293 356 164 638 990 
805 110 18 610 880 831 621 301 817 444 
928 972 587 844 170 740 697 743 211 574 
709 798 795 487 382 64 552 33 431 254 
118 602 256 510 276 438 240 522 296 484 
53 193 80 606 232 892 645 169 298 702 
920 459 264 852 186 753 354 643 864 850 
826 200 300 765 237 542 566 344 944 466 
758 73 292 112 410 984 794 86 818 347 
822 128 917 503 872 847 131 627 821 470 
971 615 929 445 534 416 101 672 913 245 
763 585 388 74 355 903 706 830 569 501 
302 820 780 742 352 508 686 520 551 738 
773 674 605 488 403 348 791 596 396 713 
575 724 527 976 862 919 268 992 593 669 
788 126 966 452 145 689 11 398 863 127 
184 723 667 548 924 14 751 436 316 685 
338 17 883 736 828 123 935 629 183 757 
717 622 546 454 845 657 383 882 359 426 
563 694 30 502 99 664 819 4 364 401 
162 190 181 308 958 393 915 261 219 544 
391 479 137 349 562 498 921 481 463 578 
369 464 519 434 367 518 147 651 679 616 
526 333 866 151 871 633 61 535 904 139 
360 656 330 275 802 495 154 16 52 936 
905 597 926 141 513 851 1000 78 579 386 
825 624 857 639 655 400 974 322 235 912 
512 198 962 521 897 250 155 397 341 658 
701 967 429 113 704 165 71 690 465 800 
390 25 361 906 937 558 876 448 895 911 
327 760 10 641 965 941 366 619 138 185 
350 660 980 329 809 733 858 489 265 698 
531 321 106 486 259 860 947 734 384 402 
7 952 640 781 618 789 642 399 156 996 
750 103 600 530 722 96 787 907 285 700 
939 29 100 509 614 550 297 242 340 617 
790 
