251
0 153 107 17 222 202 239 101 93 143 
211 179 225 56 1 242 124 212 144 181 
213 190 66 86 4 163 166 85 135 215 
3 185 33 43 148 136 15 116 157 176 
120 77 188 22 55 108 125 81 128 21 
91 209 109 182 158 67 151 25 18 5 
194 57 79 122 227 44 62 90 180 184 
74 203 63 94 205 49 59 69 218 110 
216 9 138 134 175 196 83 141 39 187 
154 89 137 7 238 172 228 217 14 130 
51 241 131 118 245 75 105 169 200 164 
12 117 46 92 223 178 80 54 37 226 
174 87 42 97 191 192 95 88 99 237 
132 96 65 76 68 139 50 113 142 102 
234 250 64 20 6 156 70 244 40 140 
28 145 173 52 10 127 149 246 243 219 
206 24 170 198 78 31 210 61 103 35 
100 48 236 45 8 71 72 233 11 114 
16 171 161 230 13 98 133 129 199 189 
30 220 165 58 36 111 121 147 155 162 
27 19 2 235 195 201 249 26 112 221 
204 53 167 193 150 82 119 41 247 208 
159 186 146 229 207 84 104 160 60 232 
73 115 168 34 126 38 123 152 224 214 
240 47 248 29 177 197 32 183 23 106 
231 
