1001
0 891 139 342 559 101 921 664 367 484 
243 865 728 960 937 690 361 210 789 185 
227 593 598 307 452 717 572 6 773 486 
469 180 847 399 826 387 72 549 817 370 
596 505 925 521 541 326 947 485 130 100 
886 698 764 748 872 571 685 703 731 18 
930 417 977 631 771 157 694 381 353 753 
164 334 429 919 111 205 653 991 479 973 
74 107 584 184 193 860 786 345 360 396 
265 700 615 124 716 233 569 363 251 922 
738 883 777 974 255 461 936 131 57 140 
999 333 581 758 373 466 961 851 795 713 
909 114 94 739 464 692 68 444 824 62 
507 105 525 183 673 504 614 286 402 853 
904 979 508 379 36 648 560 468 835 226 
756 223 179 721 564 684 526 782 647 221 
285 787 745 561 392 385 791 296 752 282 
294 273 344 1 540 245 765 601 75 474 
327 395 106 512 490 237 714 502 103 177 
862 304 347 772 5 161 784 283 128 248 
544 854 76 188 229 102 330 843 324 51 
957 757 241 250 875 750 427 913 137 488 
98 220 774 192 660 240 173 483 878 305 
65 487 81 992 876 746 443 651 432 608 
951 916 108 380 744 844 215 260 587 9 
189 150 518 41 30 146 494 901 21 676 
457 520 658 726 393 523 270 262 454 994 
592 460 555 421 939 383 955 556 545 266 
167 998 892 441 672 837 423 597 27 621 
96 889 99 959 71 28 169 493 510 23 
574 933 711 958 995 174 172 625 956 218 
898 123 910 143 86 945 171 34 117 372 
346 424 616 190 276 401 56 465 646 814 
790 900 820 293 871 808 49 163 946 839 
781 657 723 949 792 595 26 449 715 988 
224 320 788 337 670 941 611 407 920 497 
38 629 32 158 440 538 859 178 371 796 
152 500 284 138 313 4 314 348 516 433 
176 661 866 126 709 968 879 775 259 70 
513 609 272 524 263 712 785 116 343 59 
671 636 964 618 477 586 914 238 325 940 
897 252 637 743 318 797 175 181 319 882 
600 747 912 212 759 191 315 650 17 902 
966 585 551 287 687 980 755 46 109 69 
831 308 983 539 863 542 120 230 604 552 
833 935 58 365 967 42 554 644 478 783 
515 451 328 870 249 679 915 693 206 219 
565 969 450 236 800 811 638 39 61 405 
659 704 19 993 121 509 719 805 204 208 
674 819 511 639 300 590 742 110 953 378 
97 815 617 492 470 688 231 568 622 877 
254 923 89 563 119 463 832 702 570 890 
20 503 710 751 575 408 199 845 476 122 
50 257 867 699 198 48 331 856 207 840 
846 414 911 413 409 976 388 962 115 528 
780 160 770 740 104 234 203 84 355 908 
391 848 984 822 588 133 235 430 144 612 
718 582 534 681 678 842 990 166 436 881 
514 624 732 906 489 341 264 428 829 277 
680 573 547 311 91 149 136 849 761 362 
623 677 350 627 887 112 975 79 403 986 
95 776 271 734 258 708 576 924 467 952 
209 411 725 963 793 896 194 43 741 626 
197 649 707 412 675 823 720 548 349 927 
88 339 438 168 3 8 147 802 376 63 
546 730 404 291 724 799 187 425 978 667 
253 727 938 580 620 643 810 666 242 804 
453 280 400 47 903 779 778 261 812 316 
200 632 416 499 630 982 211 434 662 754 
31 899 767 602 447 905 686 917 996 153 
985 942 816 610 127 928 762 537 351 527 
85 322 729 113 162 156 868 737 696 929 
317 374 987 943 306 813 735 481 246 394 
278 299 480 855 519 426 825 807 663 532 
558 82 557 24 641 225 297 456 533 279 
827 267 607 482 501 932 455 312 118 60 
594 340 763 989 132 321 364 733 274 406 
338 148 83 695 566 536 37 256 16 749 
142 335 550 613 389 53 289 803 222 1000 
884 398 965 766 522 40 806 931 861 302 
384 170 336 213 656 591 543 769 689 357 
642 498 828 997 472 885 462 196 628 971 
382 332 298 66 420 864 665 445 418 359 
201 668 701 309 247 589 682 972 893 578 
390 288 603 354 7 517 633 55 599 14 
397 818 895 948 125 495 134 159 768 669 
459 141 981 836 25 410 529 874 22 290 
606 2 216 154 760 78 292 841 44 145 
33 888 491 697 801 944 706 446 232 202 
722 858 214 431 155 634 15 301 195 869 
377 435 419 583 268 475 67 281 619 535 
577 87 310 736 873 366 29 217 705 794 
90 52 415 295 329 652 918 852 798 151 
531 12 838 11 275 850 926 80 35 93 
473 182 228 605 553 506 54 562 683 358 
369 129 375 471 303 45 368 448 635 239 
834 691 894 244 907 386 13 934 970 655 
950 73 442 64 809 567 439 645 640 458 
165 579 437 269 186 830 496 821 857 323 
77 352 356 954 135 422 10 654 880 530 
92 
