251
0 146 14 213 117 48 79 65 68 111 
219 77 212 44 76 36 4 106 232 50 
174 115 18 97 83 218 250 47 88 43 
62 229 145 131 49 63 127 3 222 1 
208 58 31 180 165 25 164 104 225 108 
40 144 192 38 195 57 135 227 210 205 
246 12 98 27 147 179 199 160 105 107 
163 154 130 69 7 95 173 17 89 82 
169 197 156 120 238 16 66 241 139 137 
245 110 188 33 60 196 74 121 54 21 
109 149 226 34 51 221 152 37 178 71 
200 99 20 228 193 150 217 233 2 53 
151 129 162 123 186 182 24 231 172 142 
70 214 116 90 133 87 170 80 92 153 
171 209 26 84 32 220 8 157 140 206 
61 159 201 55 52 119 72 202 247 114 
216 42 136 141 35 9 168 211 134 207 
237 56 230 112 158 86 28 132 184 113 
126 175 189 191 194 5 240 10 167 128 
155 94 11 185 64 29 73 235 198 215 
85 6 41 45 143 239 236 223 249 248 
125 187 148 23 78 177 234 81 93 166 
138 67 13 102 124 15 122 59 190 96 
39 204 243 224 181 91 183 161 46 203 
100 244 75 176 19 101 118 103 22 242 
30 
