501
0 4 51 499 235 136 344 251 357 43 
151 81 321 30 11 220 89 216 56 291 
209 278 93 119 296 445 391 492 244 50 
120 163 53 317 115 294 418 135 21 348 
150 83 174 158 327 144 323 276 20 1 
299 500 31 138 149 242 152 247 383 226 
252 333 407 193 309 362 182 322 234 310 
80 471 387 48 352 354 219 222 239 117 
458 467 129 463 341 127 14 305 91 303 
437 170 409 179 263 40 485 366 361 79 
60 439 433 192 195 496 367 166 169 210 
385 452 290 297 343 497 462 227 475 171 
229 207 494 164 388 200 7 88 282 74 
454 283 491 2 224 447 293 403 112 18 
295 365 358 384 130 190 8 186 191 71 
208 410 58 262 113 114 211 126 284 380 
204 394 168 320 116 109 148 68 269 34 
484 128 460 45 133 342 280 84 326 461 
238 456 189 421 69 404 105 145 265 41 
486 487 272 346 118 375 225 137 221 63 
459 104 38 368 198 6 392 215 469 172 
177 181 399 482 3 167 465 131 155 434 
139 405 382 266 64 47 422 246 442 185 
438 232 77 273 257 35 490 466 5 493 
66 398 255 470 161 401 162 389 13 202 
98 476 415 154 183 101 313 111 36 24 
406 412 228 423 287 97 55 16 311 175 
397 240 259 25 312 78 261 319 59 217 
325 334 249 457 416 300 212 431 374 180 
411 339 464 370 495 157 33 400 420 378 
121 449 417 132 414 264 483 379 426 206 
32 377 205 424 298 430 376 432 57 134 
197 146 451 477 26 335 372 143 270 472 
288 67 304 402 75 408 489 373 351 125 
159 289 194 72 329 480 453 236 369 324 
22 393 86 243 94 360 260 355 15 203 
95 178 9 187 347 245 99 359 428 443 
390 10 250 87 353 165 328 70 44 96 
479 488 330 103 85 42 124 153 188 427 
65 241 141 436 46 123 292 275 17 107 
363 340 147 184 277 396 230 286 214 49 
446 62 23 316 356 73 468 27 498 315 
39 140 122 419 318 52 307 336 28 156 
92 441 102 54 176 82 371 218 199 478 
256 268 253 395 76 281 308 302 160 350 
213 37 338 474 345 455 425 12 337 364 
332 108 473 285 331 444 381 231 19 267 
279 258 271 233 61 349 314 29 448 196 
413 440 429 106 254 173 90 435 223 301 
201 481 274 142 237 306 386 110 450 100 
248 
