501
0 234 207 143 93 194 55 140 237 319 
51 267 73 440 38 339 173 471 245 436 
295 264 224 463 137 187 76 274 451 435 
288 231 115 307 109 280 374 11 46 80 
454 415 410 430 121 213 35 119 20 300 
386 476 337 489 239 465 50 12 128 276 
175 198 462 326 3 346 308 94 302 174 
437 287 114 251 13 244 236 325 315 329 
190 380 433 396 1 199 281 330 126 64 
275 47 291 33 375 309 41 59 248 88 
81 16 54 425 24 223 395 232 426 212 
180 113 195 446 253 442 68 384 161 6 
228 289 331 297 290 40 333 439 261 268 
203 25 443 254 243 208 132 96 36 201 
250 158 312 82 39 15 49 111 460 364 
499 70 320 477 67 58 353 159 391 19 
317 78 196 485 272 257 221 373 324 235 
92 441 210 424 135 179 215 393 105 122 
370 101 106 392 389 271 349 306 404 466 
461 358 27 230 387 381 219 127 252 483 
91 468 169 340 255 313 359 334 189 494 
497 66 354 388 279 188 197 171 487 107 
42 321 120 191 144 385 166 266 75 486 
335 405 30 209 456 238 56 164 296 377 
311 48 152 270 227 488 458 4 168 177 
372 146 470 338 332 414 258 362 216 413 
18 350 282 495 5 242 431 492 412 409 
226 176 376 447 496 421 103 129 130 225 
328 89 304 100 118 185 123 218 156 21 
406 43 116 204 79 452 32 453 17 44 
305 379 363 34 45 141 365 400 383 28 
394 162 327 301 322 29 138 7 57 249 
14 472 318 343 131 62 419 154 256 183 
157 10 432 211 369 84 467 355 403 455 
222 193 259 478 314 357 95 53 184 459 
147 172 181 299 500 298 398 155 77 464 
186 344 402 445 417 474 265 418 246 69 
360 206 382 293 491 151 182 37 278 60 
479 294 71 341 142 397 150 52 110 125 
416 449 284 61 473 428 438 399 98 90 
345 286 351 361 205 99 390 202 444 65 
475 170 371 260 450 310 145 108 342 134 
347 263 85 348 292 356 63 269 220 233 
148 86 457 434 493 481 498 423 178 401 
97 217 408 407 247 285 429 139 420 214 
72 22 23 316 8 323 367 411 283 74 
480 192 366 124 117 87 2 490 153 136 
104 229 469 482 241 133 200 378 484 422 
31 102 163 368 149 262 273 26 352 160 
277 303 9 427 83 336 112 165 240 448 
167 
