161
0 57 17 12 3 48 49 7 10 1 
140 2 91 36 153 6 15 152 41 144 
113 20 76 72 59 54 109 133 128 62 
26 65 75 74 66 155 101 70 42 61 
16 132 82 160 51 107 58 120 28 156 
31 151 34 35 129 87 83 45 116 85 
50 123 138 27 145 105 40 108 80 92 
141 102 147 112 5 150 97 46 142 100 
69 4 53 64 106 158 98 14 110 37 
88 86 38 143 32 78 25 119 154 21 
115 22 63 125 47 29 81 131 126 8 
9 103 79 23 33 96 30 137 93 136 
60 43 121 139 24 134 122 19 11 13 
44 146 90 159 73 99 71 148 94 114 
149 39 89 104 52 55 18 111 56 135 
95 130 118 84 67 124 68 157 127 77 
117 
