1001
0 416 983 516 824 75 207 376 393 849 
794 987 464 860 59 175 618 353 853 48 
986 697 37 114 782 405 63 456 802 165 
472 585 259 85 174 930 347 374 526 158 
551 49 956 761 370 573 294 18 768 978 
194 543 316 185 461 1 696 544 110 362 
731 431 649 385 781 344 252 995 660 60 
914 467 139 558 156 764 284 437 701 463 
193 989 383 243 710 765 491 400 566 262 
439 282 21 804 895 674 991 737 533 126 
504 755 691 746 414 204 377 932 919 137 
122 890 706 846 641 623 822 242 568 784 
702 214 562 797 571 26 240 688 924 828 
170 65 460 399 719 307 680 211 808 97 
325 783 886 827 785 17 502 32 73 532 
1000 744 372 810 281 406 202 522 735 382 
598 888 645 868 135 557 776 348 646 724 
271 43 651 480 884 873 61 716 659 144 
552 941 115 7 856 531 191 925 958 759 
844 780 335 101 161 179 851 361 527 351 
996 363 561 496 433 296 3 9 747 589 
40 453 679 305 151 357 352 387 999 232 
855 140 443 337 517 541 985 842 2 133 
806 371 655 25 834 42 972 489 384 365 
299 633 481 130 741 380 498 237 758 658 
800 663 389 815 132 545 703 883 627 594 
918 867 575 41 600 774 127 870 444 787 
275 479 341 300 470 907 795 306 143 786 
711 590 184 441 970 45 309 609 432 420 
360 4 373 811 712 318 629 866 283 216 
469 83 91 538 511 23 392 894 74 440 
993 258 567 656 525 896 220 218 727 990 
424 390 775 604 320 381 885 608 682 796 
98 226 313 949 267 882 30 157 951 611 
535 721 581 426 665 754 454 260 113 24 
289 198 831 777 940 572 616 610 58 169 
94 976 487 626 935 957 565 624 177 166 
518 621 597 709 670 192 898 968 814 468 
858 228 901 291 602 729 942 503 89 720 
887 499 136 603 928 121 477 11 644 277 
773 900 492 322 514 880 311 398 105 298 
415 430 803 569 974 86 263 106 334 404 
923 580 534 427 584 459 44 47 217 512 
871 653 911 162 881 173 530 878 693 436 
171 451 778 648 967 801 917 34 215 241 
722 726 244 671 274 905 438 354 750 793 
843 854 31 450 661 929 524 903 962 605 
756 945 555 666 239 419 938 619 875 574 
330 892 839 798 16 301 708 484 912 92 
676 588 273 423 408 364 409 350 124 28 
102 840 168 219 732 200 637 328 154 893 
927 446 109 250 104 937 269 615 650 657 
577 506 859 410 963 62 429 559 607 529 
707 841 700 356 915 943 713 738 606 223 
203 13 293 560 769 329 669 345 465 295 
899 874 46 979 678 310 946 630 486 261 
199 190 272 554 964 268 805 308 222 617 
338 936 12 723 823 638 820 401 483 733 
965 933 14 553 473 53 90 333 745 186 
183 587 988 445 27 33 187 251 340 752 
266 950 536 862 821 948 593 519 807 412 
120 70 788 189 813 77 779 38 591 677 
264 833 490 227 809 213 397 224 336 952 
675 160 418 628 403 620 763 908 835 22 
542 221 413 926 639 147 279 891 323 134 
378 67 625 725 549 442 889 897 832 540 
324 654 96 314 704 326 789 209 359 601 
155 850 395 971 902 826 622 817 705 961 
570 613 920 736 578 208 280 596 876 910 
35 205 5 694 349 164 982 699 116 343 
634 182 730 128 816 367 117 667 402 153 
332 19 969 148 771 246 111 642 556 790 
141 84 254 188 196 684 233 172 107 792 
366 612 753 614 509 482 321 767 100 751 
99 57 247 93 647 595 510 523 55 149 
82 303 15 592 563 739 368 68 421 692 
54 245 548 944 315 939 931 428 78 112 
87 528 799 457 515 547 407 668 714 673 
485 72 695 664 339 422 123 488 829 586 
125 29 10 546 494 960 150 959 819 500 
550 81 757 579 994 845 270 379 922 249 
934 231 434 248 331 342 238 640 770 88 
286 977 447 715 998 50 159 681 497 253 
466 394 152 520 493 847 947 818 973 825 
836 501 686 288 386 108 997 302 435 954 
865 265 980 206 505 103 285 257 36 643 
861 319 513 145 411 176 476 913 495 167 
462 742 916 830 631 448 181 981 39 201 
636 458 662 852 95 672 748 863 740 879 
872 8 812 236 327 869 163 475 698 355 
195 297 471 52 838 180 138 864 537 197 
255 278 904 689 734 975 632 906 576 718 
452 478 521 178 743 146 966 76 312 304 
507 131 683 388 877 772 728 582 762 80 
909 129 51 118 276 66 358 857 256 652 
508 955 212 64 635 685 474 287 6 417 
984 292 449 760 230 717 225 992 20 119 
749 317 290 791 953 369 229 837 69 346 
235 921 766 690 583 396 375 391 79 56 
687 848 234 210 71 425 142 599 455 539 
564 
