1001
0 823 482 579 434 217 397 464 199 373 
337 541 786 76 567 940 147 837 34 760 
443 942 951 613 367 762 633 301 174 752 
653 28 782 571 170 702 498 593 487 166 
277 519 781 729 773 641 594 56 432 359 
957 542 424 129 860 539 99 905 916 312 
351 724 797 131 196 135 55 888 566 755 
769 485 628 267 637 543 451 999 597 18 
924 123 6 79 632 222 531 48 46 215 
559 159 938 370 617 54 90 945 399 476 
354 325 809 192 587 968 656 296 220 112 
538 11 742 577 987 128 65 269 305 469 
319 262 382 980 38 247 472 965 585 972 
949 691 100 180 889 855 300 96 101 105 
771 72 150 230 600 223 431 339 540 266 
453 870 795 676 731 824 78 212 49 851 
575 877 805 715 525 240 459 941 393 878 
827 857 750 891 24 403 483 401 900 565 
650 918 719 843 134 91 41 138 598 42 
419 732 456 13 95 153 183 81 911 127 
481 622 336 151 935 256 181 933 983 626 
374 22 294 765 278 297 970 402 603 707 
379 189 545 214 852 234 264 947 496 582 
658 834 253 586 103 699 655 608 831 364 
51 840 16 86 885 19 560 898 694 754 
494 959 384 309 178 882 74 685 784 813 
556 108 690 385 289 780 907 250 776 132 
714 121 168 346 697 113 711 524 832 696 
254 772 380 328 377 828 687 259 583 522 
513 8 285 800 520 976 388 489 15 282 
621 764 61 557 409 102 167 231 568 39 
64 369 913 535 822 670 739 75 335 896 
884 573 572 521 986 527 943 235 748 790 
768 661 883 454 561 774 33 144 323 14 
417 162 219 386 492 133 93 238 777 554 
31 281 529 236 791 673 85 576 578 449 
362 182 338 652 204 149 244 318 846 646 
450 411 418 912 87 280 635 728 619 835 
875 908 502 903 248 991 460 803 692 30 
67 228 746 437 664 2 421 643 320 207 
3 722 946 185 488 88 457 703 479 109 
73 645 741 197 929 887 710 967 221 815 
423 398 816 57 620 303 939 249 465 141 
766 353 551 119 584 514 286 618 229 211 
684 395 861 224 299 205 53 302 528 425 
448 261 893 311 59 897 701 444 975 441 
894 184 291 200 511 546 152 609 461 70 
499 324 934 563 712 35 982 126 26 414 
111 533 452 625 94 371 642 660 342 668 
996 225 716 914 495 333 295 202 738 974 
993 624 341 137 490 880 745 767 679 841 
37 140 671 10 158 735 255 340 596 283 
273 63 383 798 704 802 407 356 979 9 
978 818 825 45 381 675 517 678 115 190 
611 315 756 463 960 106 480 66 145 175 
588 503 672 706 468 709 216 516 306 243 
455 404 956 378 290 858 921 242 937 833 
708 919 909 977 950 507 612 915 654 366 
599 344 327 964 206 104 268 458 52 989 
595 357 902 412 657 68 193 733 439 705 
40 859 508 467 634 904 623 239 683 260 
501 659 118 515 5 114 293 812 796 257 
793 829 966 348 730 233 172 326 438 969 
736 958 681 862 307 376 343 213 275 695 
308 429 785 555 810 274 447 445 470 610 
272 589 195 29 237 552 171 125 602 21 
550 615 698 139 372 920 360 591 901 187 
474 873 143 607 876 209 12 842 390 148 
276 592 932 279 163 25 649 944 416 758 
971 198 349 992 466 191 720 317 82 734 
881 292 84 892 759 606 953 814 510 442 
917 50 847 631 792 849 27 614 713 392 
347 60 544 872 740 737 107 590 817 640 
270 246 288 110 69 97 446 426 948 930 
789 981 779 313 77 830 770 165 23 688 
1000 686 879 506 530 252 922 869 47 486 
952 988 420 868 844 509 436 532 263 562 
801 778 321 89 71 931 721 440 471 523 
836 154 365 284 430 271 961 574 136 751 
581 462 396 669 890 331 747 345 4 491 
995 799 604 648 232 408 32 208 743 761 
122 505 955 176 534 415 682 130 512 387 
821 201 553 570 188 558 963 98 547 601 
361 203 504 62 806 413 484 700 363 177 
863 819 962 389 899 194 352 478 161 718 
926 569 358 723 526 928 639 394 689 298 
808 630 994 744 210 117 169 826 427 787 
58 990 811 80 36 146 265 473 92 775 
794 428 227 477 627 985 605 749 241 638 
925 316 788 853 936 564 406 850 7 923 
258 218 475 518 666 375 997 927 663 674 
665 549 548 725 287 693 906 245 973 580 
727 804 314 226 871 310 757 350 998 651 
116 142 667 83 629 155 329 662 43 186 
910 647 820 160 435 807 391 368 251 17 
304 856 332 322 124 753 156 845 886 864 
717 677 157 866 644 1 433 179 497 874 
330 405 44 839 783 493 838 400 537 500 
867 763 355 422 895 616 984 20 536 334 
680 120 726 865 954 636 854 848 164 410 
173 
