251
0 168 130 41 95 180 99 37 64 225 
10 139 191 210 178 176 1 226 30 23 
85 70 110 40 26 94 173 73 162 9 
66 127 34 237 166 208 183 32 224 24 
104 201 242 107 72 20 223 36 123 169 
101 7 153 187 239 113 140 221 8 161 
96 31 68 209 200 5 233 236 177 186 
160 244 203 175 87 71 92 14 167 53 
62 156 229 39 83 84 109 38 249 151 
232 55 108 134 6 12 3 111 141 188 
78 215 238 212 195 80 51 241 202 152 
138 206 54 59 218 77 57 88 86 137 
82 248 89 133 116 145 243 194 25 144 
122 42 157 136 117 164 174 150 132 171 
69 179 29 44 228 76 192 184 15 98 
81 16 11 33 193 124 219 250 35 148 
126 246 52 230 155 163 74 158 47 197 
147 63 149 115 106 119 28 49 182 43 
67 245 120 125 65 234 189 204 190 90 
216 118 19 79 100 159 165 199 131 247 
181 105 213 58 61 46 21 56 205 4 
227 143 231 75 220 222 121 17 170 198 
196 97 128 207 103 185 154 60 102 48 
172 214 45 22 114 142 13 93 146 27 
91 135 211 112 2 217 129 240 50 18 
235 
