1001
0 603 657 942 470 321 197 125 35 882 
380 989 648 47 676 330 534 214 441 750 
832 138 133 464 116 526 759 46 908 609 
762 877 5 608 652 445 736 699 79 131 
66 210 962 301 165 605 795 682 316 265 
886 651 56 681 804 577 687 711 467 508 
859 417 961 768 663 436 575 835 374 982 
75 459 300 562 14 25 159 448 74 672 
421 137 452 386 566 821 325 971 783 522 
77 922 82 978 471 884 482 689 642 743 
171 359 392 160 429 850 484 929 924 194 
938 294 393 296 148 283 693 665 580 193 
777 558 957 537 211 520 372 778 853 710 
343 356 206 991 561 527 80 679 677 702 
726 117 870 934 285 357 779 384 336 364 
414 111 724 532 525 19 936 365 105 309 
449 264 184 200 346 232 81 848 223 623 
694 40 863 91 342 83 746 432 701 852 
420 181 984 395 363 528 381 641 666 531 
587 67 98 903 592 925 552 153 613 993 
477 547 683 369 410 88 720 569 705 155 
85 905 535 817 583 636 168 492 959 202 
243 809 847 348 345 235 690 917 58 147 
660 548 890 684 176 70 551 290 263 813 
734 110 297 226 481 889 883 995 897 512 
198 419 69 907 317 295 632 803 26 555 
63 415 812 371 554 224 241 523 738 260 
772 914 437 157 249 490 625 498 543 732 
164 553 287 834 385 573 612 199 172 918 
401 29 32 387 823 186 913 735 61 425 
864 826 463 530 723 906 154 44 453 400 
586 749 358 674 140 955 643 11 876 78 
601 771 388 411 992 257 731 621 234 422 
845 827 933 246 447 205 730 774 15 966 
99 438 763 124 255 947 615 854 152 600 
801 923 139 557 94 132 815 686 668 292 
776 501 655 444 394 30 134 946 279 435 
671 604 487 602 18 550 542 97 654 753 
901 691 658 565 514 791 213 312 751 151 
230 502 456 96 717 540 599 332 564 920 
150 173 790 108 630 123 23 227 258 747 
185 451 828 568 237 433 391 286 424 769 
981 647 239 329 758 696 849 34 355 71 
242 559 629 12 670 212 136 505 144 579 
987 597 465 270 323 402 289 627 764 589 
598 549 64 519 408 254 518 722 521 446 
76 426 637 606 251 272 507 201 649 972 
196 744 122 370 940 893 450 974 51 236 
538 442 833 628 517 179 118 958 412 896 
504 943 225 222 539 6 836 104 43 880 
902 868 796 347 413 979 103 874 585 130 
483 33 360 480 572 169 545 844 841 578 
784 688 619 915 306 939 594 786 610 318 
149 341 62 362 556 757 891 785 431 742 
646 275 284 626 45 476 22 584 741 276 
233 307 261 127 857 618 678 373 489 20 
773 716 302 315 86 926 397 838 799 162 
944 143 503 141 4 333 474 440 866 281 
37 909 712 174 146 910 189 95 931 855 
163 324 322 740 721 673 860 595 354 31 
479 9 247 409 861 89 814 737 808 900 
805 729 68 510 396 921 952 968 775 831 
344 191 377 218 511 956 156 851 680 794 
278 497 963 399 36 266 872 293 3 430 
640 114 10 187 843 129 351 515 582 793 
406 16 967 17 398 203 574 73 787 754 
269 986 126 460 659 158 698 142 973 305 
810 865 190 41 878 119 183 340 885 661 
700 495 524 697 950 792 161 888 780 800 
782 819 478 454 898 167 274 748 820 760 
664 576 244 567 90 745 941 727 513 571 
840 829 842 87 267 53 101 443 536 291 
788 620 60 473 718 256 475 120 192 48 
752 644 115 928 457 379 268 439 650 767 
964 911 57 867 985 591 403 253 177 494 
310 335 990 178 976 491 719 38 980 856 
806 997 715 506 953 382 781 27 207 509 
216 245 714 798 695 368 588 466 93 611 
948 996 977 39 328 703 825 818 581 631 
725 949 999 383 166 739 462 366 13 353 
830 839 405 975 951 516 121 899 170 204 
308 988 109 221 376 824 228 282 969 970 
455 135 638 945 873 418 529 259 404 188 
807 8 238 486 352 208 667 935 298 262 
533 469 596 811 52 669 692 102 634 72 
708 49 983 314 209 423 930 107 927 858 
2 656 802 367 338 112 313 633 277 544 
887 50 916 546 215 231 361 965 994 797 
485 881 765 349 319 954 175 728 59 248 
500 250 1 128 685 932 645 195 375 862 
326 113 304 635 617 607 280 570 622 998 
434 488 55 303 100 789 614 675 770 879 
904 106 499 217 496 252 822 28 837 766 
334 320 704 337 875 240 339 761 624 894 
493 590 707 662 713 7 327 472 560 458 
937 427 733 709 912 407 869 816 21 54 
593 1000 220 541 428 84 42 331 311 378 
229 653 468 895 563 639 299 892 389 416 
390 706 219 182 271 180 350 616 919 755 
145 846 92 24 960 461 756 273 288 65 
871 
