251
0 77 92 66 229 4 112 140 177 105 
13 241 125 245 232 10 58 82 200 236 
71 143 31 69 162 57 225 108 65 172 
194 78 137 90 151 101 62 24 2 144 
128 5 136 149 45 181 132 220 207 204 
22 213 222 122 167 41 44 248 185 35 
197 247 153 9 237 59 211 38 21 208 
218 17 235 33 134 155 25 98 111 219 
166 114 28 115 93 161 156 163 84 55 
250 217 154 145 61 186 230 11 180 95 
193 170 249 27 124 212 189 174 240 7 
42 176 87 210 127 192 36 175 188 6 
142 233 171 89 173 67 80 206 239 187 
231 157 54 238 131 244 133 224 109 1 
79 141 104 40 86 68 23 246 63 147 
94 97 183 116 148 198 203 126 227 39 
202 32 201 234 179 19 165 215 56 107 
16 158 88 205 196 12 110 160 168 228 
182 49 76 184 91 74 53 191 47 214 
150 46 123 102 169 106 199 73 43 8 
75 50 51 152 129 81 96 103 135 221 
34 195 121 72 216 113 242 18 26 159 
223 60 138 37 139 130 164 100 226 30 
83 52 119 99 70 117 15 120 29 14 
64 118 48 209 85 146 178 20 243 190 
3 
