501
0 77 408 109 429 326 84 43 266 300 
140 36 349 24 54 120 148 379 170 61 
75 172 469 401 171 346 163 319 328 257 
404 205 267 106 495 345 131 493 276 233 
405 468 156 269 206 167 208 81 128 190 
332 173 229 138 82 68 335 420 452 195 
280 258 226 58 292 249 114 147 187 45 
149 59 175 278 446 88 189 78 177 221 
327 176 478 247 215 225 375 277 500 303 
182 341 474 214 197 50 363 285 253 57 
20 497 483 467 378 296 265 428 127 388 
146 423 485 387 382 107 259 304 83 302 
489 325 386 449 350 397 376 40 132 333 
293 391 314 409 9 35 32 476 136 93 
251 347 218 71 295 244 315 30 122 434 
242 399 110 123 213 152 86 63 321 445 
12 211 374 351 174 76 358 66 344 365 
144 240 153 145 33 239 248 158 482 79 
480 212 279 155 462 398 232 448 130 364 
179 481 395 133 487 16 441 484 38 243 
308 18 97 141 108 41 415 194 498 103 
494 442 454 390 283 168 34 437 361 370 
42 339 196 69 444 309 407 188 64 403 
235 100 230 362 313 181 102 366 424 430 
89 367 96 95 228 49 393 169 70 113 
135 44 250 377 28 117 260 126 246 320 
372 343 460 290 262 87 432 255 165 418 
19 47 224 94 324 21 288 458 238 281 
162 139 234 90 425 2 486 392 357 143 
312 451 129 298 307 53 368 330 471 37 
426 252 134 384 466 39 410 164 151 491 
46 323 192 470 166 435 26 455 115 22 
268 5 180 299 118 331 287 453 261 227 
191 354 111 31 203 209 3 457 270 91 
124 193 198 199 334 119 98 27 338 178 
286 160 15 322 216 352 25 210 433 355 
80 496 137 306 360 443 264 4 310 311 
116 273 241 112 305 465 394 23 297 104 
282 183 254 85 150 48 499 159 274 340 
414 291 456 431 477 51 105 318 419 289 
10 223 406 202 231 336 463 385 142 396 
348 417 275 416 222 400 154 13 245 316 
447 8 356 422 67 237 60 6 479 220 
272 459 219 73 207 317 427 7 436 72 
92 342 11 217 440 263 17 439 421 369 
157 101 185 65 337 121 74 256 380 472 
200 371 236 413 389 490 402 186 450 473 
55 301 383 464 1 201 62 461 381 353 
284 52 161 488 204 492 125 359 438 329 
411 271 373 475 294 99 412 29 14 184 
56 
