251
0 117 217 245 225 194 62 50 69 174 
135 24 47 76 70 229 192 91 211 205 
138 187 140 149 33 222 132 163 106 16 
173 142 185 97 172 2 95 35 46 87 
118 158 68 154 110 12 244 186 128 30 
250 40 5 190 15 203 89 37 201 103 
246 67 139 219 210 193 230 82 147 231 
240 212 226 100 215 64 109 66 248 249 
247 71 236 153 13 22 121 144 150 216 
214 7 221 73 180 188 157 202 199 159 
29 84 19 181 122 72 213 80 155 8 
206 161 31 11 99 234 178 220 170 26 
137 18 146 183 134 48 184 131 162 129 
223 197 156 116 108 20 39 45 92 90 
96 85 63 32 101 61 107 125 227 209 
182 9 237 164 58 4 79 175 127 17 
241 145 232 238 204 44 198 130 200 75 
191 93 83 38 41 168 169 42 196 165 
52 176 160 189 78 151 43 34 1 36 
86 133 243 224 51 113 152 81 112 3 
242 65 10 94 120 115 179 239 53 114 
98 126 148 235 143 195 177 104 57 28 
56 123 21 111 171 55 23 105 166 60 
14 59 167 102 136 88 77 228 74 141 
49 25 119 208 27 218 54 6 207 124 
233 
