501
0 194 304 180 290 380 449 172 431 272 
325 71 241 312 109 307 446 261 409 225 
92 4 93 375 482 7 278 486 368 275 
28 144 164 415 175 467 65 301 460 448 
391 84 67 234 445 390 461 413 372 347 
170 216 262 496 95 114 440 12 439 487 
434 451 420 76 3 317 243 311 132 120 
396 405 55 151 246 108 110 183 233 404 
248 26 295 142 116 458 201 340 327 179 
125 188 210 186 149 121 64 208 34 146 
259 177 17 189 152 285 2 365 450 386 
294 283 56 31 474 471 429 14 473 384 
19 88 397 245 57 213 41 457 44 163 
463 135 303 140 130 251 37 141 9 123 
23 257 8 361 156 410 300 452 38 498 
338 43 456 5 185 29 359 400 83 218 
331 222 178 438 111 442 344 66 103 488 
292 289 97 197 265 192 250 426 99 414 
231 86 389 139 215 204 255 435 352 366 
297 98 425 11 268 217 427 353 32 402 
470 249 137 342 78 468 345 53 81 77 
373 187 24 258 220 207 80 266 335 485 
475 48 355 47 459 401 46 284 89 408 
421 61 16 476 465 379 316 332 357 87 
403 209 79 418 377 173 59 242 267 10 
63 232 136 424 119 322 131 199 211 50 
336 49 428 432 238 483 174 129 343 363 
202 341 166 349 323 394 499 45 171 271 
226 491 133 148 313 13 112 91 436 228 
153 161 406 35 239 454 494 315 480 416 
280 351 236 354 455 407 288 184 100 205 
102 42 274 158 147 247 309 72 198 392 
269 18 281 387 191 330 159 484 15 260 
21 276 126 85 273 466 437 235 264 33 
308 20 237 481 339 324 495 293 398 223 
358 464 138 411 82 52 70 113 75 118 
393 298 165 399 143 270 328 478 193 388 
360 200 472 382 374 122 106 96 206 286 
369 224 383 62 477 493 254 40 305 105 
244 30 157 385 371 282 212 69 277 348 
320 74 381 497 500 107 296 58 230 287 
94 479 329 182 356 490 39 54 346 25 
299 181 252 36 333 195 469 362 90 150 
68 334 128 203 155 279 350 370 256 1 
441 253 229 214 447 263 124 321 22 376 
219 433 337 430 240 318 73 145 168 51 
162 306 221 419 291 314 302 367 60 104 
310 417 412 492 364 134 453 227 443 167 
326 190 489 115 422 169 319 27 423 176 
6 101 444 462 378 117 160 127 196 154 
395 
