1001
0 451 247 361 575 338 371 165 645 277 
633 732 722 525 754 446 609 828 550 178 
332 331 487 62 632 377 437 624 180 61 
280 539 170 607 730 202 375 329 758 234 
991 278 962 348 736 595 981 919 880 559 
647 4 838 640 407 497 865 578 483 28 
148 275 420 305 172 527 638 397 293 756 
885 612 669 3 620 370 664 765 378 941 
409 610 879 494 952 133 384 187 455 652 
950 32 264 733 999 585 235 24 221 558 
433 308 174 590 289 808 430 757 648 244 
646 283 457 499 990 913 156 583 447 325 
994 474 179 429 937 70 663 269 613 788 
557 310 729 530 606 908 491 466 727 276 
656 687 786 707 413 636 696 507 824 535 
603 476 490 349 564 444 676 514 921 261 
140 482 102 30 601 121 677 912 493 185 
829 582 552 34 735 207 78 777 372 531 
851 802 9 752 284 747 158 346 84 968 
106 817 492 549 147 665 533 834 553 745 
143 584 799 220 760 804 927 379 109 654 
422 792 691 837 576 120 561 506 915 563 
208 875 629 517 391 152 673 662 341 73 
992 798 351 163 23 963 225 425 770 484 
36 192 884 176 895 96 524 162 810 972 
376 211 744 434 333 334 237 154 860 920 
231 819 7 250 695 317 626 598 719 352 
105 721 337 783 193 117 11 460 13 209 
489 359 195 309 383 355 521 608 763 471 
631 239 587 800 947 315 49 224 339 296 
366 255 738 737 510 864 340 781 878 586 
266 547 139 442 826 196 212 782 183 790 
905 975 149 774 115 129 424 232 934 965 
902 94 136 504 419 897 637 330 773 298 
412 126 822 320 755 318 400 336 532 441 
846 746 124 259 764 940 408 387 153 313 
700 644 787 360 861 150 761 791 866 243 
46 993 660 956 37 568 570 618 567 589 
750 573 401 540 911 929 976 52 943 389 
844 500 495 423 881 679 282 936 986 219 
454 177 522 368 659 815 411 245 432 821 
683 169 811 458 227 256 710 95 814 843 
720 428 661 357 716 954 131 35 784 562 
194 839 983 385 39 873 944 597 29 869 
685 503 135 890 392 182 689 924 511 512 
229 395 713 233 545 805 123 217 60 416 
218 99 906 381 537 404 600 486 206 498 
771 932 92 651 684 246 596 622 957 107 
743 946 228 630 739 461 54 56 8 160 
847 478 767 410 204 86 708 893 914 249 
519 159 823 57 657 101 323 300 398 555 
789 93 856 134 985 223 463 253 297 766 
887 591 90 88 462 26 891 933 50 449 
418 639 970 928 128 319 77 468 899 63 
290 141 714 190 667 270 240 801 304 988 
65 67 254 751 122 536 560 617 778 6 
901 100 448 25 961 686 127 286 142 288 
628 840 344 709 335 938 588 964 528 543 
574 260 21 257 98 649 363 132 874 214 
818 403 303 942 602 83 265 529 704 876 
641 48 469 728 64 1 518 68 548 998 
542 415 118 501 780 402 577 959 678 19 
20 888 835 693 871 973 627 926 953 793 
414 213 650 701 316 513 827 855 930 621 
42 198 848 22 465 977 31 995 345 181 
909 350 671 166 74 845 481 347 813 836 
216 314 711 222 262 168 904 38 980 51 
354 71 431 137 210 417 130 892 653 327 
125 103 502 859 450 10 996 658 579 459 
285 625 715 79 706 328 889 164 33 862 
939 197 538 369 858 699 768 830 666 238 
59 186 712 842 324 867 807 681 394 75 
97 252 769 292 741 45 43 809 690 342 
27 155 668 759 453 546 951 698 215 200 
670 40 452 279 604 718 762 321 108 353 
367 226 526 619 472 477 291 509 281 916 
785 566 922 2 44 960 41 556 717 199 
386 189 694 205 872 984 16 287 17 779 
306 496 443 702 312 113 175 406 111 47 
775 373 241 520 116 14 485 982 898 623 
267 797 523 119 923 987 343 894 145 66 
171 831 655 248 682 251 903 294 742 948 
82 955 857 393 605 203 616 635 475 161 
151 974 421 863 918 322 72 273 849 958 
971 820 580 364 571 272 931 841 307 724 
439 967 479 91 978 440 480 85 565 705 
883 925 299 852 326 87 581 854 508 380 
5 53 426 594 456 191 723 144 832 473 
748 258 692 505 740 534 427 753 599 672 
516 825 615 907 833 794 806 362 544 236 
642 138 979 69 989 725 877 935 896 405 
945 488 796 688 593 734 365 173 104 18 
263 569 949 112 749 295 772 89 776 697 
188 1000 634 868 870 816 311 966 114 969 
242 76 554 268 382 470 58 803 674 157 
917 81 910 541 850 167 795 390 201 396 
435 882 464 467 146 12 680 731 445 15 
274 438 853 643 184 358 230 611 80 55 
399 812 592 302 515 436 997 726 271 572 
900 703 886 388 356 301 675 551 614 374 
110 
