501
0 85 218 405 336 195 278 359 164 333 
386 92 53 202 69 451 300 199 26 453 
223 411 408 207 137 214 3 323 196 488 
259 131 438 464 485 233 335 384 48 9 
495 340 46 371 484 382 477 385 11 430 
38 441 362 75 162 393 372 276 12 294 
487 58 211 247 266 455 471 406 68 350 
344 141 240 103 115 238 443 367 356 144 
36 268 95 185 281 368 496 248 129 436 
90 437 167 183 428 272 252 17 346 355 
160 361 175 136 181 489 201 493 21 140 
77 357 235 212 467 265 159 479 458 316 
72 310 298 111 242 50 32 190 93 187 
396 490 98 302 404 29 35 229 284 189 
420 429 42 116 348 67 197 2 286 246 
30 349 439 65 370 421 108 422 107 139 
147 407 222 104 41 301 179 4 275 279 
381 270 269 83 444 59 413 442 423 461 
156 128 121 375 88 383 332 327 389 152 
124 39 6 60 158 220 25 225 126 374 
110 130 358 127 290 433 191 44 341 5 
221 228 289 148 373 168 409 486 8 424 
118 99 213 146 497 366 22 288 236 37 
169 459 7 475 352 452 476 338 120 319 
262 324 457 473 425 216 86 43 96 392 
456 206 155 419 119 494 351 14 326 280 
157 52 478 20 273 89 244 469 329 231 
293 376 243 170 230 91 15 143 145 304 
330 237 109 49 70 395 23 432 363 55 
334 33 10 194 81 154 1 470 76 219 
440 180 463 117 40 492 274 209 483 331 
174 173 122 468 113 295 198 62 71 354 
149 314 416 78 245 210 31 460 80 87 
427 417 296 142 19 410 325 391 188 94 
313 114 418 445 446 305 431 79 84 277 
320 353 161 339 328 414 282 57 401 18 
283 387 285 263 172 13 257 45 217 306 
435 239 292 397 74 184 215 465 208 454 
176 203 134 480 369 27 390 178 403 64 
343 399 102 205 256 312 380 28 56 307 
379 264 241 317 177 232 125 112 462 450 
63 200 498 47 182 66 267 163 224 253 
105 73 299 449 364 303 34 482 378 309 
271 360 193 345 133 365 377 171 474 255 
321 481 402 138 204 165 297 472 61 24 
426 388 51 153 412 101 166 466 308 100 
415 250 394 97 258 234 322 16 254 434 
54 342 448 491 315 150 260 249 226 186 
251 400 447 337 318 123 132 347 311 192 
291 227 261 499 82 135 106 398 287 151 
500 
