251
0 163 48 6 31 20 47 116 35 50 
86 57 226 239 4 46 236 74 224 99 
242 171 8 190 148 227 43 11 118 169 
174 66 133 237 149 33 233 202 82 179 
198 108 111 45 145 85 65 160 78 139 
220 100 61 121 27 172 69 52 124 117 
210 81 152 34 26 204 196 16 246 14 
180 156 88 208 60 53 177 49 157 247 
164 84 162 203 130 123 205 17 42 104 
235 44 89 125 58 67 173 114 36 70 
142 134 207 159 37 216 189 136 120 185 
122 29 5 206 10 96 80 221 218 23 
87 131 193 147 109 182 201 161 79 22 
155 51 15 9 215 13 191 232 150 243 
103 56 83 249 73 55 166 231 128 92 
183 39 248 91 32 186 72 222 64 219 
214 40 24 200 28 105 143 187 241 132 
137 212 75 3 181 25 141 112 194 225 
245 184 135 195 30 12 97 38 1 126 
178 95 234 98 21 93 151 250 176 197 
77 90 54 59 168 110 2 63 217 153 
154 213 240 165 228 158 106 94 68 102 
144 244 138 119 62 129 115 107 175 18 
146 188 223 199 41 192 167 229 19 127 
71 211 101 230 209 140 170 76 238 113 
7 
