251
0 238 75 197 21 125 130 200 225 55 
102 188 193 96 66 226 43 165 248 87 
107 32 170 132 211 192 19 232 24 239 
233 85 57 30 59 92 18 163 198 3 
51 94 220 34 50 166 65 49 237 179 
129 154 114 214 222 100 12 79 36 48 
243 155 28 88 101 213 31 240 40 199 
183 203 52 20 27 113 35 186 217 249 
152 109 69 157 39 231 126 178 177 14 
182 207 105 122 124 159 84 150 148 216 
196 58 131 138 127 172 60 89 219 241 
168 215 41 13 81 187 229 123 45 137 
67 169 145 236 5 26 185 111 103 206 
195 234 151 68 44 164 23 73 190 173 
56 104 16 209 204 161 245 228 160 17 
146 63 223 72 184 153 25 74 181 38 
76 175 149 70 2 142 235 134 95 91 
191 158 11 29 212 180 162 64 46 4 
47 42 99 242 133 106 120 10 86 156 
116 224 119 117 221 128 71 9 136 118 
90 82 210 22 98 141 174 230 171 143 
1 202 78 7 135 112 80 8 244 62 
147 108 250 15 83 218 208 176 115 246 
121 54 140 53 61 77 144 93 201 189 
247 227 6 110 33 37 139 205 97 194 
167 
