501
0 335 446 152 366 195 7 343 45 363 
194 53 330 39 189 154 197 158 183 422 
238 341 148 182 443 164 372 433 190 37 
97 160 241 113 216 149 80 467 243 178 
224 38 358 281 198 156 311 492 71 3 
67 145 8 437 380 50 239 248 427 373 
286 390 480 455 146 265 246 258 477 383 
47 367 188 131 88 323 54 217 211 101 
173 14 498 413 144 203 259 91 369 31 
24 123 456 44 135 43 264 150 222 207 
62 406 205 451 176 66 322 126 460 201 
384 59 263 500 338 140 472 215 408 86 
393 218 478 219 74 432 51 261 296 473 
301 33 213 278 280 268 229 41 214 271 
287 276 299 283 310 249 421 360 495 453 
462 129 186 252 273 226 179 191 225 20 
117 315 333 42 121 314 136 84 82 452 
418 244 377 410 251 143 329 177 118 398 
300 449 445 10 254 26 298 370 404 87 
402 457 388 362 494 2 292 274 100 267 
304 166 227 497 141 294 11 419 317 339 
114 431 493 220 403 236 442 168 324 15 
95 245 17 235 319 313 30 381 349 116 
382 282 396 98 435 57 13 93 479 104 
55 441 16 275 92 305 172 475 72 337 
212 266 464 21 391 32 399 423 23 297 
290 400 132 288 175 463 128 65 428 365 
73 78 228 447 468 458 231 155 102 257 
202 459 364 161 262 355 389 187 81 346 
170 256 60 448 285 316 184 407 491 450 
4 107 356 336 440 471 483 439 76 353 
230 499 308 279 234 378 309 192 461 108 
306 379 109 58 331 303 340 320 237 361 
221 488 112 68 465 376 444 25 83 247 
94 153 40 321 424 405 350 125 64 392 
359 476 438 29 48 208 489 18 484 139 
134 485 496 409 77 110 487 334 270 240 
347 260 96 165 395 374 293 151 169 122 
434 61 124 28 307 27 70 416 417 5 
119 368 414 69 411 332 138 105 180 469 
490 46 272 302 193 429 206 99 318 269 
289 196 291 181 163 199 295 90 255 430 
127 133 137 142 253 79 385 326 19 233 
375 9 426 386 89 344 36 436 12 223 
351 209 415 454 147 425 103 284 348 486 
394 397 210 200 412 52 357 130 1 342 
6 56 35 75 250 470 352 157 481 85 
277 120 63 159 345 162 106 354 401 174 
111 34 387 204 420 371 482 232 49 466 
325 312 327 328 115 474 185 171 242 22 
167 
