501
0 178 229 343 424 4 90 305 333 392 
206 325 168 202 454 91 61 21 62 141 
496 182 441 209 428 285 443 276 121 423 
351 47 131 58 283 111 118 155 490 184 
213 7 391 119 354 12 290 218 233 68 
413 323 394 100 129 256 452 481 361 271 
445 126 282 88 34 451 153 146 69 431 
67 356 217 78 71 92 491 495 313 432 
15 239 250 40 16 399 286 188 85 148 
430 393 262 484 274 499 55 335 80 70 
449 39 483 95 287 455 324 147 221 269 
238 315 72 388 347 8 151 418 284 419 
228 257 27 107 76 264 199 375 116 97 
222 74 37 261 416 132 400 137 210 308 
120 406 478 346 407 477 311 446 216 191 
214 280 376 133 464 309 215 254 384 17 
312 381 63 38 179 143 200 245 204 480 
207 33 318 404 253 485 174 482 292 488 
36 476 387 113 24 453 112 49 142 157 
350 152 348 294 186 220 414 486 397 83 
409 25 124 82 467 203 144 198 458 338 
368 412 244 23 470 331 93 440 54 401 
353 344 422 468 135 327 367 297 189 272 
358 302 321 494 473 41 259 301 10 99 
389 345 457 436 410 334 149 378 193 332 
355 417 31 380 442 234 32 275 136 296 
177 165 255 461 128 425 377 169 460 320 
240 56 266 163 52 102 429 35 357 89 
249 463 306 127 450 105 278 438 352 498 
117 110 197 30 226 13 190 339 208 231 
479 300 101 243 260 65 50 22 196 281 
456 364 434 14 382 246 167 94 415 192 
53 98 205 427 474 195 433 288 402 159 
9 403 223 5 225 303 77 81 277 337 
29 79 28 227 268 242 273 307 439 374 
466 459 84 267 330 75 411 172 349 130 
230 465 187 270 317 310 160 340 236 87 
395 314 390 448 405 60 185 73 125 291 
462 219 3 150 341 248 18 366 263 156 
211 173 293 212 365 42 26 44 304 342 
123 398 329 46 115 370 140 385 371 298 
235 289 43 279 114 161 183 224 363 369 
265 138 175 241 232 139 103 295 2 386 
106 57 493 122 487 6 20 166 472 170 
469 373 108 251 154 421 437 11 180 362 
435 360 66 408 475 319 396 162 426 59 
164 383 471 420 86 247 64 444 237 194 
500 252 258 1 497 336 51 316 45 158 
359 326 328 109 492 181 447 96 379 489 
19 372 176 145 134 201 104 322 48 299 
171 
