251
0 79 137 82 85 129 39 29 163 182 
185 211 147 36 232 192 107 235 83 13 
115 197 158 24 76 207 70 200 154 59 
118 94 28 174 73 32 233 42 245 201 
171 165 188 120 234 77 72 119 224 206 
166 33 91 173 71 247 35 100 60 125 
97 223 226 111 146 121 160 17 12 27 
148 55 219 74 157 169 136 225 124 34 
109 155 105 205 195 221 103 152 208 98 
22 4 31 102 168 172 180 15 123 229 
19 40 49 110 237 250 181 6 239 177 
242 159 244 186 217 194 220 68 204 9 
21 75 191 141 53 65 58 23 189 1 
238 95 89 149 41 135 122 140 116 11 
230 96 112 26 10 198 61 48 138 7 
209 56 183 92 218 126 142 57 153 113 
134 52 54 213 66 228 196 93 151 210 
25 167 50 175 127 161 178 162 222 69 
20 2 133 199 150 88 236 215 84 5 
43 179 104 131 8 3 14 130 37 193 
44 214 18 78 106 63 99 231 114 243 
203 128 67 164 62 176 80 144 240 64 
184 143 145 249 202 216 81 241 117 246 
108 139 227 248 46 51 101 87 212 156 
190 38 132 86 45 90 30 187 16 170 
47 
