251
0 210 24 58 243 110 38 88 74 22 
244 180 131 198 8 21 111 228 218 123 
102 176 170 43 155 142 168 162 117 46 
45 137 75 73 167 37 177 134 82 166 
161 85 135 11 236 59 16 106 70 229 
227 212 68 39 149 245 13 29 184 169 
136 115 144 179 55 242 175 48 81 109 
33 202 204 158 108 216 182 139 56 44 
160 201 211 174 246 64 100 116 79 140 
189 60 83 213 113 6 240 121 49 186 
208 239 200 226 181 224 146 28 34 15 
197 156 96 31 20 52 214 89 151 112 
4 223 138 105 63 12 107 80 129 78 
191 27 103 207 86 132 195 221 35 163 
9 90 104 118 122 97 47 125 147 101 
172 215 2 237 178 7 188 57 203 183 
159 141 205 25 194 234 154 32 152 23 
171 247 241 209 41 114 193 54 3 143 
220 165 71 124 36 26 128 157 199 61 
93 153 148 19 192 67 65 233 18 53 
217 99 1 222 62 87 17 76 50 14 
187 249 130 77 126 250 91 196 145 173 
72 164 10 150 51 94 235 40 219 185 
84 248 119 30 5 95 127 206 232 230 
190 231 69 66 42 92 225 120 238 98 
133 
