251
0 120 102 91 7 242 166 83 220 23 
236 219 174 180 72 8 66 89 202 183 
18 48 61 45 68 167 50 154 175 211 
156 136 241 201 107 173 233 182 200 164 
145 20 171 144 245 17 207 159 96 172 
230 133 192 158 79 92 126 37 228 189 
25 137 21 121 239 42 146 47 130 86 
163 188 80 73 82 177 181 56 235 26 
246 115 43 34 14 2 32 35 94 214 
95 150 41 69 98 124 224 81 161 148 
176 39 88 142 84 209 36 97 169 186 
58 27 135 113 149 227 11 44 185 141 
162 31 101 87 64 243 9 1 128 5 
212 210 59 127 65 147 198 134 238 76 
232 63 153 216 231 203 191 49 187 99 
93 28 116 70 206 74 250 208 225 105 
29 218 108 16 100 13 60 157 30 67 
237 179 217 196 184 109 170 223 78 195 
131 248 51 77 244 46 190 103 114 62 
118 249 229 222 143 90 54 197 3 247 
106 221 215 168 52 204 205 138 112 151 
122 226 55 193 132 129 119 110 165 33 
10 117 6 85 57 213 111 12 199 125 
104 234 140 15 155 24 123 53 152 139 
40 38 160 75 240 194 19 4 71 22 
178 
