1001
0 240 946 196 586 923 767 775 660 341 
54 264 411 699 664 494 880 197 758 658 
558 470 915 799 771 634 639 928 837 487 
836 969 622 238 205 956 689 512 657 779 
201 1000 790 547 310 705 365 963 993 306 
539 734 408 154 27 966 709 945 567 347 
624 348 116 554 225 619 761 162 569 579 
486 824 204 931 750 409 523 57 789 451 
492 652 843 930 369 753 218 925 691 442 
153 495 390 259 358 815 203 103 729 527 
745 198 878 339 104 243 681 121 712 465 
498 394 101 781 621 534 927 392 425 148 
684 464 16 31 163 413 11 853 319 650 
41 386 398 110 67 807 385 118 90 510 
970 86 254 389 445 620 812 376 73 241 
819 662 683 918 901 725 176 156 746 396 
695 557 924 13 872 282 63 738 491 692 
637 262 879 159 577 941 926 37 356 99 
124 210 889 43 66 53 257 517 349 231 
112 749 722 976 992 414 952 172 921 511 
950 316 499 26 152 324 633 367 687 436 
344 285 625 455 49 151 193 315 545 438 
959 936 114 840 180 544 105 540 113 35 
939 920 417 685 516 420 665 419 752 581 
804 235 715 88 829 906 618 168 536 177 
866 81 440 80 788 269 40 575 147 96 
532 865 953 673 260 922 703 533 402 350 
299 458 838 935 509 811 694 822 328 616 
441 488 597 999 8 502 548 334 109 194 
861 574 979 897 874 406 635 93 759 195 
743 379 951 102 56 317 631 816 28 862 
253 117 423 605 719 482 731 135 5 551 
869 555 960 190 320 777 84 919 178 800 
72 785 934 217 680 962 505 971 711 401 
668 459 144 307 571 60 600 720 704 845 
606 756 456 913 125 91 820 362 363 868 
272 848 723 360 808 399 733 730 472 937 
801 69 666 268 471 670 582 893 298 405 
965 1 430 890 303 535 275 337 312 646 
277 209 857 825 813 175 674 184 95 762 
508 292 585 18 640 698 883 560 751 985 
461 933 697 12 614 387 157 814 641 998 
909 181 973 541 97 265 520 463 311 274 
120 270 648 278 671 359 661 167 79 910 
833 708 286 938 133 584 988 33 968 174 
107 740 981 119 19 877 638 647 242 538 
309 849 948 134 155 412 856 864 916 598 
122 656 611 583 559 974 949 111 858 714 
957 132 335 783 74 418 17 404 603 632 
629 221 596 237 932 357 85 907 416 826 
68 45 75 42 983 313 524 443 76 702 
791 798 727 888 29 504 467 295 21 735 
150 460 435 489 958 835 446 827 267 760 
108 36 568 929 383 628 892 477 444 22 
707 410 591 213 852 236 46 380 61 239 
564 388 261 989 400 794 215 515 736 55 
644 355 318 940 437 728 429 490 293 887 
372 780 914 917 297 149 232 143 34 223 
280 332 718 782 77 630 38 653 141 873 
453 593 806 165 115 690 732 454 854 51 
384 230 229 701 566 594 724 595 763 228 
183 371 468 353 314 610 604 62 422 818 
978 82 395 659 325 795 997 500 327 189 
92 990 220 747 219 300 754 613 688 393 
126 506 187 191 4 322 130 2 503 672 
169 251 905 182 131 291 830 589 305 432 
20 145 875 48 964 271 623 590 89 525 
428 834 364 304 802 273 480 867 249 855 
426 366 370 793 770 700 572 493 457 778 
982 561 805 331 258 250 415 279 841 669 
354 173 881 996 447 831 739 248 847 296 
768 828 994 407 851 617 450 902 234 784 
233 288 693 980 10 972 766 188 226 776 
947 431 308 655 556 14 39 954 216 290 
224 123 903 552 765 323 142 192 588 501 
895 682 562 645 876 321 3 281 302 421 
967 721 529 748 737 44 797 570 859 462 
378 986 757 23 70 842 846 202 599 375 
30 792 345 786 129 58 397 546 601 898 
580 244 643 710 256 391 987 542 549 200 
161 199 128 755 744 839 136 642 186 478 
977 507 602 207 741 351 803 955 742 424 
283 773 518 496 140 884 448 473 900 531 
553 78 891 612 301 521 908 9 377 284 
212 984 336 677 810 263 211 433 403 255 
774 663 787 817 87 995 764 381 32 7 
717 563 294 374 912 651 47 592 481 649 
485 266 894 991 975 578 139 726 716 434 
475 626 550 214 636 713 170 896 206 882 
368 146 449 769 94 576 329 886 179 138 
871 6 519 686 59 330 844 245 514 252 
678 289 944 497 246 50 64 469 676 15 
326 127 654 474 821 382 608 899 342 530 
696 466 166 675 71 52 208 526 885 483 
476 943 452 706 961 850 615 247 573 24 
772 427 98 942 227 537 222 171 528 823 
100 587 479 352 373 679 338 158 627 565 
137 340 911 667 809 160 343 543 832 276 
287 361 346 484 106 863 65 25 333 609 
513 164 860 607 83 439 185 796 904 522 
870 
