161
0 19 79 94 9 52 48 16 23 86 
149 159 63 74 15 107 22 11 124 91 
120 93 14 148 29 127 27 24 135 49 
78 17 84 85 158 144 109 36 95 76 
100 88 110 32 81 82 140 54 87 10 
134 64 154 104 7 20 106 129 1 96 
150 12 125 37 132 41 4 77 50 155 
38 99 61 46 152 92 131 137 118 83 
119 51 62 39 13 123 28 70 126 108 
103 18 142 112 89 69 160 138 30 136 
115 153 90 101 117 44 72 75 40 33 
139 26 5 114 35 60 80 59 97 128 
53 56 8 67 2 143 34 122 65 102 
6 66 121 116 25 141 113 21 156 3 
57 43 130 151 47 45 42 133 111 55 
157 58 68 71 147 145 105 98 146 73 
31 
