321
0 248 297 179 20 181 95 74 260 93 
249 283 157 33 305 235 263 286 175 110 
85 120 278 231 122 55 49 144 4 109 
295 293 140 27 267 189 292 146 135 212 
58 242 106 12 210 45 14 196 31 195 
25 314 29 279 15 132 296 182 310 264 
100 188 257 213 35 97 43 187 126 34 
130 288 165 226 178 71 197 81 158 272 
148 123 89 111 2 115 77 216 64 303 
205 168 88 37 185 39 207 17 155 318 
96 118 44 107 1 73 285 290 67 237 
240 104 24 137 53 300 230 236 156 218 
171 99 28 138 9 211 238 154 54 70 
36 98 160 128 61 233 273 5 299 159 
117 51 174 176 194 225 142 251 57 274 
131 206 319 255 94 56 153 215 180 291 
26 119 186 125 202 289 46 8 47 243 
75 84 193 258 114 170 127 209 22 222 
276 313 48 83 229 72 294 80 60 41 
101 254 259 136 121 164 116 191 167 177 
139 281 66 69 280 315 19 134 150 10 
91 183 90 309 208 304 252 16 312 253 
224 161 65 102 112 82 32 38 87 13 
256 221 228 223 317 141 7 172 219 59 
200 78 245 301 311 92 302 284 190 265 
52 320 40 198 214 203 234 11 68 261 
79 133 282 262 166 306 42 3 143 232 
241 149 268 269 277 23 18 105 76 184 
192 275 227 250 145 108 103 271 162 199 
239 6 86 113 173 220 298 62 147 247 
151 244 204 246 152 266 129 316 308 169 
30 50 124 21 63 270 201 217 307 287 
163 
