501
0 319 36 101 180 85 64 30 151 350 
330 356 25 131 403 153 484 460 124 70 
146 193 300 248 130 142 373 415 442 305 
217 28 474 76 22 322 61 178 375 464 
494 27 280 299 284 453 123 337 345 249 
189 311 367 485 439 109 159 467 441 343 
224 498 437 245 308 393 242 261 173 206 
57 336 470 478 113 9 351 107 432 500 
32 394 209 10 202 267 431 18 488 63 
69 435 127 182 332 114 355 5 160 35 
388 21 79 89 147 497 52 450 78 236 
334 457 382 213 246 65 489 303 115 346 
68 207 370 175 81 257 338 166 418 405 
364 459 122 295 188 214 266 331 226 38 
469 90 238 454 378 230 167 401 462 51 
155 99 195 327 205 436 191 251 31 150 
235 406 429 223 208 184 45 17 342 281 
423 310 315 80 199 244 119 252 1 105 
24 304 126 444 288 104 428 183 128 314 
41 149 363 216 163 412 141 422 379 164 
290 410 321 192 154 269 204 282 15 371 
93 181 446 42 49 243 482 55 473 372 
148 472 227 152 496 139 48 34 169 144 
215 362 95 185 289 196 14 125 402 400 
408 132 231 390 486 145 71 361 174 426 
187 220 203 20 54 165 325 413 341 239 
335 263 138 354 449 157 386 229 358 88 
75 344 271 461 186 50 414 247 347 33 
118 44 283 136 495 237 395 117 479 274 
445 111 377 11 465 365 260 112 424 228 
318 74 241 294 391 427 434 97 440 40 
306 339 94 313 287 357 466 324 480 140 
264 301 481 137 201 16 4 291 374 120 
297 277 133 172 298 360 326 86 194 12 
273 320 73 212 240 272 250 234 46 255 
253 134 293 56 177 58 156 433 419 499 
490 487 369 233 106 100 7 91 443 359 
411 210 384 352 29 225 200 421 276 468 
463 420 268 471 309 84 317 279 96 43 
62 312 222 121 270 72 376 447 307 477 
397 323 392 135 161 492 265 409 8 83 
349 292 302 451 218 285 407 256 102 103 
430 168 381 262 190 387 197 491 396 158 
23 3 417 211 333 77 162 92 37 170 
60 425 19 476 87 380 383 316 340 353 
221 2 458 143 129 39 219 296 110 26 
328 483 176 67 404 82 438 259 493 452 
348 286 116 47 416 329 198 59 475 278 
258 171 398 389 108 98 456 53 254 368 
179 232 448 6 455 13 366 399 385 275 
66 
