251
0 102 58 93 19 48 37 81 49 113 
234 191 212 22 142 173 205 31 59 120 
176 44 112 179 148 218 107 53 138 99 
238 192 158 187 140 114 84 1 24 68 
196 236 125 79 131 162 171 161 219 180 
13 4 149 75 247 223 155 41 6 202 
193 21 185 216 243 122 7 209 215 104 
119 66 178 116 154 76 50 51 94 230 
72 64 195 100 43 130 87 151 207 132 
30 135 232 9 163 36 136 45 224 170 
221 200 246 15 204 16 197 146 86 160 
80 141 35 244 74 55 181 110 249 90 
89 8 105 239 26 174 121 159 108 233 
137 134 63 38 11 237 166 3 123 52 
145 95 177 67 153 147 150 40 92 228 
10 199 20 27 186 175 39 115 169 83 
217 189 69 17 168 70 250 42 198 60 
88 129 73 144 117 103 225 98 227 164 
184 226 96 208 128 91 214 23 190 201 
28 46 152 29 127 82 5 61 33 25 
213 78 18 124 143 203 54 101 32 242 
220 106 222 248 85 183 133 65 56 139 
126 211 229 210 165 47 188 235 14 118 
62 245 157 97 156 12 111 77 167 182 
231 34 241 172 71 57 206 2 240 194 
109 
