251
0 145 230 7 50 222 36 83 69 117 
190 169 97 136 106 243 73 104 137 171 
207 114 216 42 3 158 214 21 213 231 
198 123 108 226 217 87 139 88 157 195 
100 193 210 241 250 149 180 191 1 182 
246 63 206 6 183 215 15 112 152 78 
38 148 90 236 162 17 179 127 12 161 
80 93 19 144 99 151 154 196 134 84 
133 167 5 194 47 223 232 70 34 220 
30 249 14 103 235 35 118 192 56 244 
237 53 82 61 72 43 186 16 130 77 
201 221 203 95 109 129 28 163 146 247 
74 238 54 135 128 11 26 164 96 131 
101 44 39 31 189 20 120 110 116 66 
64 234 102 25 67 188 48 166 176 142 
197 65 170 91 119 51 219 71 55 155 
173 32 165 68 175 111 59 126 13 105 
52 89 58 143 200 174 81 141 229 245 
18 122 9 160 46 124 208 113 159 156 
140 184 138 22 225 37 45 62 227 177 
178 24 187 76 228 212 60 147 209 40 
240 121 185 181 115 86 205 172 2 92 
57 199 98 242 153 29 248 202 8 125 
94 204 85 224 33 23 211 218 233 168 
79 107 27 239 132 10 75 4 49 41 
150 
