1001
0 568 904 55 560 717 385 941 470 84 
317 246 708 508 794 130 775 623 637 125 
318 928 632 440 664 305 259 749 645 431 
638 972 290 816 592 744 882 942 723 811 
131 710 650 626 576 854 451 250 309 662 
393 855 646 382 925 476 606 79 901 885 
689 780 218 71 57 364 173 501 97 85 
115 433 478 151 546 866 553 128 550 894 
388 416 276 419 899 932 707 505 902 162 
178 996 933 621 363 277 771 570 682 423 
856 757 204 628 852 642 959 774 758 676 
417 153 35 728 369 548 456 359 584 725 
970 923 884 73 120 660 785 398 503 453 
6 945 198 30 139 818 69 947 461 804 
466 629 4 562 194 652 48 378 603 802 
640 828 200 779 280 495 396 889 602 567 
651 446 706 268 679 293 367 630 952 648 
512 105 913 755 23 384 22 272 675 334 
434 754 144 877 683 565 622 668 803 279 
883 772 474 46 465 164 967 859 340 809 
281 736 391 224 386 13 291 921 324 156 
635 798 743 116 21 32 973 184 713 526 
497 227 829 641 428 328 677 936 44 860 
817 788 482 468 518 836 349 43 283 582 
496 522 389 127 535 215 37 938 724 155 
997 168 737 432 265 742 201 320 64 914 
372 175 571 322 644 911 287 845 176 826 
876 146 976 895 294 851 471 731 74 47 
799 3 302 9 463 60 373 249 686 310 
796 995 195 515 896 67 238 761 408 893 
242 493 270 931 126 681 906 951 880 321 
634 504 815 399 62 769 430 394 132 847 
255 960 110 538 414 595 805 49 418 807 
764 147 90 262 133 134 426 961 344 395 
992 916 541 566 633 873 53 789 332 949 
957 527 665 574 247 10 166 514 858 874 
701 554 145 345 352 753 254 458 909 966 
206 607 189 483 124 89 402 213 569 7 
365 750 692 905 539 590 823 494 688 907 
523 900 718 337 165 978 838 304 80 50 
934 685 152 439 261 92 123 59 937 140 
15 108 711 150 347 705 971 696 898 1000 
950 390 716 16 282 963 556 87 161 853 
841 964 205 401 808 81 820 577 988 770 
368 159 486 269 734 989 968 142 618 669 
594 24 579 381 509 625 700 263 339 777 
301 506 56 27 738 827 298 586 76 832 
850 404 121 226 99 11 406 65 442 141 
82 17 327 377 477 371 286 275 488 843 
330 149 68 599 28 170 420 871 739 435 
78 329 557 530 975 25 75 658 897 656 
346 564 117 643 747 107 177 694 392 552 
573 872 806 695 795 119 424 612 980 585 
86 343 325 199 722 457 800 940 45 745 
182 353 887 314 986 299 109 211 766 273 
443 842 704 678 611 516 825 670 122 929 
225 684 370 998 581 733 990 455 316 620 
760 639 397 888 473 691 209 233 631 520 
962 752 222 253 171 12 479 61 604 721 
88 379 730 673 421 624 693 38 180 312 
596 485 228 66 994 459 627 617 284 335 
40 751 846 540 243 190 241 657 865 524 
944 191 490 383 257 232 256 231 878 782 
598 183 575 112 174 839 454 786 31 186 
697 814 943 323 295 19 525 357 918 784 
555 810 441 341 956 63 857 969 400 759 
563 185 529 864 93 491 289 545 948 767 
319 890 52 953 292 113 954 533 192 311 
910 741 762 212 481 315 285 793 160 702 
654 597 405 26 655 480 354 801 835 197 
267 39 903 729 746 834 544 96 812 91 
991 984 278 587 781 559 135 531 915 136 
507 338 537 58 271 366 308 532 869 615 
999 510 464 449 993 452 138 848 659 411 
763 819 111 674 920 422 726 886 415 610 
519 687 513 709 783 492 543 336 787 613 
77 593 881 778 103 407 667 104 412 484 
83 498 148 712 768 601 219 614 919 326 
977 216 297 671 661 981 561 680 987 908 
34 790 500 460 348 536 450 979 867 307 
425 221 36 114 837 355 935 982 703 891 
187 220 413 167 137 605 863 95 833 946 
619 831 18 158 374 558 331 666 791 517 
740 33 974 163 917 342 351 169 237 499 
252 699 467 649 583 203 248 912 748 181 
511 188 207 663 549 306 475 118 672 333 
129 636 234 765 892 358 193 230 797 106 
600 208 922 727 143 983 714 756 29 444 
958 376 217 20 591 429 822 360 542 879 
578 861 437 14 875 51 735 849 239 924 
653 245 502 773 214 840 528 70 258 410 
870 210 2 361 157 719 350 813 223 100 
356 487 462 260 380 448 965 926 955 54 
244 824 862 776 427 609 5 589 985 930 
489 264 296 303 469 300 240 844 251 102 
387 715 313 362 229 409 42 436 445 580 
732 438 698 202 720 196 547 939 154 1 
288 868 94 927 572 172 588 821 101 616 
647 472 521 235 690 551 98 179 266 236 
8 72 447 403 792 830 41 274 608 534 
375 
