501
0 11 8 308 449 491 399 345 151 161 
364 178 487 152 326 207 174 323 456 202 
14 362 439 310 271 451 197 334 267 13 
282 74 99 477 371 9 372 284 200 380 
467 104 55 471 246 160 28 81 479 251 
67 293 263 124 181 291 146 87 448 260 
256 443 338 153 237 168 262 234 257 287 
25 45 116 303 288 398 198 278 194 302 
185 157 329 442 325 304 410 418 69 404 
39 332 493 225 377 5 3 474 328 100 
57 481 425 49 35 236 126 159 437 360 
244 346 258 10 500 252 227 228 409 426 
75 431 147 370 272 460 375 16 440 463 
453 156 379 422 186 438 130 347 424 6 
141 102 455 414 428 240 406 285 41 245 
432 107 405 158 212 84 43 60 355 85 
391 478 138 155 450 1 277 50 333 306 
461 190 22 465 98 20 239 56 163 94 
489 238 300 468 470 420 330 445 4 361 
77 192 206 120 134 108 219 369 112 209 
184 469 464 164 143 137 37 490 499 248 
40 78 366 433 62 294 93 7 243 80 
125 408 367 211 348 36 188 378 275 189 
390 435 295 458 210 320 121 148 429 324 
353 166 169 101 122 177 180 54 270 216 
96 374 33 199 95 136 195 356 59 309 
331 322 253 298 132 397 254 114 415 217 
427 421 283 162 76 344 401 400 38 335 
213 51 15 21 172 247 354 317 66 201 
175 339 484 24 232 86 139 441 259 208 
452 2 462 142 301 27 167 350 255 215 
396 389 109 299 413 71 343 97 72 89 
79 88 402 83 381 90 91 403 26 498 
106 419 342 383 204 492 242 150 48 113 
70 135 123 64 290 140 387 171 457 12 
307 149 266 454 444 436 365 407 486 276 
203 154 58 92 128 495 382 376 187 368 
447 82 165 385 231 127 480 476 459 357 
46 224 17 221 296 483 314 220 313 388 
103 273 384 268 494 196 305 292 65 279 
23 61 363 131 319 434 281 340 249 214 
488 183 44 349 250 193 318 286 230 315 
352 144 176 63 73 297 269 241 31 170 
173 110 29 30 337 226 264 351 117 466 
19 111 496 358 115 311 336 32 430 485 
289 417 129 223 386 205 392 280 412 265 
233 359 446 312 229 42 68 393 222 411 
482 473 52 497 341 47 53 105 133 18 
327 475 182 472 394 179 423 373 119 118 
191 316 416 235 274 145 34 395 218 261 
321 
