501
0 196 311 433 119 139 485 382 34 470 
19 273 14 334 31 244 115 124 252 264 
218 307 337 327 78 458 396 84 306 376 
77 344 20 297 146 420 319 444 9 298 
99 421 86 155 172 107 149 315 240 229 
144 471 167 197 418 82 464 302 246 454 
190 154 455 325 460 26 55 441 348 442 
153 268 346 357 134 476 106 281 205 429 
370 103 411 74 108 142 189 387 428 350 
309 206 475 254 91 452 168 157 303 412 
368 269 255 11 496 404 21 225 83 352 
467 321 173 457 354 226 483 24 141 388 
465 23 200 104 98 358 212 57 437 210 
117 482 50 213 44 171 100 434 85 274 
88 158 79 211 43 395 335 493 5 323 
182 447 339 392 41 222 245 38 330 195 
67 403 270 165 59 341 312 231 272 8 
400 135 389 253 278 292 261 300 393 449 
63 494 259 366 156 32 333 114 125 422 
338 367 248 377 477 22 430 162 132 201 
481 439 409 122 440 10 432 407 294 369 
140 291 145 277 342 102 216 159 227 151 
478 448 360 68 143 317 425 116 194 192 
314 90 51 500 258 37 363 203 128 69 
235 397 110 150 310 138 374 112 249 242 
456 47 61 427 283 394 413 417 296 469 
4 60 490 480 184 410 17 62 405 414 
65 64 120 379 280 97 28 174 243 349 
461 381 187 121 373 426 96 40 15 492 
236 25 188 365 276 304 415 375 329 453 
16 450 468 332 46 263 221 30 466 58 
340 127 473 214 487 2 177 223 217 474 
299 399 95 491 101 416 75 451 436 204 
237 66 76 13 199 423 193 87 385 343 
179 287 202 80 288 123 484 260 178 486 
56 378 109 230 347 390 36 328 71 364 
220 33 265 3 289 52 284 279 446 384 
12 324 185 431 176 438 191 147 371 345 
186 48 232 233 92 359 81 224 209 498 
372 282 386 435 293 256 406 181 131 313 
105 424 326 164 305 89 42 148 262 118 
234 18 163 419 356 267 169 362 247 70 
361 111 183 408 113 94 198 336 170 489 
133 443 353 136 72 238 402 250 39 6 
497 495 285 462 391 208 401 73 463 45 
228 479 7 383 322 266 1 129 488 35 
351 275 316 331 257 180 207 290 160 161 
166 130 215 499 271 398 137 301 472 126 
239 219 320 241 295 445 152 175 251 355 
27 308 286 318 49 93 29 53 459 380 
54 
