501
0 340 291 46 417 336 139 88 389 400 
422 425 439 243 383 35 276 380 10 60 
350 371 193 242 283 246 43 419 338 27 
347 329 190 481 469 479 346 15 376 324 
64 392 279 498 61 128 13 106 110 284 
249 83 184 280 394 272 161 2 20 349 
308 112 282 309 157 137 8 127 152 427 
162 267 387 356 314 5 385 449 113 301 
52 411 463 450 430 239 108 367 402 236 
147 181 149 478 91 31 252 103 58 428 
496 40 321 55 240 395 96 134 174 374 
121 78 173 407 365 229 220 34 413 129 
172 462 454 306 224 85 115 484 182 107 
257 472 362 211 325 170 390 404 230 453 
305 348 341 406 11 357 489 30 72 160 
203 410 89 375 418 285 206 250 468 36 
25 217 248 225 144 141 45 351 192 378 
277 135 485 12 381 409 460 49 63 208 
120 4 437 455 491 436 382 26 189 57 
98 296 117 307 70 420 81 123 414 456 
24 82 143 287 33 300 50 452 342 235 
415 14 233 323 54 412 440 253 198 281 
379 154 145 16 290 178 163 274 435 142 
416 386 187 41 366 177 492 259 79 100 
286 260 500 423 444 442 74 298 261 210 
271 227 464 59 68 363 226 326 180 93 
23 77 125 95 218 445 265 176 76 268 
275 133 465 238 304 263 461 148 222 130 
194 470 102 273 278 432 331 315 216 53 
320 493 499 168 92 310 262 80 488 140 
1 223 105 339 476 191 311 32 467 482 
87 403 122 264 458 344 65 446 150 131 
126 495 207 451 244 118 67 401 183 38 
466 431 441 156 179 44 159 398 219 256 
433 212 289 295 84 171 457 391 343 294 
316 29 48 97 352 477 292 345 228 245 
368 251 169 9 335 494 116 111 200 232 
164 109 270 56 99 459 247 39 199 258 
6 185 384 71 434 266 66 197 155 151 
138 354 204 47 221 288 136 186 361 355 
438 195 51 201 318 94 297 254 146 73 
475 269 37 399 62 497 322 293 214 213 
474 408 486 75 358 21 175 234 429 22 
158 359 313 90 101 353 369 421 19 7 
483 18 327 372 370 490 319 302 487 167 
480 426 332 328 114 397 312 17 303 132 
443 396 165 188 42 166 330 333 317 231 
124 69 209 202 3 205 119 237 360 388 
28 255 196 334 424 448 364 447 471 373 
393 215 377 337 86 153 299 405 241 473 
104 
