1001
0 526 518 965 437 613 6 5 891 905 
803 313 148 942 939 885 915 87 586 845 
675 578 643 53 715 167 782 170 753 381 
43 928 319 631 324 585 980 704 784 615 
420 906 344 616 639 54 681 388 777 821 
522 696 927 911 843 761 695 216 565 63 
74 912 954 765 983 135 256 416 102 168 
220 205 195 961 513 369 18 402 553 745 
289 69 755 535 280 315 192 109 459 833 
194 993 405 273 424 2 879 856 11 817 
122 14 222 62 431 599 720 875 612 779 
284 77 872 770 17 791 492 488 792 810 
482 790 173 627 212 39 895 478 59 181 
500 46 630 834 932 80 398 13 958 108 
191 804 554 292 897 651 967 589 267 598 
127 154 541 820 828 677 766 472 984 669 
35 232 839 584 656 724 347 678 981 383 
31 632 962 297 819 75 977 543 830 838 
629 813 343 37 356 878 365 155 33 23 
382 573 517 479 68 103 798 143 133 685 
700 759 512 132 395 371 295 229 622 667 
66 594 55 752 751 140 446 698 360 141 
884 532 323 442 841 332 302 762 734 547 
491 95 827 699 3 566 714 693 869 793 
473 252 952 754 153 440 401 166 806 849 
187 235 901 474 494 460 131 458 305 489 
560 706 949 665 561 125 312 968 950 808 
163 744 364 743 840 583 407 788 282 771 
596 266 157 570 335 24 426 799 237 22 
575 626 64 497 521 100 338 164 582 867 
886 546 48 620 848 697 423 453 732 914 
96 307 38 910 907 520 602 763 367 657 
8 171 150 764 387 271 862 98 767 860 
118 36 419 278 359 842 619 591 283 655 
159 412 964 972 177 404 368 496 399 435 
400 832 736 396 9 358 509 969 679 117 
294 146 768 262 702 373 264 467 374 887 
234 300 320 27 666 451 956 607 811 314 
370 250 468 924 772 989 379 226 92 574 
951 188 986 349 454 640 892 111 941 975 
971 225 519 209 238 870 366 587 121 898 
506 91 605 769 60 249 428 601 684 158 
41 691 418 28 357 425 899 139 219 317 
221 444 293 89 463 334 617 934 550 908 
272 658 471 652 480 787 829 384 719 945 
774 101 807 853 116 844 231 329 687 815 
56 136 592 756 661 81 85 740 713 325 
516 618 351 391 717 990 333 636 648 835 
723 680 894 348 781 646 511 919 501 462 
609 953 10 660 455 84 948 311 176 498 
866 258 464 653 241 854 224 169 859 705 
161 737 647 978 930 966 540 923 321 558 
450 79 563 269 105 251 988 203 378 572 
549 890 490 239 733 65 525 26 880 193 
722 728 15 44 354 328 403 201 515 199 
929 801 394 469 900 470 355 903 240 625 
985 138 377 537 871 694 97 253 918 114 
809 826 545 922 674 780 858 688 997 796 
837 281 946 247 414 73 429 265 690 877 
857 634 236 812 287 836 551 576 746 999 
309 362 25 970 742 301 421 973 99 342 
375 330 539 326 386 579 528 310 242 327 
215 580 439 119 529 259 571 227 556 477 
361 78 107 741 113 650 465 350 434 851 
438 979 255 913 233 130 397 795 178 372 
86 422 888 21 486 527 692 716 943 709 
495 456 673 727 994 306 288 530 296 275 
331 20 67 341 936 198 172 70 896 481 
987 881 120 230 628 213 104 797 707 595 
868 71 452 61 976 124 487 345 874 268 
597 514 202 76 339 708 184 352 57 610 
484 152 802 542 921 850 47 686 110 864 
758 635 244 904 935 818 955 58 217 814 
218 483 749 410 179 415 475 564 865 51 
786 712 683 32 336 180 1 299 773 90 
992 581 303 996 337 847 644 701 134 624 
588 433 508 947 974 156 725 19 243 449 
718 254 185 925 621 670 785 577 689 931 
800 731 590 448 846 380 638 757 93 204 
991 825 531 852 645 998 524 245 538 917 
544 162 555 633 147 505 128 593 4 747 
206 16 933 445 916 112 115 611 671 504 
144 902 270 151 123 182 760 285 729 730 
711 995 260 277 569 45 861 548 507 393 
94 523 604 600 183 160 228 668 559 882 
823 567 534 88 175 276 831 208 920 778 
189 427 363 83 432 257 149 406 499 430 
42 417 353 672 642 190 750 663 502 959 
735 304 263 318 703 165 664 710 291 322 
816 485 408 824 776 876 210 982 603 682 
246 40 748 411 789 944 960 623 883 654 
413 196 443 49 659 316 855 214 726 137 
390 889 7 608 409 389 436 649 557 863 
248 805 457 552 476 129 126 34 721 873 
392 346 50 893 286 466 503 174 1000 30 
274 963 614 29 106 82 940 52 308 662 
568 279 447 186 461 909 510 562 223 676 
298 533 441 926 493 606 376 794 385 72 
822 938 637 290 12 142 211 775 957 738 
145 207 536 261 739 783 340 937 197 200 
641 
