1001
0 984 291 759 1000 784 171 168 856 319 
652 315 981 813 290 799 971 415 87 492 
978 693 548 858 93 952 41 461 283 809 
876 738 397 100 572 811 955 285 148 187 
659 941 271 398 299 240 320 826 82 172 
293 570 137 267 873 92 226 798 121 441 
65 940 7 484 25 306 428 127 221 728 
932 991 144 33 28 694 623 965 700 29 
31 49 361 215 478 169 655 972 808 71 
534 957 505 671 532 651 834 427 627 746 
646 346 723 223 586 77 684 450 266 103 
988 378 63 868 173 303 166 877 16 564 
645 557 526 797 174 881 507 642 377 715 
3 347 925 790 764 880 756 420 357 287 
471 341 976 977 820 185 917 998 193 777 
620 702 614 626 194 436 727 324 15 351 
913 89 313 506 406 204 739 960 896 228 
590 37 498 26 789 673 846 24 45 128 
556 418 496 851 482 44 632 90 403 417 
474 34 363 135 212 76 270 262 111 227 
864 445 536 742 102 908 664 555 36 68 
375 86 225 369 404 847 457 426 132 55 
408 309 540 522 180 88 615 455 589 208 
675 294 234 145 396 888 53 279 603 235 
254 96 423 410 402 705 302 792 748 390 
667 11 336 430 796 538 861 464 953 681 
733 597 539 277 317 269 97 210 729 213 
470 367 119 516 452 214 476 607 905 948 
188 101 635 57 511 372 419 552 181 40 
14 933 817 297 947 142 653 238 885 807 
75 698 472 288 211 117 654 592 581 424 
830 528 770 425 250 83 757 205 690 672 
149 370 151 60 85 822 278 129 898 829 
263 974 56 46 340 527 563 863 833 707 
242 929 980 311 38 755 2 358 639 504 
201 663 126 374 497 153 852 543 937 233 
344 27 156 433 886 138 78 970 612 371 
857 577 435 741 866 897 891 993 767 125 
61 178 547 447 683 413 927 703 219 760 
295 449 865 159 845 804 860 524 812 545 
469 795 904 562 537 583 530 18 382 200 
832 608 712 325 345 158 366 355 139 443 
328 613 800 122 104 222 825 510 949 81 
157 195 304 841 391 758 116 467 558 421 
329 509 373 292 754 640 265 247 669 801 
735 551 463 776 380 73 72 456 805 740 
752 339 950 199 257 10 230 508 611 588 
843 713 19 936 765 689 493 571 453 231 
255 831 943 451 550 838 98 146 884 882 
301 167 280 407 165 982 21 969 416 621 
268 310 819 716 624 647 779 462 648 768 
316 110 722 616 343 734 353 946 442 842 
737 717 959 731 164 184 704 559 349 766 
867 249 52 47 878 996 922 709 901 241 
335 554 475 706 914 918 512 542 745 414 
787 163 692 91 650 434 964 894 686 35 
191 827 986 305 661 207 926 931 973 189 
422 962 473 409 942 641 549 460 668 182 
889 312 958 150 198 711 446 934 485 454 
486 679 323 54 239 468 718 160 518 630 
604 209 529 637 944 502 131 951 749 793 
938 674 794 658 216 656 298 438 601 203 
206 487 69 107 824 582 773 515 553 892 
719 963 725 697 141 828 596 124 561 190 
429 360 284 660 992 23 261 307 248 772 
79 74 687 326 112 161 401 730 786 736 
70 253 252 605 887 437 907 541 899 985 
444 975 501 816 747 229 594 916 967 488 
352 625 879 84 13 67 714 395 519 785 
875 565 322 699 330 50 533 39 42 154 
580 939 531 243 1 744 514 143 32 170 
381 618 593 12 909 859 924 314 432 753 
133 258 348 945 844 743 923 574 62 968 
513 853 837 983 376 332 354 489 783 383 
245 920 560 379 769 818 259 634 587 810 
791 113 644 567 599 862 276 66 544 676 
342 499 649 59 109 871 412 218 609 821 
17 236 643 579 670 893 500 362 633 638 
701 202 803 300 710 51 915 286 389 274 
260 720 481 685 123 140 600 802 364 275 
232 282 465 573 523 431 903 680 490 910 
387 105 568 751 666 935 839 224 576 525 
695 883 546 411 617 337 872 491 657 911 
237 761 162 30 575 961 399 289 108 175 
848 43 179 979 906 762 477 869 359 327 
778 281 503 273 956 930 629 384 365 874 
466 197 989 296 115 835 94 272 494 264 
8 854 763 458 244 183 900 836 356 726 
721 147 566 95 521 919 405 636 333 6 
459 155 220 520 782 440 610 251 994 5 
622 495 4 912 682 591 130 990 849 691 
386 999 665 318 781 966 815 217 120 598 
186 584 696 921 954 368 392 585 688 80 
840 439 895 479 9 400 256 393 517 48 
22 677 196 602 331 788 708 385 20 99 
724 394 388 480 448 997 118 662 678 606 
823 732 334 928 814 350 246 64 114 775 
321 106 136 176 338 569 850 890 780 902 
578 58 134 987 595 750 631 995 152 870 
619 855 774 806 483 771 308 628 192 535 
177 
