501
0 284 278 488 49 300 316 361 304 486 
319 354 91 29 4 228 44 497 251 478 
461 295 314 22 143 363 78 333 48 369 
331 442 82 415 364 124 98 70 199 255 
390 347 253 499 270 423 289 131 440 417 
134 18 356 164 494 242 274 175 285 246 
476 339 37 232 61 195 139 313 121 158 
309 74 308 381 346 282 238 19 365 5 
14 412 272 163 320 85 268 411 307 400 
457 209 122 15 378 167 176 81 135 170 
213 192 58 73 261 299 84 249 439 419 
456 190 493 311 32 38 20 33 393 201 
102 407 366 6 34 388 165 207 383 396 
375 7 267 193 86 245 371 244 231 432 
129 59 116 1 234 141 187 95 471 344 
427 368 169 291 248 172 55 133 302 178 
52 50 500 402 66 317 31 288 450 481 
189 206 260 367 40 240 484 12 62 405 
111 252 446 136 297 160 403 110 425 235 
79 462 227 410 468 420 72 467 256 395 
173 194 215 449 196 97 13 171 161 208 
473 239 101 430 67 335 103 259 265 380 
114 51 433 404 64 341 229 75 409 118 
157 216 17 491 384 25 16 230 286 9 
152 463 112 477 422 210 325 489 137 435 
458 283 36 221 306 148 443 358 445 185 
287 77 373 198 377 177 444 23 254 413 
94 263 441 454 334 174 294 464 475 292 
145 273 46 382 155 162 392 264 224 54 
343 237 459 8 326 429 108 113 303 279 
301 127 330 250 109 483 225 47 418 200 
214 470 203 241 2 387 492 119 205 69 
487 88 80 336 312 266 262 147 83 340 
222 184 469 394 327 76 318 280 391 43 
183 329 149 45 452 376 399 115 211 151 
258 355 212 41 360 416 154 120 99 296 
332 293 27 156 96 498 243 453 63 389 
321 298 310 438 24 11 269 90 460 305 
247 56 181 485 202 219 218 323 431 53 
271 146 348 472 424 104 89 71 132 179 
349 276 350 351 480 479 337 28 406 191 
123 30 35 401 370 3 166 105 436 277 
352 482 39 197 322 434 496 474 68 186 
398 385 448 153 342 26 180 414 182 315 
374 455 233 397 338 386 150 87 345 93 
125 220 106 426 408 100 128 359 92 65 
324 281 10 142 290 257 421 42 140 21 
236 275 117 465 451 490 372 159 204 437 
138 57 466 428 328 447 130 495 353 379 
188 217 168 60 144 357 223 226 107 362 
126 
