501
0 3 356 317 484 435 215 79 336 347 
274 60 36 163 449 425 20 343 318 438 
39 472 332 344 75 140 366 316 234 478 
379 375 71 440 409 258 469 53 212 489 
34 27 299 114 55 380 470 405 340 77 
434 246 85 136 25 80 198 262 286 14 
326 333 178 490 308 15 383 468 28 122 
486 128 388 52 239 324 213 475 483 242 
227 384 5 208 376 30 415 251 57 109 
400 18 463 203 315 364 206 48 452 473 
439 391 260 410 397 307 179 183 201 214 
144 210 319 263 390 162 330 247 467 159 
248 24 171 491 292 320 280 450 298 304 
166 276 414 51 294 426 437 170 499 217 
243 157 428 107 233 377 278 457 202 245 
192 424 224 31 432 445 129 153 165 261 
352 22 182 398 4 279 393 59 362 431 
266 8 197 43 112 173 283 70 329 357 
331 382 395 35 134 372 175 150 220 11 
119 235 349 161 358 433 126 389 289 237 
240 420 498 88 465 297 131 453 273 141 
401 10 216 500 444 12 451 168 96 121 
309 345 399 413 454 287 480 38 231 474 
120 476 351 193 369 219 76 156 66 407 
236 421 302 188 328 152 92 290 268 42 
466 99 350 147 312 104 423 65 205 222 
102 187 180 200 9 284 125 238 155 169 
158 412 257 252 13 495 403 325 271 6 
241 249 335 67 45 244 185 63 404 32 
392 448 223 485 471 46 406 101 259 83 
44 61 387 441 127 232 118 355 133 250 
327 130 313 172 23 370 381 98 267 256 
418 72 110 436 142 419 151 337 408 374 
462 181 363 81 334 488 33 429 90 342 
195 482 322 301 26 54 494 132 385 145 
291 113 373 174 103 17 354 124 275 190 
321 394 164 253 447 458 455 69 108 84 
94 230 226 293 361 204 123 21 40 100 
254 115 47 111 416 137 149 177 191 396 
62 1 7 310 148 68 459 184 86 186 
2 417 348 446 497 492 143 477 496 87 
269 41 50 49 199 228 300 91 359 82 
154 89 189 106 443 346 277 16 255 323 
311 442 296 56 430 464 386 285 194 481 
73 353 456 338 176 19 368 460 78 58 
270 97 493 135 74 461 479 288 264 339 
211 221 367 138 167 218 272 37 305 303 
411 341 207 105 64 487 306 139 314 146 
229 225 360 371 93 29 295 402 117 282 
116 378 160 95 209 365 265 422 427 281 
196 
