251
0 180 116 35 102 203 231 134 33 115 
69 200 245 249 119 64 129 241 80 100 
22 72 30 91 152 26 221 50 146 183 
59 189 37 246 202 199 110 205 230 46 
34 56 73 5 77 148 164 232 96 82 
29 14 4 13 167 85 147 159 101 139 
227 74 133 250 9 3 19 212 142 112 
36 111 40 95 84 90 75 130 182 137 
28 151 103 8 242 45 204 153 67 71 
41 62 124 18 166 118 51 89 7 192 
12 216 122 127 121 197 10 184 172 186 
235 158 58 136 228 54 181 229 163 201 
244 79 98 175 15 176 239 87 161 27 
6 107 154 171 106 43 44 104 131 243 
86 68 47 55 78 1 187 149 52 117 
70 65 114 194 141 126 193 195 16 177 
63 155 32 135 162 144 209 23 113 233 
66 138 17 208 248 173 48 143 156 224 
25 76 247 53 49 168 39 170 190 140 
188 24 99 120 105 211 174 179 88 81 
206 225 94 20 38 236 108 237 226 145 
219 132 42 128 61 125 31 83 218 150 
185 222 11 169 97 207 60 160 223 157 
213 21 123 217 93 196 109 165 214 240 
92 215 210 198 2 191 238 178 234 57 
220 
