501
0 6 213 240 178 153 50 416 239 275 
51 139 66 93 315 293 94 270 376 285 
140 357 99 169 490 478 222 95 367 473 
414 48 344 295 408 493 332 170 7 399 
455 37 400 405 189 335 116 418 250 350 
18 107 387 81 318 205 198 317 345 301 
218 319 157 86 282 25 30 79 333 233 
103 283 186 380 235 49 232 164 261 438 
97 360 393 272 80 279 410 1 286 54 
409 26 287 397 277 263 292 403 421 180 
126 76 115 16 68 195 450 352 424 484 
351 273 77 142 203 381 259 337 448 456 
102 82 70 136 119 291 135 67 10 356 
215 369 429 306 90 12 469 242 265 247 
343 267 200 65 436 324 4 326 353 228 
253 8 14 378 243 181 78 477 120 166 
358 177 211 42 208 340 245 155 389 388 
106 425 227 219 190 458 22 372 415 29 
320 294 19 98 238 154 453 297 475 124 
437 39 31 105 158 451 248 371 91 24 
312 53 411 87 432 179 52 392 117 446 
457 339 384 244 148 251 310 202 472 9 
128 173 141 268 280 237 234 368 168 104 
163 428 75 183 442 231 64 223 289 112 
162 216 101 398 308 444 84 479 130 127 
146 262 191 125 499 176 491 496 495 196 
500 391 383 497 122 188 341 137 149 422 
220 28 60 59 355 354 300 427 46 329 
209 160 366 346 449 290 443 334 494 204 
307 445 23 156 175 226 447 108 487 27 
325 83 144 57 63 252 109 284 470 20 
255 32 96 465 330 62 264 131 417 396 
45 481 187 430 274 230 276 34 452 347 
441 134 485 35 423 236 305 214 11 118 
374 394 224 74 271 463 413 426 111 210 
5 454 379 174 321 21 3 171 132 498 
364 488 123 483 129 386 322 486 482 260 
385 492 476 165 382 342 266 328 440 217 
43 212 323 314 433 462 147 13 197 152 
336 100 460 113 40 192 159 85 246 17 
361 241 435 338 309 258 41 2 143 33 
412 145 15 431 298 150 44 229 167 302 
439 221 71 193 56 89 304 73 370 404 
92 281 225 172 489 406 184 303 201 138 
313 327 36 377 296 151 401 185 206 55 
459 256 468 69 299 466 474 199 88 362 
419 133 390 72 254 407 249 420 161 114 
402 288 363 348 278 110 257 121 316 480 
207 61 331 182 471 375 365 434 311 58 
461 467 359 269 349 464 194 395 38 47 
373 
