321
0 279 196 227 312 108 318 93 257 56 
317 24 44 66 39 138 194 57 60 99 
297 302 156 308 75 127 48 17 106 309 
319 235 109 152 141 85 155 124 146 292 
174 162 58 41 298 13 198 74 116 208 
97 167 26 38 260 117 293 259 239 133 
224 19 166 241 303 22 144 153 15 181 
258 107 237 148 168 289 280 122 220 171 
263 5 142 183 45 46 193 14 143 244 
189 294 221 296 218 301 147 104 111 135 
314 232 31 266 215 72 246 242 88 92 
29 233 178 265 219 313 55 191 269 210 
27 278 91 119 205 110 276 123 284 7 
70 316 71 310 61 140 8 222 134 169 
204 173 2 267 32 6 207 228 262 34 
197 25 201 36 315 47 229 21 157 50 
288 245 184 112 161 290 214 76 243 84 
9 179 175 129 89 101 136 105 234 37 
203 223 299 128 154 94 16 64 96 4 
277 274 209 59 121 230 186 18 12 149 
195 86 200 254 65 213 30 151 54 98 
3 249 118 206 83 287 125 304 130 271 
163 270 11 247 160 126 320 165 52 211 
187 172 251 176 43 115 68 283 77 226 
253 185 10 300 231 159 264 69 307 164 
199 212 190 256 103 82 177 139 63 73 
275 216 217 238 131 78 286 255 120 132 
1 95 295 150 145 20 291 42 87 137 
51 80 113 311 180 272 79 305 62 188 
202 248 102 49 170 67 261 285 236 306 
281 250 192 114 23 100 182 35 240 33 
90 81 225 282 252 28 53 268 273 158 
40 
