501
0 392 288 195 6 253 39 14 238 80 
170 86 73 105 59 44 197 87 428 390 
432 208 305 187 407 18 430 446 219 418 
332 259 206 109 222 377 303 70 65 69 
343 271 179 499 133 369 452 469 315 81 
204 368 90 95 49 345 388 160 316 171 
193 175 241 365 11 34 497 421 89 372 
458 134 346 184 436 427 150 124 66 52 
322 26 137 324 336 396 135 246 42 196 
291 19 9 169 329 360 31 113 493 192 
239 375 477 63 359 167 371 74 470 56 
248 277 165 272 274 330 461 111 68 249 
393 453 43 261 61 155 21 4 235 478 
425 201 320 199 76 141 309 386 473 62 
227 454 148 349 289 244 186 255 488 476 
157 242 279 333 224 404 460 221 212 101 
448 482 114 413 328 112 344 338 237 182 
339 325 489 275 481 223 177 118 363 408 
447 462 307 38 60 403 348 334 490 319 
364 366 351 491 132 35 426 121 342 451 
8 185 467 459 387 463 245 443 108 55 
268 281 347 67 439 46 30 98 228 231 
225 419 202 417 119 53 140 256 397 174 
464 262 236 156 22 29 164 356 260 3 
434 302 151 247 399 97 168 465 327 203 
401 412 355 47 127 290 311 400 191 435 
181 498 13 337 280 300 295 82 367 312 
232 2 209 411 474 410 468 16 264 131 
265 142 310 282 444 416 50 263 198 190 
17 422 115 374 450 385 382 298 205 138 
7 78 116 304 200 176 445 395 153 126 
85 172 45 57 308 340 353 218 91 294 
414 433 220 270 313 457 88 15 36 424 
154 51 20 104 32 358 500 213 437 494 
391 107 420 129 301 423 331 284 75 100 
240 122 5 234 128 24 257 110 37 25 
58 251 207 123 144 243 479 455 215 96 
402 373 283 12 72 266 250 149 180 194 
406 269 441 83 456 166 440 398 145 341 
229 214 84 93 370 317 335 106 321 362 
306 92 147 496 438 79 350 94 158 293 
152 287 286 1 10 431 405 40 117 77 
23 292 183 326 99 136 380 71 188 48 
210 226 285 361 233 415 354 125 64 323 
376 211 178 449 159 33 162 475 484 173 
352 27 381 103 383 297 139 409 357 487 
389 318 471 379 267 102 163 28 495 254 
273 384 492 54 480 466 442 296 485 299 
314 217 486 429 130 258 394 378 276 143 
161 189 230 278 120 472 216 41 252 146 
483 
