501
0 79 302 317 198 386 368 20 288 463 
427 217 9 121 236 447 272 26 185 165 
473 267 27 58 176 148 119 143 346 163 
334 274 296 153 89 18 254 99 3 234 
1 75 418 207 211 352 412 260 178 448 
443 454 169 255 497 440 446 108 284 130 
195 349 451 8 187 376 498 387 81 293 
237 63 374 46 156 147 56 320 242 104 
93 410 294 186 426 487 34 342 253 295 
269 13 44 123 367 457 482 200 10 126 
114 229 390 21 48 338 468 383 455 471 
425 98 380 15 436 70 419 60 120 477 
107 308 190 132 249 196 456 210 329 146 
358 54 241 275 29 129 167 85 363 470 
216 398 266 257 314 140 162 223 35 4 
261 52 86 377 117 97 59 345 248 347 
166 404 83 251 228 462 141 37 465 28 
204 135 218 134 311 88 393 203 483 357 
406 305 399 408 485 344 172 142 105 450 
323 328 227 238 312 460 173 395 201 403 
282 91 332 87 205 464 354 259 431 12 
16 144 281 42 378 400 273 214 366 491 
337 23 289 95 489 31 434 287 318 133 
184 280 106 290 206 371 182 291 49 437 
25 479 439 283 150 298 330 484 292 444 
224 170 499 113 478 350 304 246 103 458 
396 43 469 90 235 343 212 441 258 220 
226 208 115 414 333 297 231 215 252 149 
193 209 5 244 101 174 480 239 177 500 
265 303 256 432 452 313 268 481 327 80 
331 199 401 109 286 409 118 230 39 382 
277 66 336 161 279 278 466 428 22 326 
127 429 157 62 369 84 379 47 219 475 
131 100 160 110 30 360 128 340 168 321 
175 490 51 339 364 496 159 361 202 370 
82 316 180 240 250 221 453 385 76 341 
424 73 309 315 41 124 270 365 96 243 
301 77 171 388 181 375 17 394 71 164 
467 271 322 36 92 494 6 356 262 306 
197 138 45 139 359 7 158 136 372 14 
191 299 24 415 38 189 353 151 391 430 
433 61 476 2 232 188 145 72 65 152 
245 355 402 179 78 116 183 213 449 324 
420 486 111 351 68 310 493 125 492 233 
348 422 445 384 112 74 247 94 325 19 
53 154 67 55 411 307 122 192 64 137 
461 392 459 11 438 362 389 33 222 40 
413 407 435 276 495 373 32 319 417 155 
488 474 264 57 397 102 300 50 423 335 
69 472 263 421 381 225 285 442 416 194 
405 
