1001
0 250 771 777 735 525 477 652 157 145 
93 586 529 628 172 778 140 809 227 678 
918 51 272 448 133 375 178 938 531 342 
485 455 322 68 764 893 432 854 457 908 
807 932 374 35 793 408 549 417 213 541 
950 724 609 667 435 821 943 941 816 399 
677 218 231 850 800 465 150 919 506 845 
48 75 723 826 445 266 553 584 964 879 
201 960 550 391 173 772 933 889 795 671 
53 791 34 937 42 513 147 170 668 745 
544 832 888 939 689 874 784 997 546 707 
886 810 656 763 38 323 787 837 254 131 
814 13 370 977 968 336 532 16 158 825 
982 780 642 306 312 585 514 268 622 282 
817 138 591 871 101 303 822 487 980 971 
18 966 842 198 785 556 263 204 666 120 
965 353 573 887 607 26 953 14 490 228 
761 358 846 286 559 789 31 902 203 73 
253 215 382 578 574 521 920 664 934 592 
703 849 985 669 792 899 385 416 364 471 
510 885 249 72 509 819 970 930 152 882 
945 969 478 128 611 394 458 415 185 132 
588 484 796 904 587 61 123 706 168 406 
861 654 344 97 63 924 537 643 776 925 
658 726 618 501 702 449 601 914 853 308 
285 560 19 760 79 855 841 524 226 744 
91 420 748 433 21 396 32 310 307 107 
876 645 759 412 991 181 357 384 247 413 
963 139 718 947 994 596 634 528 452 259 
595 552 459 983 827 294 319 223 58 967 
309 317 773 347 126 258 242 801 480 180 
720 284 674 481 196 275 936 214 438 768 
806 146 179 949 694 30 397 782 468 685 
508 714 829 56 345 617 752 972 39 82 
979 725 903 629 383 804 730 868 436 935 
717 803 346 292 895 291 751 812 473 55 
948 987 693 747 325 65 676 749 314 701 
931 241 10 856 818 287 261 430 154 710 
976 600 355 103 144 476 605 4 614 582 
202 437 844 209 986 137 99 632 311 470 
653 805 279 288 512 304 606 211 116 171 
951 957 177 900 682 244 332 567 860 124 
834 182 698 615 239 36 431 141 395 52 
66 257 542 583 518 545 880 741 188 479 
909 283 824 863 898 881 851 928 175 815 
589 491 616 534 414 191 746 108 690 149 
220 41 327 497 639 321 11 115 608 884 
570 47 125 151 54 295 366 280 695 769 
716 507 71 90 222 28 672 187 352 493 
43 633 788 388 205 594 401 565 95 29 
22 865 195 5 839 811 89 655 305 995 
823 511 219 87 536 405 852 526 365 563 
798 974 60 407 659 740 492 917 797 334 
33 105 554 69 959 409 1000 434 398 641 
962 739 482 67 197 163 840 767 167 648 
118 271 486 161 392 377 251 602 623 208 
166 665 488 998 130 340 121 142 189 929 
721 298 216 389 454 7 474 892 757 386 
331 447 732 423 156 3 858 429 551 326 
20 246 274 1 883 329 390 835 755 954 
517 301 697 913 857 775 245 466 265 464 
783 984 12 297 221 456 993 233 956 813 
737 27 598 371 942 527 897 100 238 110 
277 873 351 498 779 387 683 790 192 859 
786 890 564 743 77 469 843 136 337 50 
866 500 255 692 878 404 657 106 402 299 
489 731 875 184 9 143 290 640 240 635 
833 533 708 135 440 229 155 425 590 359 
765 808 499 444 610 754 104 335 293 575 
727 577 193 315 593 260 270 661 627 946 
400 86 113 673 679 568 916 988 872 831 
463 349 597 981 738 906 862 328 496 644 
361 350 870 267 74 426 111 234 372 620 
712 37 538 333 696 670 76 660 992 360 
80 923 713 604 114 88 98 944 603 96 
571 236 339 719 363 742 569 662 462 581 
92 647 483 264 753 439 715 318 711 210 
23 891 830 248 651 419 94 369 539 403 
626 194 324 81 781 225 313 428 418 153 
733 348 566 376 262 186 700 681 44 650 
736 649 926 877 638 990 495 576 558 646 
619 494 996 475 505 46 102 774 548 232 
62 443 381 915 572 252 148 269 25 688 
540 316 200 901 756 217 450 561 276 912 
631 243 427 922 393 190 341 362 296 17 
230 699 847 523 109 802 704 472 320 453 
289 722 78 624 973 955 70 734 766 169 
338 705 442 424 999 24 176 794 59 728 
927 799 612 828 520 630 411 162 84 820 
379 709 165 684 300 164 57 45 961 869 
952 278 356 911 117 770 273 848 580 64 
637 636 663 441 625 237 461 224 85 599 
281 159 762 460 836 557 838 354 522 343 
910 555 503 530 421 119 302 864 896 579 
49 2 127 758 729 867 502 516 613 894 
691 40 256 368 122 235 547 675 446 373 
83 686 519 6 367 467 378 687 750 451 
958 15 504 975 160 940 212 905 206 380 
621 680 410 199 207 921 129 422 174 543 
8 515 112 978 989 562 535 330 183 134 
907 
