1001
0 74 617 805 561 903 704 627 889 838 
734 606 196 807 900 302 450 414 430 163 
323 554 318 938 703 105 449 15 788 506 
567 928 189 560 817 260 998 621 522 268 
470 319 2 76 752 568 171 839 159 628 
53 860 532 994 710 556 845 75 813 956 
799 726 823 811 169 601 403 615 732 438 
919 553 240 245 592 515 110 424 815 371 
149 54 227 98 833 895 447 213 408 869 
238 579 791 188 392 632 356 578 986 897 
988 618 699 863 797 890 157 134 953 521 
63 558 104 728 481 707 880 804 562 540 
349 193 616 343 330 584 389 672 423 315 
142 432 834 912 984 445 393 686 538 731 
520 570 787 670 107 859 840 452 681 945 
657 827 525 824 580 498 321 474 382 289 
1000 927 246 768 418 170 972 541 51 941 
940 308 571 480 936 701 272 195 881 460 
394 400 324 78 229 92 340 121 875 932 
980 154 942 353 86 369 947 772 378 439 
266 516 589 39 961 60 309 390 856 81 
677 410 184 19 803 462 649 352 514 690 
183 651 65 831 61 544 67 479 64 539 
741 866 600 296 459 375 111 529 303 106 
158 761 708 631 625 383 887 662 437 434 
604 367 190 249 413 436 548 882 387 712 
531 139 412 790 113 125 614 574 926 765 
513 640 872 116 923 198 350 702 225 43 
174 89 406 108 211 332 611 930 637 320 
535 135 175 490 478 755 534 208 36 126 
312 99 415 955 41 537 351 337 696 300 
10 748 363 918 194 729 680 399 530 463 
100 239 849 136 224 850 603 709 740 471 
533 215 370 759 969 762 77 819 987 307 
822 115 275 977 282 279 999 124 328 738 
143 607 883 782 313 504 596 186 757 818 
472 344 751 622 62 505 806 661 355 405 
311 971 916 59 491 66 656 348 144 444 
665 80 241 935 203 931 464 230 770 550 
199 35 946 624 156 429 172 517 235 46 
756 510 518 118 101 258 454 810 384 896 
9 645 794 140 638 816 763 27 705 769 
691 402 842 123 377 131 455 675 717 597 
278 341 453 117 185 379 825 962 652 776 
512 925 684 620 564 667 829 49 634 443 
17 993 653 646 298 339 357 917 456 228 
401 783 960 486 754 821 138 853 176 573 
3 975 847 835 697 509 851 843 38 32 
218 867 71 442 310 290 612 983 910 820 
335 909 908 220 793 588 586 609 397 487 
485 629 796 301 885 127 495 933 503 374 
30 259 182 669 884 904 886 247 906 160 
1 236 963 542 760 706 433 407 467 469 
133 448 713 473 243 96 372 958 327 929 
939 68 747 715 659 431 256 33 291 722 
18 47 304 685 465 376 692 334 73 270 
742 57 528 420 595 968 50 970 920 978 
605 720 779 508 276 496 7 774 42 630 
777 292 992 347 852 623 718 523 730 591 
132 569 129 210 446 283 425 814 966 13 
380 386 981 865 826 269 85 870 253 234 
26 179 360 862 924 4 836 610 650 161 
736 95 812 901 873 287 181 146 914 114 
844 864 719 422 222 990 173 854 16 985 
982 688 251 973 871 489 274 280 333 305 
441 206 130 346 891 893 40 671 55 197 
673 802 801 255 877 165 626 723 868 388 
299 846 524 536 698 575 286 700 552 482 
943 34 112 484 565 31 326 861 841 773 
944 271 721 368 87 331 14 636 88 70 
775 6 559 359 48 855 152 23 668 543 
949 153 766 758 82 905 858 644 907 204 
566 217 345 894 974 727 69 781 427 737 
155 205 12 476 545 294 937 461 148 527 
219 281 354 581 29 329 261 967 679 913 
295 267 716 167 511 687 959 976 848 997 
226 162 277 322 254 694 103 991 11 264 
297 22 492 102 879 37 79 613 965 576 
784 122 746 426 58 141 223 366 857 244 
411 979 237 619 952 551 934 362 440 876 
764 744 892 395 767 177 957 178 780 416 
915 421 902 306 828 583 587 285 693 342 
989 654 676 231 202 557 837 381 660 451 
24 771 25 262 582 364 648 830 288 20 
599 647 608 642 221 409 792 739 488 683 
233 519 800 232 457 109 56 682 899 594 
72 466 151 786 119 52 338 120 789 214 
874 750 733 263 572 785 396 428 150 201 
398 695 242 749 808 798 635 641 97 809 
633 655 166 499 336 724 577 419 458 911 
753 725 585 373 325 257 590 735 207 358 
91 546 212 21 252 497 168 547 314 493 
950 191 689 391 743 216 526 674 180 145 
468 922 192 663 273 502 128 996 365 385 
83 745 137 316 284 666 593 643 507 921 
555 293 639 832 878 248 187 250 714 795 
209 28 888 898 951 778 477 658 8 954 
948 361 549 995 164 501 563 44 84 93 
664 598 964 90 417 45 265 5 500 711 
435 678 483 147 317 602 200 475 404 94 
494 
