501
0 461 24 92 219 182 145 470 321 197 
125 35 380 47 330 214 46 441 133 464 
116 165 301 210 66 131 79 5 445 211 
372 193 343 356 206 80 117 111 414 364 
336 384 285 357 70 176 147 58 235 345 
348 426 76 446 254 408 64 34 355 71 
242 12 212 136 144 465 270 413 347 323 
289 402 412 118 179 442 51 236 201 272 
251 492 168 202 243 365 19 105 309 449 
264 184 200 346 232 81 223 40 91 83 
432 181 420 342 395 363 381 67 98 153 
477 410 88 369 85 155 196 122 370 450 
222 225 6 104 43 169 480 360 483 130 
33 103 306 318 149 341 62 362 431 22 
476 45 10 187 156 218 354 497 278 114 
430 3 293 266 399 36 233 276 307 261 
127 373 489 20 302 315 86 397 162 143 
141 4 333 440 474 174 146 189 95 37 
281 163 324 322 31 479 9 377 191 344 
247 89 409 68 396 406 351 129 244 90 
152 255 124 205 447 246 178 491 38 382 
27 207 216 245 39 328 57 335 310 494 
177 403 253 267 87 101 53 443 291 192 
48 115 268 439 379 457 495 120 475 256 
161 473 60 274 167 16 454 478 398 17 
203 73 269 460 126 158 142 305 340 119 
183 190 41 262 298 208 352 486 238 8 
188 404 259 418 135 102 72 52 469 49 
423 209 314 107 2 109 221 376 455 228 
282 383 166 462 93 466 368 175 59 319 
349 485 405 366 13 353 308 204 170 121 
367 338 112 313 277 50 215 231 361 128 
1 250 500 248 375 195 326 113 304 434 
488 55 303 100 280 28 252 472 327 7 
334 337 240 339 320 493 401 29 32 387 
186 61 425 172 199 463 154 44 400 453 
358 257 234 422 411 388 78 11 15 99 
438 139 132 94 292 332 150 173 108 123 
23 227 258 185 451 284 275 237 433 391 
286 424 239 329 151 230 456 96 444 394 
30 140 134 279 435 312 213 18 487 97 
226 481 297 110 290 263 392 359 171 160 
429 484 194 294 393 296 148 283 316 265 
56 82 471 482 69 198 419 317 295 26 
63 415 371 224 241 385 164 287 260 437 
157 249 490 325 77 467 417 138 374 436 
75 459 300 14 25 350 271 180 159 448 
74 421 137 452 386 498 427 458 217 496 
499 106 407 21 54 220 428 311 331 378 
229 468 299 42 389 84 390 416 273 288 
65 
