251
0 55 83 216 172 51 176 190 142 226 
171 197 153 105 161 219 194 166 14 146 
21 244 139 207 32 206 224 131 159 9 
19 157 35 33 116 185 115 101 189 149 
70 150 232 125 235 30 103 178 177 111 
27 174 99 119 82 47 106 39 213 225 
114 184 34 240 65 167 37 204 192 45 
186 234 191 180 201 60 25 89 67 72 
63 80 193 74 38 220 66 147 122 84 
250 91 2 75 4 29 248 217 93 71 
50 144 96 228 31 126 123 77 245 18 
162 143 229 155 40 249 24 241 52 53 
69 118 5 239 208 88 110 54 120 85 
68 141 23 62 78 81 210 205 140 104 
109 152 41 133 3 113 151 79 137 134 
246 221 44 49 199 28 203 231 145 61 
132 121 198 215 58 10 7 237 164 170 
48 1 107 236 46 188 73 22 156 182 
64 195 135 138 108 100 127 179 223 95 
200 130 76 117 158 97 87 57 94 128 
222 233 136 8 98 211 230 169 175 196 
59 17 43 214 15 209 227 56 26 86 
13 92 6 11 102 112 212 202 36 20 
90 183 154 16 163 168 242 247 238 181 
218 160 12 124 148 42 129 165 173 243 
187 
