1001
0 347 82 175 902 572 476 212 907 312 
976 542 123 29 762 74 859 691 610 356 
668 973 226 892 111 273 511 450 475 81 
632 978 946 660 397 882 965 463 201 53 
375 731 294 307 639 883 321 918 657 792 
358 952 736 900 366 493 977 172 281 164 
107 293 710 64 536 869 209 34 488 843 
944 988 423 472 853 408 604 51 600 718 
484 32 813 215 505 46 540 242 595 122 
979 506 713 734 750 489 59 36 301 389 
148 455 60 972 698 796 906 465 692 527 
302 62 757 575 804 775 152 462 588 235 
787 895 340 260 874 89 533 507 983 647 
641 84 724 135 926 629 706 599 815 179 
945 491 43 929 642 597 438 265 911 982 
890 656 222 390 452 852 286 383 640 357 
778 415 267 519 243 431 847 743 650 110 
414 470 424 585 96 680 445 449 70 728 
170 405 403 861 297 141 365 807 722 574 
233 157 255 695 935 264 52 7 576 912 
828 810 139 441 769 635 58 589 886 25 
10 351 615 611 904 306 326 188 272 479 
659 234 961 670 180 584 915 546 634 521 
298 867 509 291 630 559 185 913 910 382 
528 782 995 33 328 433 196 440 744 50 
986 833 359 427 735 239 613 496 429 755 
456 714 376 768 960 547 182 407 324 61 
784 318 221 620 560 530 502 738 453 398 
386 129 806 432 552 125 374 845 565 161 
145 257 646 388 473 199 652 875 322 276 
158 500 985 113 956 144 214 550 202 252 
343 127 241 614 770 78 529 793 454 619 
887 95 256 368 430 384 916 671 687 779 
532 314 703 525 339 800 791 648 725 817 
858 822 160 662 746 190 940 30 292 262 
894 102 92 393 3 842 18 924 701 844 
238 905 369 147 289 355 677 191 628 461 
745 720 616 596 851 4 364 819 483 44 
126 726 1 213 958 950 85 658 228 20 
799 699 323 993 159 469 8 538 80 37 
992 391 150 818 681 120 794 682 878 249 
205 943 168 399 803 377 524 535 715 531 
693 997 42 786 626 941 68 442 583 612 
15 290 177 282 637 839 22 98 494 361 
621 510 143 781 406 903 300 539 100 942 
823 733 747 54 962 477 421 86 11 636 
173 12 211 764 27 712 555 963 925 336 
504 486 771 669 236 836 352 633 169 825 
898 83 730 654 512 666 319 749 564 428 
857 987 568 975 230 514 501 590 186 178 
285 413 581 994 38 856 516 72 248 683 
229 679 5 908 482 930 776 780 334 863 
287 832 591 268 697 41 967 990 773 663 
696 881 385 447 601 606 684 363 563 342 
834 971 672 13 35 320 103 893 28 344 
91 816 6 263 729 171 481 989 134 676 
76 310 195 700 835 49 517 457 448 748 
534 541 897 854 625 132 387 603 114 797 
549 420 984 105 295 795 970 1000 920 949 
109 266 981 566 838 556 207 582 9 71 
189 955 227 31 198 609 446 868 767 56 
128 422 304 623 790 871 341 466 362 605 
373 480 526 250 73 88 112 522 545 104 
244 812 165 299 309 346 789 90 544 288 
492 802 520 75 837 269 937 592 26 402 
223 664 437 498 315 308 316 593 922 974 
820 947 888 649 846 740 278 279 337 557 
814 246 274 142 783 655 284 927 217 739 
261 232 467 537 716 400 727 707 717 573 
137 499 167 176 618 503 131 116 777 468 
891 23 685 333 313 153 741 184 138 840 
335 451 245 760 474 166 253 275 602 459 
471 705 561 367 643 673 21 921 508 821 
426 331 327 548 968 742 283 410 258 259 
690 381 848 631 689 917 831 194 708 766 
805 801 254 280 87 523 704 392 121 957 
106 513 996 338 675 117 495 380 435 251 
880 558 19 579 879 980 396 16 174 55 
108 932 651 644 409 146 788 709 551 271 
638 353 896 931 914 798 404 497 765 518 
187 270 969 197 866 939 617 487 349 136 
732 991 325 124 923 151 964 156 928 667 
953 79 208 183 860 809 133 785 119 954 
608 571 39 478 933 877 192 130 200 40 
17 515 686 758 63 966 417 434 354 162 
219 419 204 155 460 936 240 674 311 870 
580 317 97 67 938 77 808 115 829 345 
772 93 94 752 567 653 458 149 69 2 
47 206 737 751 237 277 889 118 425 181 
622 586 99 14 577 627 562 348 303 332 
210 395 436 553 759 598 876 154 873 444 
218 850 350 554 624 225 830 394 934 864 
607 884 721 811 678 872 224 371 901 909 
702 719 827 379 329 231 443 999 412 754 
645 372 140 543 694 57 411 48 220 951 
661 216 24 711 849 763 774 865 578 948 
101 855 45 841 378 899 418 370 688 66 
247 570 665 723 587 305 594 464 65 862 
360 401 490 753 485 203 761 416 163 824 
998 193 569 330 919 826 439 885 296 959 
756 
