701
0 388 336 488 532 364 593 434 517 692 
268 387 408 667 64 432 319 245 1 637 
194 230 59 564 503 323 24 105 159 19 
249 51 225 164 75 280 678 438 206 359 
389 560 485 681 687 131 48 146 459 427 
586 662 34 161 515 32 343 531 407 92 
554 115 421 27 475 190 484 90 117 248 
138 552 549 665 668 499 580 657 441 203 
195 210 208 424 584 650 556 371 318 222 
613 445 685 25 455 282 533 497 376 91 
653 216 596 259 65 644 55 483 22 633 
569 659 561 395 363 107 626 575 640 651 
380 162 466 274 496 686 523 37 38 15 
558 340 602 481 313 397 133 504 291 143 
77 197 40 444 464 49 589 211 286 176 
669 452 72 182 106 548 14 315 17 252 
368 88 348 142 141 645 337 154 298 426 
283 563 175 457 26 391 451 58 20 316 
648 221 351 528 516 379 588 606 33 545 
199 80 250 519 480 301 530 3 656 137 
7 102 406 242 289 420 541 491 623 353 
601 529 30 696 401 437 270 103 327 526 
215 212 46 394 104 36 119 109 478 592 
193 411 425 220 610 39 646 150 100 94 
639 129 390 410 277 399 472 360 83 538 
402 163 261 536 28 275 240 600 201 635 
482 423 546 677 439 226 331 122 287 629 
41 157 43 370 652 13 247 625 262 139 
297 611 281 271 479 344 178 74 309 522 
527 628 553 167 171 95 355 31 494 265 
615 689 342 361 238 44 463 565 118 149 
398 454 173 443 567 465 198 321 311 448 
108 495 332 562 511 125 78 544 264 674 
188 191 412 2 84 474 303 272 192 403 
450 243 672 489 235 573 694 152 492 346 
246 435 89 647 5 204 636 642 338 207 
209 6 634 284 219 23 155 205 241 294 
166 168 373 326 288 579 461 655 224 510 
658 566 682 255 514 612 232 638 81 257 
170 574 76 12 440 654 509 174 525 126 
603 4 292 508 381 513 295 347 239 79 
57 505 378 358 477 96 375 673 470 151 
312 501 156 614 453 99 136 415 429 231 
374 322 260 643 147 583 619 661 683 223 
518 400 233 53 671 334 251 134 180 234 
490 493 128 112 675 273 697 165 302 578 
571 700 382 101 293 35 449 608 365 56 
498 447 366 693 620 263 609 328 285 140 
183 123 114 377 320 422 540 688 582 132 
436 660 442 116 290 16 632 42 276 369 
160 333 356 329 462 145 60 314 29 352 
87 50 624 367 543 305 664 172 144 446 
577 684 502 18 317 604 21 237 127 354 
413 386 572 135 52 537 607 476 228 486 
202 111 148 256 506 622 630 308 177 45 
350 616 267 184 547 179 557 310 409 468 
641 512 82 218 383 8 627 417 244 670 
47 599 153 690 570 335 392 393 471 680 
266 362 70 456 535 568 69 418 698 86 
169 278 621 555 357 520 306 581 551 679 
594 158 617 460 414 98 396 217 404 73 
110 185 61 631 550 330 187 93 258 71 
200 605 487 591 339 534 113 341 458 186 
214 269 68 213 524 431 325 120 507 229 
676 597 253 97 66 430 576 666 300 585 
598 349 595 587 189 324 428 649 663 299 
63 473 590 124 279 433 699 469 236 9 
67 500 130 521 121 10 227 62 304 372 
467 11 542 539 691 85 695 54 416 559 
196 254 345 181 384 419 307 385 296 618 
405 
