321
0 28 51 270 254 159 90 31 197 82 
180 73 188 301 97 203 173 16 50 300 
117 49 85 170 189 96 306 162 299 194 
119 153 114 9 30 127 44 305 79 217 
281 116 220 48 262 19 250 190 81 247 
264 89 76 139 298 57 243 64 21 123 
122 236 52 278 140 245 263 4 84 214 
12 279 158 143 94 1 60 289 68 65 
257 192 75 91 157 276 238 240 206 34 
163 205 105 183 135 13 70 304 184 120 
165 273 191 100 20 134 152 145 255 7 
8 155 182 87 124 23 102 231 237 200 
193 142 35 287 199 246 293 27 201 221 
310 202 22 167 232 219 83 18 302 196 
177 11 58 223 233 110 129 222 308 256 
55 40 239 226 113 275 265 136 187 251 
38 148 59 62 130 133 249 215 131 209 
213 319 146 66 112 211 292 118 98 17 
186 225 149 252 45 92 244 88 179 43 
95 10 296 195 315 99 111 103 154 274 
41 259 126 15 26 314 316 86 104 5 
204 56 258 181 128 290 269 121 286 207 
174 160 248 311 47 318 6 37 33 216 
166 39 242 69 132 115 171 295 3 46 
156 107 198 271 178 224 168 67 24 320 
2 14 25 150 80 294 288 36 309 78 
297 54 147 29 312 61 235 303 63 283 
313 101 282 317 125 71 277 229 261 227 
267 208 234 266 151 169 42 210 164 74 
32 228 141 144 53 175 230 268 285 137 
93 161 260 185 307 212 72 284 106 172 
272 109 138 280 291 253 77 176 108 218 
241 
