501
0 41 442 61 418 10 487 135 378 62 
149 415 431 441 232 383 73 241 12 467 
184 275 182 298 352 54 446 216 340 360 
229 83 105 235 295 96 391 37 8 4 
262 373 132 86 474 21 468 465 358 268 
284 463 427 29 481 357 34 484 354 2 
220 422 302 223 365 154 113 423 414 240 
81 122 144 228 58 39 364 433 32 480 
389 128 276 250 185 129 143 204 452 68 
283 127 201 305 257 261 116 252 299 333 
3 102 209 237 428 482 344 43 323 401 
367 130 28 424 42 326 366 167 395 99 
309 296 192 203 50 321 253 16 141 64 
264 77 125 159 152 137 65 19 307 492 
103 258 15 97 438 160 263 151 18 486 
304 226 411 346 351 336 187 347 379 312 
234 288 17 111 399 328 124 426 466 57 
265 38 179 325 269 198 67 7 472 341 
437 396 71 436 23 329 231 462 381 348 
362 139 479 138 225 498 320 363 178 353 
382 52 375 453 224 421 292 332 489 148 
459 212 199 145 215 454 193 172 473 342 
259 82 90 108 488 369 115 448 339 300 
74 196 477 49 485 247 76 404 376 69 
334 157 46 281 277 244 95 213 171 33 
210 260 195 311 153 164 412 44 449 318 
317 156 131 72 368 176 104 416 133 361 
408 266 343 316 24 338 397 114 36 177 
165 271 455 405 88 200 456 214 434 483 
294 450 417 59 394 337 121 331 238 162 
458 217 460 429 100 119 202 282 85 98 
345 297 386 478 227 194 495 236 221 26 
290 233 279 140 14 370 40 385 349 45 
497 80 327 439 251 186 278 280 400 70 
287 170 313 444 25 267 315 134 180 87 
146 403 322 445 158 289 286 447 110 47 
60 491 207 255 218 246 272 406 55 469 
371 166 384 356 392 51 211 79 150 335 
425 393 471 461 242 324 402 78 197 285 
206 372 27 175 168 181 161 89 9 248 
126 410 163 205 319 53 500 409 101 31 
20 92 189 245 293 123 301 387 355 380 
435 66 493 254 256 22 243 291 310 390 
56 419 420 30 183 230 147 190 388 117 
84 1 109 174 407 430 270 494 274 350 
112 398 91 155 314 306 377 475 440 11 
93 374 169 63 136 359 496 219 330 222 
118 499 13 35 303 464 208 48 188 5 
308 451 120 239 106 470 107 75 249 490 
6 432 413 142 273 173 191 476 443 94 
457 
