701
0 432 365 23 348 417 575 369 86 413 
343 443 342 279 196 99 126 482 137 309 
451 203 41 267 684 653 621 446 157 572 
697 692 118 573 9 181 321 479 125 222 
579 229 405 466 209 251 609 367 264 32 
612 625 587 673 599 552 350 304 74 660 
208 429 689 651 403 359 246 392 27 5 
113 330 212 698 261 307 540 47 315 226 
108 502 334 355 442 386 265 150 376 608 
492 655 167 58 29 534 161 515 164 416 
487 563 31 518 351 404 383 411 39 415 
453 437 408 375 700 407 454 119 570 644 
266 525 227 273 699 347 648 232 73 594 
16 173 115 103 368 557 240 598 547 481 
629 639 523 603 564 537 627 285 387 508 
696 611 378 623 316 444 632 412 430 622 
471 206 225 624 219 96 472 83 289 60 
194 8 643 461 21 457 393 445 52 68 
566 450 221 588 426 620 3 329 630 452 
301 649 545 63 72 373 248 521 22 335 
102 333 236 38 423 459 558 433 542 100 
635 527 470 428 158 551 460 560 311 384 
338 37 488 238 290 468 662 529 247 51 
213 569 36 282 140 491 124 607 144 197 
243 88 13 324 97 448 654 127 98 33 
678 165 294 462 606 435 84 695 70 512 
522 509 310 496 71 389 406 325 637 638 
595 44 401 53 76 339 379 668 344 91 
169 69 683 357 458 581 64 87 1 269 
364 276 141 671 270 133 43 90 519 217 
517 538 280 636 24 153 565 601 477 101 
322 162 331 277 166 596 499 395 271 129 
478 186 46 106 306 616 626 554 55 645 
183 530 245 188 691 292 503 190 182 120 
382 172 421 553 138 180 121 436 377 228 
682 568 670 295 184 399 694 544 614 320 
6 224 663 657 14 82 693 75 561 504 
291 628 287 132 396 536 319 590 204 642 
526 146 259 268 494 170 658 619 469 571 
602 677 293 313 185 201 562 480 34 220 
483 362 633 605 505 680 659 123 578 145 
600 211 45 506 374 65 524 207 143 592 
85 61 57 550 237 260 535 77 130 340 
223 323 26 449 463 297 676 388 476 370 
159 647 79 531 192 189 495 193 498 410 
50 634 666 414 109 244 92 574 646 513 
257 650 128 584 372 35 111 256 218 366 
528 467 15 514 419 593 134 533 447 672 
390 332 361 230 135 187 548 253 284 398 
147 160 231 580 346 10 665 178 385 326 
441 520 493 641 669 438 610 139 613 507 
205 688 685 546 28 583 2 151 112 597 
62 353 394 155 110 484 539 549 516 116 
381 582 299 358 371 674 214 175 199 148 
298 543 679 278 114 328 485 179 274 67 
464 556 559 154 661 142 104 418 250 105 
42 11 254 191 89 66 455 25 263 500 
286 532 131 360 305 59 640 604 302 317 
686 402 354 631 400 93 94 409 652 341 
424 687 249 336 327 586 19 617 511 425 
117 589 363 48 239 177 136 195 510 681 
156 300 78 275 303 198 12 296 235 420 
54 242 7 202 474 308 17 465 168 210 
675 576 312 434 81 234 288 30 200 149 
541 4 473 397 618 422 122 352 233 501 
345 591 489 427 171 40 216 281 337 585 
176 95 667 174 497 555 20 107 577 664 
255 258 56 272 656 391 356 314 615 440 
18 318 490 431 439 475 252 486 80 456 
163 49 241 262 567 349 690 152 283 380 
215 
