251
0 44 22 18 169 176 222 236 37 62 
48 200 73 126 199 206 226 152 205 3 
170 151 204 4 20 174 154 178 87 159 
102 19 193 164 238 88 224 145 98 138 
111 95 27 233 124 250 56 106 53 207 
162 81 80 175 155 156 215 213 242 109 
248 63 201 39 223 40 132 30 58 202 
240 119 186 160 23 130 78 90 146 101 
198 249 194 172 122 14 208 246 50 161 
99 112 104 46 97 7 41 33 68 189 
147 15 187 153 60 72 168 166 234 245 
110 182 92 36 177 209 143 141 243 96 
140 228 28 212 220 67 196 121 75 65 
131 35 64 149 120 26 232 211 105 25 
86 197 235 128 195 183 51 167 107 103 
17 100 38 59 221 11 165 133 229 93 
42 76 179 225 82 74 123 117 61 13 
127 142 181 29 114 239 16 135 158 157 
1 214 180 190 12 203 244 49 148 171 
115 10 71 173 134 85 116 185 218 32 
77 184 66 84 230 219 43 24 129 8 
55 91 113 188 150 227 69 54 237 210 
57 31 6 144 191 9 217 89 34 231 
47 70 118 247 136 139 83 52 163 216 
108 2 21 94 137 192 45 5 125 79 
241 
