1001
0 237 773 808 66 106 906 215 893 316 
71 445 575 123 480 223 145 295 553 563 
626 615 329 830 118 264 220 85 396 361 
245 284 767 46 660 149 505 697 892 52 
750 378 414 890 768 257 700 805 923 167 
776 724 501 181 30 648 76 413 726 349 
410 954 716 924 825 190 376 974 450 998 
219 944 268 385 3 193 348 809 940 109 
97 577 703 558 38 247 197 813 36 784 
915 490 787 138 133 846 701 837 37 785 
718 22 98 574 980 955 473 322 32 373 
16 736 905 344 854 815 263 607 495 276 
855 669 463 552 710 365 478 957 649 214 
484 393 581 92 94 319 170 639 47 662 
272 841 678 256 210 147 778 803 910 398 
789 544 800 536 204 443 24 751 134 781 
459 180 278 587 119 162 765 70 163 271 
207 472 137 504 622 801 860 340 21 146 
112 461 266 381 383 500 770 446 651 655 
372 950 243 438 337 88 572 476 338 527 
674 330 868 259 126 34 694 598 353 712 
131 912 225 771 229 982 645 291 390 483 
934 301 434 444 426 555 836 292 881 77 
539 351 110 200 79 368 99 680 985 481 
93 29 168 334 178 797 429 345 709 731 
187 217 475 431 293 449 502 676 754 715 
369 672 479 942 627 903 774 165 63 869 
492 104 182 468 363 419 744 51 318 127 
729 591 733 274 603 857 332 277 87 366 
355 753 996 914 227 261 59 976 863 948 
56 458 456 675 925 630 169 519 347 23 
608 590 111 5 631 780 423 690 395 791 
619 102 518 643 683 15 620 621 304 629 
610 758 249 232 241 184 57 50 663 866 
152 848 601 469 435 236 966 45 949 542 
564 707 511 839 838 62 246 176 898 891 
315 172 84 477 403 931 273 580 748 388 
270 978 653 192 532 652 977 239 282 506 
222 404 462 211 646 973 323 735 871 963 
959 605 761 613 897 418 121 687 135 391 
417 986 592 756 656 309 61 696 120 538 
843 74 283 878 877 714 86 632 290 440 
902 405 579 488 503 945 582 821 561 287 
191 618 796 654 762 297 530 83 807 593 
346 644 333 465 864 415 89 409 60 624 
115 357 596 927 452 634 717 901 252 916 
721 394 623 584 573 362 148 812 498 58 
641 1000 44 896 26 856 238 919 54 528 
578 870 497 455 198 824 741 661 782 633 
342 143 600 786 999 907 91 559 938 19 
185 737 900 53 602 494 233 48 882 100 
406 129 371 889 416 851 814 711 228 507 
401 657 8 859 128 722 917 886 253 336 
804 842 158 430 975 911 757 379 535 103 
930 811 496 489 221 725 240 540 491 705 
20 972 617 569 281 742 887 819 42 585 
939 987 41 637 946 132 883 983 970 835 
777 73 537 387 858 448 928 275 96 847 
880 195 526 595 510 331 64 65 205 913 
867 993 35 308 713 616 374 499 541 7 
451 303 159 43 122 840 967 659 926 525 
943 549 968 904 888 562 189 861 136 625 
679 798 255 799 831 279 872 908 171 979 
524 702 311 953 988 956 160 260 196 551 
734 826 142 597 522 743 141 523 11 760 
936 317 375 17 251 995 513 759 314 328 
557 289 69 568 107 105 667 208 829 947 
33 583 671 144 466 6 216 341 899 533 
151 984 779 844 962 230 286 194 732 384 
294 832 39 682 386 380 339 783 310 447 
80 589 67 802 684 1 647 199 822 433 
650 454 981 242 203 909 400 183 360 14 
467 752 335 389 565 343 324 611 352 686 
425 313 280 411 594 823 969 407 665 929 
453 586 920 706 515 556 509 769 788 792 
117 614 213 874 740 31 992 254 746 326 
688 941 849 18 820 862 520 175 723 961 
636 364 72 873 412 55 719 529 845 554 
989 935 350 879 157 302 470 179 673 218 
514 531 833 720 327 427 285 853 298 895 
139 691 487 828 775 933 471 550 508 224 
852 628 306 794 806 570 28 560 174 460 
728 704 865 677 359 424 566 436 209 576 
392 288 116 113 894 875 795 202 738 367 
186 399 708 850 668 964 739 164 188 166 
695 226 747 474 244 485 212 177 130 108 
153 534 588 790 201 606 640 818 834 156 
439 951 567 300 262 664 516 90 521 817 
422 25 370 464 545 763 635 408 571 75 
299 231 265 13 161 173 670 816 49 692 
397 457 234 693 114 356 994 755 937 612 
952 745 320 638 517 884 749 150 140 421 
124 604 609 154 810 766 991 960 441 971 
27 81 546 482 258 420 155 68 296 990 
876 432 2 442 82 125 642 95 305 698 
727 402 10 312 547 250 997 101 267 354 
685 921 428 307 764 548 772 206 918 689 
235 325 40 377 793 543 78 666 965 730 
358 958 321 4 493 486 699 437 599 932 
382 681 922 658 12 827 512 885 248 9 
269 
