501
0 307 402 417 310 455 39 185 392 232 
268 272 230 177 118 412 31 11 485 459 
162 189 7 13 350 365 243 342 234 443 
378 269 353 334 414 309 274 498 463 312 
137 82 358 47 493 130 208 171 163 236 
180 221 330 291 468 205 15 362 476 143 
354 203 497 296 337 481 87 85 357 192 
249 379 403 435 40 444 253 136 445 176 
116 18 294 248 404 127 262 165 292 422 
363 452 158 56 197 490 369 244 256 351 
112 297 423 321 415 250 416 322 270 159 
367 224 139 467 14 303 323 408 213 287 
371 98 387 360 386 63 223 258 449 128 
347 111 10 200 131 238 155 390 339 178 
91 300 201 261 391 182 2 440 196 105 
157 142 96 190 21 59 58 183 141 237 
120 457 313 152 252 361 169 226 271 260 
123 478 329 450 462 359 500 470 101 480 
153 150 325 148 218 326 145 495 117 266 
211 27 278 487 146 220 241 191 275 106 
486 489 175 448 427 8 75 381 434 29 
17 320 186 26 72 110 73 64 140 305 
426 406 161 494 245 132 341 355 125 475 
311 364 219 194 420 472 439 94 257 407 
144 338 19 30 298 97 170 168 428 471 
451 421 279 319 393 119 286 437 424 432 
107 333 343 267 453 44 233 206 129 20 
340 138 133 66 281 460 327 331 6 315 
285 156 336 384 195 81 394 377 199 179 
373 413 491 160 254 33 442 5 34 395 
474 43 126 295 212 429 109 399 187 264 
483 22 454 397 376 188 92 318 335 401 
308 409 113 277 12 418 356 465 366 36 
464 103 100 328 410 71 114 122 209 431 
95 492 115 37 458 433 61 74 166 231 
299 93 372 167 193 52 55 283 239 9 
348 383 446 1 222 54 151 265 349 88 
235 51 425 174 482 68 477 388 419 473 
289 324 184 352 181 32 204 42 210 198 
302 306 86 284 380 317 67 332 430 496 
23 57 83 99 84 488 436 479 76 469 
134 228 202 344 4 80 46 247 290 28 
154 346 78 45 461 53 121 456 16 389 
49 25 135 438 382 60 273 70 251 396 
368 90 282 173 207 217 3 172 385 104 
374 276 301 227 370 69 89 215 79 50 
242 499 240 441 214 62 65 293 77 375 
35 164 24 466 246 225 304 398 102 255 
216 229 405 263 149 280 108 147 400 41 
259 411 48 314 447 484 345 124 38 288 
316 
