251
0 111 131 26 132 6 186 129 116 18 
178 229 80 231 100 225 192 19 240 119 
195 113 149 89 49 57 249 135 142 206 
71 15 61 55 33 201 224 68 140 38 
188 95 121 158 181 241 30 196 222 236 
13 1 207 66 177 221 50 218 21 205 
101 94 169 35 216 107 40 161 244 156 
2 77 245 103 114 91 123 74 82 115 
112 203 175 153 248 81 141 220 215 28 
32 108 238 204 62 67 63 27 7 41 
160 159 20 10 213 179 199 138 167 136 
133 176 124 130 233 139 208 118 39 87 
247 86 70 64 72 164 48 37 237 155 
171 180 98 246 83 128 227 228 165 250 
34 46 239 143 148 150 214 60 92 23 
173 235 17 232 51 3 24 163 54 134 
211 185 126 75 47 184 69 187 117 78 
120 183 90 31 242 157 104 191 189 42 
151 190 170 234 172 4 110 99 197 145 
9 154 52 106 11 65 102 243 76 147 
168 96 200 12 194 226 59 45 137 43 
122 219 144 202 230 88 22 166 217 5 
93 209 53 109 182 162 8 79 58 84 
146 44 193 125 36 198 97 25 127 210 
174 73 14 152 212 223 29 85 56 16 
105 
