501
0 335 58 132 10 268 46 382 103 410 
168 325 77 457 468 455 278 396 139 181 
340 196 452 377 489 222 307 214 63 202 
464 7 149 475 57 185 332 216 292 228 
453 162 51 397 163 220 215 159 95 435 
443 313 492 16 200 354 326 342 176 43 
146 197 349 408 304 92 429 441 129 44 
378 308 432 433 237 1 321 240 467 29 
438 350 364 366 219 85 372 417 404 180 
352 91 3 75 110 178 290 193 8 28 
427 36 122 351 405 398 456 317 143 246 
272 478 221 409 380 386 403 251 55 154 
401 406 391 40 338 210 499 102 38 123 
48 291 157 83 49 314 344 6 231 482 
13 448 41 59 119 30 164 458 208 94 
283 284 353 416 302 211 116 93 52 96 
148 120 17 375 174 445 106 203 276 206 
282 15 130 371 431 446 312 26 339 33 
259 474 61 155 483 127 471 367 144 150 
463 477 249 407 440 362 288 235 128 480 
191 481 117 89 135 347 348 88 25 414 
170 133 394 454 459 175 500 194 257 39 
306 273 107 415 71 113 161 360 47 225 
389 411 496 253 254 491 497 258 451 186 
134 72 147 298 368 198 173 309 213 319 
402 412 124 356 142 385 493 490 363 37 
248 390 50 158 484 261 87 271 152 439 
260 293 345 234 333 27 184 156 361 153 
359 387 430 22 5 449 80 374 67 465 
419 19 476 126 108 250 115 171 376 189 
324 244 192 334 138 357 241 65 331 9 
111 14 311 145 421 84 442 121 263 369 
400 388 270 296 227 230 98 229 444 337 
160 330 281 327 226 303 384 346 238 182 
341 265 187 299 42 494 277 131 35 4 
125 392 183 73 239 488 243 301 381 109 
487 81 295 195 64 297 69 172 436 479 
31 422 76 60 79 469 66 118 165 450 
424 343 20 423 199 399 413 209 461 255 
224 252 279 166 358 370 294 86 426 45 
262 217 78 188 53 256 379 242 266 355 
287 274 275 167 97 100 418 70 21 425 
32 300 18 104 485 233 320 472 247 328 
365 190 112 437 218 136 205 318 11 269 
137 486 473 236 336 34 99 286 393 420 
310 56 62 498 141 395 289 316 264 204 
460 68 2 447 54 305 495 201 179 140 
434 177 82 74 23 105 24 428 90 151 
323 280 373 466 169 114 285 470 315 207 
232 383 223 462 322 245 12 212 329 267 
101 
