161
0 53 49 17 52 74 44 36 130 149 
147 70 143 96 82 50 146 45 84 20 
125 48 25 144 90 135 12 4 61 116 
69 65 22 27 3 55 33 62 129 41 
140 160 23 114 88 51 102 138 152 134 
118 39 32 10 86 104 59 46 56 47 
28 158 63 124 30 133 155 128 127 142 
58 112 92 9 141 78 113 40 83 5 
8 76 35 29 81 1 153 21 73 68 
75 66 18 145 14 37 16 11 107 103 
85 106 121 136 120 154 156 95 72 159 
87 38 111 13 97 157 67 34 119 105 
94 89 100 7 64 6 126 150 43 77 
80 137 122 123 79 139 131 115 109 91 
31 108 26 71 19 60 132 151 98 110 
15 42 93 24 54 99 148 57 2 117 
101 
