1001
0 107 383 756 301 171 730 555 861 44 
770 755 678 322 549 184 516 951 140 896 
326 917 454 691 252 527 866 914 792 717 
475 734 867 526 155 147 233 505 352 131 
24 419 106 470 509 306 246 69 740 679 
554 729 46 671 950 783 423 980 913 813 
463 834 711 743 186 982 986 647 993 180 
188 59 617 943 796 27 514 694 725 528 
353 238 722 648 425 164 94 704 304 408 
362 952 126 924 926 255 643 39 203 642 
532 124 754 484 374 523 278 73 782 893 
276 75 562 80 999 89 479 968 226 587 
997 200 773 95 788 433 32 211 462 582 
267 502 682 43 651 517 822 732 667 859 
356 696 721 444 899 833 636 745 829 390 
455 143 68 718 16 149 25 22 772 670 
178 700 151 327 314 991 179 507 90 40 
576 588 928 762 723 476 465 182 612 224 
403 791 217 6 965 397 175 415 48 889 
676 214 260 335 857 308 598 906 381 136 
531 616 530 312 395 613 208 222 519 739 
850 231 911 189 501 946 116 709 533 895 
811 865 295 446 646 551 710 575 840 105 
862 336 962 28 63 580 938 288 552 592 
298 536 174 192 994 404 160 201 622 802 
259 720 216 296 578 537 286 393 748 391 
669 871 349 305 535 608 655 858 599 989 
778 839 908 138 855 300 650 142 370 966 
474 515 394 5 925 996 10 589 431 511 
434 168 771 485 659 708 604 568 389 377 
313 396 874 766 219 451 104 8 824 504 
625 540 763 232 343 737 148 584 172 280 
23 847 354 257 386 441 450 109 196 302 
949 699 922 800 508 127 703 807 283 248 
234 728 119 940 334 328 596 618 437 662 
638 746 821 266 959 542 413 15 877 340 
34 166 426 137 541 805 58 603 316 488 
422 51 521 473 538 477 447 290 77 229 
941 494 606 414 411 621 311 351 856 348 
440 878 619 461 74 529 406 672 752 129 
864 795 471 347 787 100 366 890 13 780 
258 852 281 879 919 424 409 958 849 705 
99 271 317 645 355 36 767 159 87 125 
239 902 869 790 88 545 681 273 115 57 
319 497 277 995 843 472 832 978 686 594 
657 269 197 758 930 546 624 757 421 50 
35 793 324 357 654 202 198 1000 663 900 
20 873 563 713 910 165 154 819 220 556 
812 765 47 804 751 719 139 56 912 215 
513 963 585 863 64 760 630 688 111 595 
236 901 330 661 823 456 665 210 620 61 
341 120 753 153 786 560 291 799 199 400 
323 285 270 84 988 972 929 480 777 331 
407 961 640 883 586 135 927 287 641 838 
176 631 66 227 498 789 781 65 274 78 
122 637 412 169 967 86 656 872 776 956 
486 367 561 251 29 93 668 566 435 339 
897 817 738 284 402 4 860 525 697 55 
809 240 733 70 466 42 868 96 842 572 
241 12 146 418 91 194 30 677 369 814 
467 71 558 673 442 808 427 158 524 983 
565 916 21 495 364 593 31 344 942 92 
493 567 67 209 602 399 797 701 191 448 
379 731 689 98 559 888 976 666 633 342 
123 605 464 828 478 845 933 726 932 337 
453 483 975 430 577 634 293 150 990 114 
492 649 212 948 810 571 769 574 110 458 
500 268 909 918 3 960 489 692 979 921 
449 346 373 626 693 557 292 935 230 237 
712 460 785 207 987 163 615 724 944 851 
794 244 358 156 371 853 204 553 108 591 
894 903 439 185 953 876 698 583 121 784 
54 365 947 249 714 380 436 923 97 410 
72 392 130 376 1 303 103 76 985 744 
818 570 747 265 775 600 875 247 954 735 
635 695 522 221 382 41 973 806 53 299 
957 964 417 307 970 674 52 443 487 60 
79 627 37 628 225 660 228 38 590 680 
998 520 518 145 363 398 170 372 749 420 
457 685 235 880 706 664 658 534 844 915 
512 167 825 481 405 761 510 469 815 702 
416 213 764 183 133 992 26 836 614 904 
452 321 652 2 564 607 482 644 388 623 
384 181 318 378 886 250 289 325 716 768 
632 736 141 905 310 984 801 548 653 891 
573 579 368 491 262 610 128 687 205 332 
543 496 870 195 112 279 971 144 329 611 
892 45 715 939 820 49 798 683 245 569 
152 937 261 177 272 102 359 881 385 282 
550 9 118 742 134 275 345 920 264 848 
157 338 827 977 490 741 934 309 499 750 
445 907 17 597 18 193 173 629 361 503 
113 816 254 350 974 854 162 945 117 438 
539 432 294 885 360 837 759 981 320 83 
955 190 223 218 675 19 544 428 253 547 
81 132 387 256 727 707 14 846 774 969 
639 601 936 101 62 884 887 7 826 468 
506 375 161 779 297 315 429 243 684 33 
206 898 82 690 85 581 263 333 401 187 
835 841 459 831 803 882 11 242 830 931 
609 
