1001
0 61 265 193 277 105 32 472 862 470 
940 212 815 914 785 402 81 498 833 55 
722 49 513 667 11 431 530 582 996 642 
738 227 50 222 419 935 93 98 359 929 
955 644 408 625 328 987 624 842 807 38 
750 392 724 111 797 871 988 754 135 56 
327 608 991 945 232 345 529 479 928 221 
826 291 242 674 194 229 761 678 143 104 
758 138 528 622 67 772 981 890 414 74 
882 202 132 39 631 114 577 237 661 412 
545 306 894 362 319 655 989 235 512 89 
721 150 233 164 846 57 740 179 649 580 
603 585 756 796 511 924 204 795 903 581 
404 170 216 347 590 66 300 416 171 804 
636 841 480 728 904 317 611 775 27 823 
597 561 847 973 926 407 78 92 602 316 
648 445 925 536 635 599 381 77 555 946 
363 658 864 630 872 901 784 961 263 653 
309 29 137 568 979 239 744 591 743 243 
244 54 764 606 861 567 401 865 180 739 
487 323 37 335 58 749 2 148 369 976 
321 869 517 489 700 920 496 859 703 614 
59 993 217 87 836 705 272 774 337 151 
234 763 344 185 586 422 371 621 12 131 
855 482 72 484 732 803 385 36 5 339 
405 643 736 962 531 617 665 103 714 671 
374 715 832 626 278 684 259 322 113 245 
10 504 373 461 298 220 384 64 777 273 
708 313 782 434 680 918 406 448 880 949 
584 464 207 789 958 919 320 664 767 477 
506 73 88 449 514 187 675 698 251 201 
286 609 326 315 588 223 108 905 809 633 
889 425 600 867 657 209 181 854 765 500 
230 629 673 411 52 389 118 415 338 939 
886 142 828 394 68 16 843 184 813 994 
535 647 391 573 224 65 596 79 463 757 
717 305 778 687 786 191 607 3 183 697 
195 353 84 870 682 818 493 707 70 302 
370 654 835 354 163 702 681 225 975 282 
355 760 827 178 769 623 589 563 199 853 
551 210 969 613 515 48 410 188 140 364 
432 605 136 558 248 287 283 662 219 950 
773 848 672 333 485 357 565 810 447 343 
593 271 147 25 753 488 812 604 794 453 
550 290 206 139 186 33 420 80 153 953 
314 390 508 616 90 509 817 547 527 937 
95 576 451 246 128 910 711 158 308 800 
274 426 546 332 537 679 746 340 522 552 
468 475 838 639 196 977 368 349 790 922 
897 83 289 435 267 288 954 652 879 768 
228 566 980 427 995 745 663 45 824 266 
214 503 875 637 690 474 175 798 694 275 
518 966 959 253 816 393 154 117 310 299 
213 351 781 458 502 640 895 377 366 443 
532 231 543 76 318 831 808 783 450 437 
372 62 770 330 421 173 932 556 395 913 
53 656 507 60 986 352 495 285 983 881 
974 885 957 942 145 466 562 122 161 261 
902 197 834 638 595 198 554 250 124 255 
725 539 192 442 241 23 592 933 801 716 
845 692 579 476 133 752 651 916 888 331 
805 892 696 852 992 574 121 985 646 965 
123 155 701 284 819 710 998 820 970 483 
13 35 465 948 189 978 469 829 737 776 
279 182 417 751 418 519 944 380 301 281 
900 619 403 166 126 634 868 840 141 510 
190 896 375 494 830 492 429 873 856 792 
24 40 952 524 295 620 822 438 877 388 
436 159 941 719 34 22 741 473 258 628 
31 383 86 780 709 723 396 575 69 706 
348 849 107 456 990 172 947 428 334 342 
240 533 125 618 203 688 116 686 85 934 
325 699 268 304 668 296 666 21 911 799 
378 329 156 521 346 75 51 130 398 307 
967 943 930 526 358 382 430 583 670 236 
46 534 874 793 964 292 471 999 860 641 
174 350 276 491 397 441 759 9 160 540 
858 676 336 742 505 312 685 844 467 497 
735 516 906 455 610 152 28 615 149 226 
252 365 379 280 730 863 747 960 14 110 
748 542 677 972 689 386 254 984 112 557 
446 460 821 15 200 99 541 262 361 771 
238 94 120 731 572 454 891 917 523 341 
457 899 659 693 691 956 544 718 7 971 
17 927 43 264 802 423 762 501 303 452 
887 729 968 733 825 559 101 727 720 814 
791 876 8 30 257 100 520 144 360 20 
997 444 549 269 146 4 578 97 91 96 
462 297 41 587 106 63 71 249 424 963 
660 211 560 866 157 601 215 923 570 478 
6 459 324 936 908 712 571 439 409 951 
909 19 82 811 669 162 433 440 525 787 
857 851 884 1 311 134 294 260 44 109 
734 704 367 850 176 499 356 713 921 26 
915 645 788 907 564 839 399 683 898 755 
270 400 837 47 548 695 779 129 168 387 
982 806 127 1000 177 256 376 42 650 169 
878 247 486 218 538 553 912 490 594 766 
102 938 931 893 119 167 883 598 413 726 
481 115 208 627 293 632 205 165 612 569 
18 
