1001
0 556 29 197 823 12 517 77 648 282 
441 933 714 829 401 844 335 139 971 820 
36 810 418 477 889 393 802 929 873 523 
285 525 864 200 730 953 487 22 834 963 
877 87 613 934 562 224 297 254 125 801 
776 176 974 821 279 74 28 782 11 737 
377 70 893 806 40 164 278 667 727 323 
759 748 495 67 795 676 659 413 710 664 
577 895 196 918 337 994 814 653 646 365 
140 903 559 708 709 183 308 841 260 635 
514 181 768 305 208 633 905 99 831 888 
550 465 957 452 91 31 980 674 228 660 
231 276 89 188 372 502 600 387 493 808 
439 61 644 470 749 705 184 147 94 662 
552 670 141 699 585 353 851 789 778 962 
448 51 84 543 482 952 720 354 269 130 
547 539 866 483 915 385 677 583 916 234 
908 115 984 93 830 209 166 400 27 82 
767 306 825 935 975 588 966 746 733 758 
55 157 684 325 694 881 686 274 243 402 
382 238 751 620 807 621 570 992 766 777 
920 201 536 101 731 185 411 221 876 97 
969 861 894 542 584 220 277 625 85 555 
144 226 344 732 20 275 394 289 986 168 
853 150 981 451 717 478 839 870 236 484 
998 945 37 848 375 818 68 374 251 438 
972 50 946 854 170 432 582 2 259 39 
290 780 430 515 369 373 811 622 554 533 
98 81 887 69 912 993 988 267 509 683 
637 190 64 319 59 499 423 510 604 96 
317 689 253 446 619 898 685 587 60 568 
643 13 553 113 343 755 672 129 911 991 
813 293 796 819 608 763 534 35 944 299 
78 427 214 886 753 198 879 671 645 17 
603 179 614 329 414 352 744 783 440 435 
48 384 949 419 271 405 595 489 210 921 
607 928 328 860 120 223 679 108 942 359 
652 388 507 663 581 218 538 642 386 199 
943 287 121 261 433 901 909 558 149 16 
610 420 609 263 574 856 73 174 669 42 
424 990 793 729 421 32 781 165 787 298 
370 345 450 417 313 273 205 678 640 970 
760 596 379 416 327 392 650 62 212 505 
651 288 132 233 262 399 307 618 978 857 
134 833 45 561 773 629 688 896 985 871 
878 324 836 426 616 266 707 790 463 294 
804 34 244 41 286 738 178 314 799 546 
955 339 245 692 213 661 997 852 627 687 
544 726 623 376 508 843 682 701 698 312 
216 769 118 712 23 968 301 461 26 320 
528 919 872 785 675 715 131 537 252 492 
756 479 850 5 355 171 95 513 606 892 
791 634 668 890 336 716 163 280 242 580 
207 695 826 270 445 490 114 690 931 167 
897 318 145 592 322 58 156 460 498 904 
591 521 930 371 381 152 907 219 311 444 
316 524 71 628 798 265 315 447 655 865 
442 348 977 175 573 56 951 900 706 467 
485 658 512 803 19 987 697 579 605 809 
204 310 867 332 356 349 367 111 906 363 
774 264 18 159 869 360 239 112 932 656 
817 754 281 545 119 154 938 272 519 80 
923 632 14 657 724 66 350 673 255 180 
469 816 415 601 752 800 965 950 340 304 
378 750 9 784 6 25 471 237 123 849 
169 422 486 551 247 858 57 431 917 518 
187 76 739 403 342 719 572 882 967 268 
765 526 939 875 666 680 302 936 996 899 
702 598 225 65 822 227 457 481 44 162 
177 922 874 464 194 956 557 703 786 347 
383 391 124 217 88 30 735 578 153 531 
883 779 126 364 612 511 249 230 135 914 
75 569 395 358 630 3 137 597 443 711 
117 704 434 983 770 49 480 740 309 913 
501 105 884 599 437 560 902 565 564 745 
586 840 24 8 102 594 189 106 925 429 
937 532 838 291 611 143 723 576 827 72 
361 566 540 232 206 995 567 718 762 665 
725 90 842 757 617 961 346 409 924 693 
503 338 824 398 83 771 235 366 300 797 
548 496 455 86 122 741 250 522 954 389 
341 721 33 880 989 641 110 211 404 459 
116 47 805 964 700 722 638 368 79 100 
927 734 21 958 357 7 296 973 691 52 
63 602 10 792 910 527 103 891 794 258 
202 127 476 406 654 535 960 520 571 728 
516 982 649 855 46 15 397 488 128 681 
454 43 1000 736 497 160 161 504 868 396 
474 104 979 428 151 192 186 631 195 575 
215 148 133 624 940 283 303 248 257 362 
284 788 191 764 639 863 541 326 182 491 
462 772 222 138 549 626 295 947 390 828 
472 500 948 696 330 593 458 408 292 333 
142 246 837 155 859 647 412 229 240 812 
999 976 590 38 1 334 862 456 589 54 
747 845 530 885 380 494 109 832 173 835 
846 425 92 256 410 775 926 473 761 563 
321 331 466 959 172 351 453 742 449 146 
136 815 53 941 407 615 203 158 193 847 
468 743 436 107 241 713 475 506 4 529 
636 
