1001
0 528 728 506 191 415 721 830 700 981 
324 688 399 604 21 286 470 393 325 632 
306 895 321 68 126 487 107 271 118 653 
564 991 582 654 795 924 845 353 474 230 
759 534 563 676 974 193 914 805 702 379 
979 445 158 954 311 867 272 220 368 402 
328 628 58 725 72 815 327 436 82 775 
766 252 859 410 237 760 715 695 478 951 
322 156 404 508 318 556 461 294 803 123 
678 206 115 673 808 840 122 427 39 630 
685 121 363 781 911 729 61 660 216 169 
166 514 246 789 698 273 881 3 71 42 
12 599 84 877 970 598 373 100 752 228 
202 631 801 465 554 883 593 41 31 365 
344 245 417 767 793 345 211 637 360 957 
551 29 754 750 117 524 340 613 175 405 
934 451 680 356 764 907 281 719 919 697 
27 501 738 988 224 37 562 106 490 588 
384 509 784 643 950 945 713 856 872 432 
575 424 499 479 120 782 977 543 266 86 
307 196 584 583 898 814 870 131 937 666 
254 258 505 408 589 66 861 838 658 188 
257 547 11 231 32 819 480 665 81 535 
550 936 420 96 751 138 152 203 720 139 
606 146 460 435 229 879 236 93 941 397 
972 114 966 401 45 348 214 691 552 209 
418 829 423 986 112 684 332 731 239 347 
354 279 538 596 687 994 522 150 159 568 
486 608 711 886 889 349 771 351 984 638 
807 53 647 557 730 176 894 913 361 484 
385 25 103 655 998 413 97 816 491 841 
969 458 545 591 48 249 468 406 240 386 
440 900 868 442 765 425 4 485 472 326 
282 343 339 763 319 1000 689 2 669 498 
469 367 627 561 83 464 770 255 247 629 
987 275 756 825 857 300 50 414 127 967 
696 626 615 178 151 860 578 682 812 806 
694 270 137 238 740 909 620 958 277 79 
269 938 429 842 661 438 22 662 667 968 
797 291 959 916 574 482 225 90 946 201 
46 287 411 540 597 844 947 51 495 641 
923 531 948 732 523 569 290 308 23 165 
792 455 739 285 902 724 57 813 74 823 
47 184 741 444 619 708 135 577 352 956 
313 189 572 261 846 976 871 735 341 358 
996 430 905 891 359 513 964 412 566 54 
312 786 586 705 67 747 301 904 699 607 
443 975 55 500 742 855 761 650 24 116 
843 183 892 398 387 674 558 305 227 264 
649 262 200 14 973 450 601 471 64 212 
610 334 703 639 839 926 448 982 457 496 
52 256 314 284 748 502 333 369 953 73 
141 181 590 179 929 162 124 683 849 651 
250 180 800 745 516 833 848 70 932 887 
625 130 993 253 233 527 17 928 28 717 
570 567 78 587 20 371 541 38 943 818 
213 473 428 153 799 376 111 548 394 798 
579 503 899 783 467 874 863 961 912 234 
565 299 173 174 836 142 546 49 235 6 
826 594 768 293 901 375 192 459 317 726 
419 102 338 110 382 908 518 746 30 170 
34 544 933 609 952 362 935 132 431 962 
437 44 504 63 835 483 456 59 33 243 
335 494 221 707 108 657 560 642 940 144 
260 656 600 446 161 743 512 392 526 776 
80 396 785 906 773 40 366 136 278 605 
488 876 199 109 595 481 164 727 692 95 
999 346 634 168 921 62 241 26 222 645 
403 8 539 866 824 454 992 217 292 537 
942 677 686 633 288 922 758 668 185 140 
573 791 884 618 612 390 847 980 510 407 
172 357 710 990 888 197 248 330 77 69 
831 592 409 549 679 635 794 143 133 377 
296 749 603 521 507 355 580 885 76 155 
336 380 963 890 832 426 960 903 35 581 
177 553 219 796 623 810 422 762 790 87 
854 772 251 267 101 734 769 536 190 125 
704 265 873 449 809 381 965 788 636 283 
16 167 462 323 853 644 475 447 971 675 
493 148 693 930 611 737 19 263 395 621 
208 571 497 391 882 828 119 289 309 10 
128 774 149 98 663 834 320 925 205 316 
329 852 670 880 701 75 744 955 555 614 
837 753 88 204 466 113 736 242 60 716 
134 268 389 585 56 105 804 862 944 198 
337 439 13 817 542 706 918 370 378 640 
897 91 295 463 244 9 617 989 453 65 
388 997 529 949 154 171 92 194 477 681 
520 915 416 532 280 827 182 372 755 434 
733 821 983 85 160 452 525 778 342 648 
917 672 664 1 515 492 5 195 433 145 
215 622 723 476 811 931 374 714 864 303 
43 223 616 718 421 15 218 576 7 777 
659 690 624 129 709 304 441 787 400 187 
298 939 978 712 671 489 94 18 383 99 
865 310 226 259 302 163 511 519 995 878 
920 820 533 517 157 315 985 364 559 104 
851 602 186 331 779 896 822 147 850 210 
927 757 276 910 207 652 36 893 875 722 
232 646 274 858 780 89 869 350 802 297 
530 
