251
0 65 221 190 7 66 17 118 165 24 
56 9 23 248 197 84 148 33 98 246 
87 6 102 100 169 228 144 156 237 172 
110 183 247 18 38 233 70 48 64 230 
193 29 216 175 181 223 12 44 170 26 
149 136 36 62 114 40 89 141 73 192 
4 41 232 95 173 42 92 19 235 167 
39 54 8 161 184 90 88 158 215 187 
77 249 115 220 112 28 201 150 57 55 
103 97 134 166 78 226 152 242 238 67 
227 146 132 125 68 43 105 104 204 49 
113 168 176 179 133 147 218 131 47 101 
91 203 13 198 5 14 61 234 32 241 
130 210 213 93 31 212 205 188 52 37 
59 107 153 207 177 129 229 162 128 126 
76 83 202 208 178 72 30 189 143 2 
145 163 99 250 142 195 124 116 15 10 
69 159 243 236 106 244 58 63 209 11 
155 182 174 71 194 85 81 127 79 3 
164 180 224 214 117 217 108 186 240 171 
222 22 123 53 196 60 122 206 157 191 
51 119 16 135 34 199 225 21 35 46 
94 211 109 82 185 96 151 139 231 138 
86 245 25 50 1 45 75 80 121 239 
154 140 137 160 27 219 120 74 200 20 
111 
