501
0 363 318 355 22 486 178 275 71 324 
448 240 75 160 38 271 40 152 139 299 
424 123 469 53 387 440 449 114 373 372 
302 249 62 118 103 190 257 46 362 51 
306 244 77 459 268 253 308 489 290 263 
196 286 217 184 109 444 170 284 453 223 
378 78 195 131 248 315 229 222 270 143 
498 29 351 256 90 54 336 262 197 3 
340 352 155 15 272 392 301 24 260 441 
140 234 104 478 334 125 199 381 297 425 
259 276 356 194 341 316 4 19 326 382 
311 456 111 12 460 403 138 205 279 112 
304 281 443 33 10 117 435 235 26 246 
115 294 437 129 400 132 119 426 165 110 
193 55 226 122 151 204 52 168 215 405 
258 364 221 329 374 274 267 446 43 416 
379 34 393 128 5 476 350 247 106 327 
481 269 399 251 225 105 218 100 343 13 
60 30 157 404 383 358 461 179 237 67 
431 495 474 16 108 450 463 467 74 415 
496 480 330 250 208 497 375 206 70 436 
344 116 28 438 203 231 365 191 261 153 
216 63 232 320 76 307 325 280 58 186 
353 339 169 97 36 414 84 412 209 470 
27 135 113 338 198 134 238 348 49 187 
99 93 345 314 484 65 147 488 417 398 
185 252 44 293 149 418 227 11 328 312 
277 176 39 485 142 346 88 278 161 148 
354 282 224 81 477 482 370 92 79 487 
305 158 192 439 133 309 419 466 376 394 
366 230 172 159 96 457 451 207 17 499 
245 144 295 288 171 422 20 255 396 145 
164 377 342 433 42 239 409 121 454 21 
137 25 455 189 359 390 254 228 37 473 
401 126 452 361 464 124 479 98 413 69 
483 95 492 214 434 94 491 349 31 471 
150 41 331 410 162 141 285 333 337 101 
87 243 395 64 323 127 59 265 210 380 
212 411 298 9 1 14 2 32 35 389 
428 188 80 73 82 177 283 181 56 432 
163 86 130 368 494 146 465 47 300 472 
200 445 430 321 182 289 264 233 287 173 
107 201 50 322 167 407 154 241 303 211 
175 427 68 475 493 391 490 408 310 468 
369 367 23 447 292 236 386 385 266 45 
61 421 48 420 18 291 156 136 296 335 
183 202 89 317 66 8 360 442 72 462 
180 174 397 219 406 6 347 85 57 371 
388 273 213 313 83 384 220 357 7 458 
242 166 423 500 402 91 102 429 120 319 
332 
