701
0 16 109 514 269 138 481 413 564 215 
585 142 665 219 120 513 10 531 117 21 
474 627 539 615 191 682 27 206 573 367 
634 506 154 622 318 445 59 447 314 299 
293 473 141 613 449 435 185 152 575 437 
229 510 653 73 55 377 415 532 577 416 
671 341 689 129 471 591 379 568 588 455 
252 344 279 239 79 56 600 240 210 543 
452 580 8 633 642 330 603 515 180 57 
237 160 544 118 74 569 66 30 20 304 
166 273 605 487 17 412 76 108 6 19 
540 439 135 556 673 685 657 509 436 182 
464 78 306 332 159 385 40 289 302 594 
483 551 536 695 151 140 674 631 45 97 
197 38 426 696 527 407 408 75 380 619 
91 187 195 325 216 359 444 396 4 699 
518 82 37 102 475 265 663 313 369 618 
542 528 368 296 81 311 245 171 290 644 
583 482 335 316 111 324 362 440 223 96 
211 92 221 53 549 7 99 571 389 47 
683 486 351 358 309 44 352 100 346 326 
80 669 614 112 241 383 276 41 576 283 
397 584 659 561 231 230 226 268 126 267 
548 98 541 418 512 636 563 124 220 434 
399 656 150 190 181 450 305 244 365 617 
632 448 307 308 163 292 232 687 334 218 
635 516 686 51 443 46 493 144 578 558 
250 123 650 199 192 604 670 201 400 433 
251 131 103 402 607 534 666 547 214 616 
261 270 472 176 207 183 208 161 523 361 
675 364 680 511 357 698 119 596 566 692 
12 465 264 501 196 376 681 700 287 363 
429 327 488 172 646 110 401 50 217 630 
193 504 204 505 249 275 697 203 485 395 
202 165 48 169 468 177 333 438 127 458 
587 271 310 629 15 145 466 272 649 459 
24 122 664 319 186 280 90 87 595 69 
86 200 253 300 209 477 601 259 242 384 
431 130 526 553 457 470 690 291 23 266 
375 321 403 621 625 360 660 411 469 340 
623 2 36 34 29 212 336 88 282 559 
107 95 677 1 609 427 410 236 105 432 
149 565 247 381 349 667 348 668 479 43 
84 63 71 461 598 354 68 234 328 153 
446 597 178 425 419 260 285 430 294 148 
94 345 274 227 33 136 329 662 139 322 
655 372 570 560 26 610 658 641 312 254 
155 451 524 288 132 278 248 224 496 533 
323 65 303 654 593 339 643 256 546 606 
602 70 693 371 137 462 424 672 356 42 
581 83 205 301 498 366 18 497 529 235 
337 277 480 158 490 213 467 638 589 484 
189 582 574 535 489 645 281 355 116 460 
58 64 661 286 170 651 246 67 168 386 
49 194 222 500 390 5 391 684 3 608 
525 298 188 258 174 147 31 113 179 295 
579 114 456 422 60 338 72 406 353 54 
628 134 492 592 388 156 52 315 572 128 
317 143 478 343 502 173 175 11 507 676 
508 347 590 22 688 476 167 421 238 442 
146 428 554 494 13 115 530 394 14 522 
517 198 423 637 557 243 125 121 35 320 
495 640 93 503 538 255 453 648 491 652 
519 441 586 184 331 284 61 233 164 567 
611 62 537 77 562 405 550 262 639 520 
101 545 106 342 552 647 225 420 404 157 
162 392 620 133 414 626 555 28 694 612 
678 378 624 350 393 263 257 521 382 228 
463 398 297 85 454 32 679 89 39 417 
374 599 387 104 9 373 370 499 25 691 
409 
