1001
0 635 940 487 545 530 194 243 153 717 
116 524 652 181 974 824 480 811 290 590 
104 331 359 599 643 686 132 633 377 244 
291 722 301 908 155 586 563 892 704 188 
170 378 315 92 587 346 660 552 628 383 
82 251 689 163 778 236 675 21 574 28 
241 693 222 25 608 815 671 62 138 437 
429 425 862 871 404 808 302 219 394 239 
370 438 220 834 2 917 127 949 611 870 
729 753 987 899 640 45 647 360 160 821 
607 959 616 102 999 145 645 205 65 280 
882 140 424 300 513 721 440 159 805 165 
793 939 639 812 970 669 719 697 869 267 
52 593 859 770 226 991 894 396 960 881 
143 229 774 559 902 190 375 528 927 489 
866 209 810 712 171 176 55 789 472 754 
953 288 641 213 379 809 180 522 237 256 
283 529 627 865 841 580 890 619 325 113 
423 68 813 539 964 747 482 223 735 433 
848 340 761 53 634 88 535 861 601 100 
263 775 191 70 727 850 756 942 769 578 
485 123 506 631 124 790 39 216 664 681 
94 255 571 150 221 973 192 920 624 531 
30 23 963 460 13 525 183 878 51 998 
832 316 972 742 527 609 551 665 636 759 
854 212 185 428 461 519 342 638 225 730 
456 114 358 860 371 823 490 282 93 980 
658 306 41 709 40 569 168 884 919 430 
676 457 746 115 493 985 126 27 575 54 
984 214 508 334 751 497 151 14 162 546 
120 200 694 197 266 509 649 677 817 468 
329 935 944 771 835 889 397 307 822 905 
156 158 875 97 231 943 710 993 711 211 
679 845 35 591 764 101 234 6 320 203 
736 544 914 353 986 175 540 734 726 718 
435 453 842 691 299 502 326 567 252 680 
339 765 933 18 64 121 369 898 91 705 
978 534 695 517 737 921 247 483 623 673 
760 208 897 416 364 73 420 594 36 494 
169 20 592 577 390 557 780 692 967 230 
526 589 295 193 492 446 621 971 915 582 
391 536 982 720 885 311 819 72 777 572 
271 273 957 558 330 129 136 189 863 439 
432 931 323 784 828 549 858 240 584 71 
419 22 772 847 146 504 484 58 637 32 
148 655 745 744 922 541 657 332 233 662 
76 9 99 788 806 723 938 646 333 37 
876 103 336 201 297 672 667 392 622 309 
470 34 654 204 67 515 434 387 84 941 
895 382 684 610 249 962 257 814 361 516 
779 137 787 454 408 837 478 969 867 844 
612 232 287 44 630 496 173 500 275 199 
245 937 550 258 829 50 15 458 164 690 
879 840 614 857 838 617 542 210 906 324 
61 886 568 322 776 576 149 932 8 909 
555 766 46 422 831 990 348 196 606 839 
10 597 893 605 427 471 284 510 262 270 
802 393 56 683 182 207 566 537 398 112 
313 355 59 469 105 715 405 883 400 644 
47 268 554 561 395 157 945 507 757 184 
367 310 38 363 807 206 901 975 825 952 
401 166 688 791 74 560 31 24 227 887 
406 936 648 286 337 800 279 7 475 877 
474 579 826 538 564 520 856 702 632 518 
533 261 335 570 431 19 547 853 455 441 
650 111 923 868 451 849 87 700 450 83 
565 276 613 910 374 305 403 293 376 707 
80 816 436 768 466 242 708 69 913 804 
246 357 523 491 983 843 356 604 682 713 
224 351 289 442 79 755 946 928 187 733 
888 596 228 846 588 903 548 350 598 532 
352 499 615 365 388 418 399 338 174 752 
296 409 17 900 198 119 254 178 706 16 
473 278 106 916 142 797 642 926 86 139 
965 514 830 724 656 385 238 981 95 304 
215 947 448 321 581 380 443 739 141 505 
855 81 386 511 426 294 476 585 85 265 
417 447 75 253 452 950 924 495 653 42 
738 96 298 670 318 259 904 107 678 583 
479 626 135 260 873 661 992 687 362 699 
668 167 951 368 543 384 958 312 930 349 
880 786 78 874 250 674 749 314 618 968 
748 600 292 781 63 731 26 740 773 29 
60 602 33 732 195 1000 49 110 556 716 
714 218 663 144 12 131 795 827 512 872 
799 130 912 988 303 758 794 961 217 328 
891 979 317 994 285 77 372 186 767 445 
373 281 319 954 743 4 666 48 133 134 
161 703 154 272 503 562 411 389 911 147 
264 248 414 864 728 117 907 462 553 996 
796 467 407 459 444 501 347 685 354 696 
741 659 11 118 956 179 725 620 172 5 
603 464 1 366 851 833 235 995 3 152 
989 486 573 89 782 625 66 498 488 343 
410 977 90 402 421 785 595 701 918 934 
521 125 109 477 415 801 762 57 122 381 
345 463 269 783 798 341 413 948 308 177 
98 896 818 925 966 929 792 750 976 274 
763 202 997 852 955 820 128 327 651 277 
449 836 698 412 344 108 43 803 629 481 
465 
