251
0 124 174 220 231 23 22 176 129 78 
217 96 64 11 118 248 238 226 10 56 
229 244 142 218 44 5 236 108 68 8 
95 234 186 84 42 144 41 3 52 208 
151 75 120 240 30 197 225 245 215 239 
183 36 4 201 31 40 112 53 65 70 
102 209 162 71 140 154 221 246 85 83 
147 210 177 187 141 38 111 89 58 79 
27 212 12 37 206 97 179 2 224 136 
100 233 152 88 137 72 243 188 164 66 
167 150 169 105 160 132 57 216 205 161 
159 13 62 60 110 76 168 54 51 123 
119 204 29 202 92 14 172 28 228 61 
222 106 235 26 98 94 55 145 138 153 
121 242 131 139 230 219 213 21 113 130 
6 157 192 81 199 48 34 103 107 117 
165 158 241 104 86 250 148 193 184 227 
156 19 99 173 237 194 18 195 232 63 
7 185 163 91 143 35 182 190 189 223 
134 90 17 16 59 67 46 133 214 82 
125 191 93 155 77 109 45 207 171 114 
73 181 203 180 69 87 24 25 33 116 
47 1 128 178 196 198 9 200 50 135 
249 126 247 115 122 127 43 20 49 211 
32 146 149 39 175 80 101 166 170 74 
15 
