501
0 487 450 42 393 41 141 260 195 77 
454 86 152 271 56 466 157 146 12 228 
483 221 166 419 10 296 227 378 462 58 
320 283 189 99 5 433 369 173 312 352 
92 20 318 314 457 277 358 257 163 178 
39 237 348 52 284 51 429 21 265 68 
34 461 379 360 170 420 297 110 423 118 
13 440 188 23 413 209 361 337 67 463 
174 217 354 399 6 324 210 426 252 424 
201 411 94 319 233 219 32 109 214 442 
180 282 63 4 215 138 343 143 497 115 
204 458 435 160 280 238 286 148 371 430 
323 45 456 443 261 464 292 390 25 235 
365 367 353 212 133 48 28 213 222 249 
167 490 273 181 436 342 469 397 126 330 
129 383 8 392 310 480 385 394 334 211 
338 17 139 76 207 244 172 186 60 197 
119 105 2 387 135 478 294 345 409 18 
388 302 274 447 321 232 49 108 495 75 
182 264 499 448 404 15 287 308 402 33 
171 31 84 309 267 317 350 351 7 347 
368 241 434 30 83 327 455 57 381 220 
482 329 190 258 132 484 331 374 493 46 
175 91 364 162 70 59 142 412 44 439 
100 269 159 165 161 479 325 114 268 43 
474 113 208 251 61 384 69 54 476 164 
293 313 406 104 301 400 453 89 202 226 
80 196 362 155 418 485 492 79 230 398 
205 410 247 224 359 289 304 140 471 243 
460 40 339 194 445 375 421 122 16 488 
147 438 150 427 130 123 36 403 27 468 
489 95 64 14 477 192 380 154 179 377 
498 441 386 395 416 270 112 407 328 231 
452 291 145 389 37 295 401 11 278 200 
151 72 127 363 344 19 356 242 372 299 
470 156 305 414 116 366 432 248 53 336 
256 415 191 66 198 446 300 486 315 9 
136 103 93 335 449 134 428 158 218 444 
183 47 96 101 396 168 263 229 216 120 
262 50 266 373 491 311 306 451 22 203 
88 234 73 177 29 107 417 500 422 225 
467 276 341 288 357 405 223 82 496 199 
254 275 78 74 62 102 35 425 326 259 
236 144 473 332 131 246 370 169 98 333 
240 459 250 355 298 85 193 239 111 272 
106 128 290 281 185 87 349 253 149 346 
408 316 206 3 1 81 285 475 121 245 
55 137 382 176 184 376 125 187 255 97 
340 303 472 431 391 153 481 24 117 494 
124 279 71 26 437 465 90 307 38 65 
322 
