501
0 6 111 3 441 448 481 321 165 368 
239 383 437 169 205 267 39 300 214 293 
409 97 425 489 338 135 390 370 48 457 
224 265 464 5 493 10 160 249 170 278 
122 55 264 14 180 416 208 36 198 313 
54 193 492 167 304 366 326 375 128 230 
263 259 84 497 149 455 429 204 446 399 
206 202 449 474 190 417 407 32 358 93 
113 266 168 391 276 188 262 46 250 307 
252 339 397 257 403 56 362 494 226 279 
70 87 173 35 179 194 431 73 309 154 
171 68 478 99 40 8 467 432 209 64 
420 462 78 242 197 439 428 485 413 367 
436 357 294 123 354 384 129 318 231 235 
463 287 388 1 182 186 414 491 192 60 
350 222 199 33 345 17 34 217 215 47 
127 130 201 498 319 82 115 301 185 290 
412 456 18 145 67 223 314 380 352 361 
324 258 45 117 195 162 419 480 108 247 
271 105 37 83 53 191 484 286 158 296 
177 398 261 381 256 274 469 237 221 343 
483 74 468 442 11 24 241 229 320 213 
152 30 164 137 246 189 126 422 360 327 
234 349 42 101 317 116 444 289 351 219 
424 302 438 21 71 406 372 245 311 385 
376 394 330 175 58 331 134 270 288 38 
382 184 476 144 365 28 220 435 91 440 
86 106 146 12 451 228 156 342 471 280 
373 255 107 13 25 303 328 77 323 109 
353 244 411 336 4 176 396 196 369 421 
57 488 389 275 114 118 216 346 85 434 
477 332 174 43 159 23 22 496 297 447 
499 475 418 66 153 80 344 405 458 125 
283 95 218 400 341 79 94 408 423 200 
100 282 44 410 75 359 273 227 251 500 
65 52 443 238 9 29 211 90 96 260 
379 347 322 210 155 268 445 110 363 334 
203 386 472 120 212 157 393 335 143 254 
356 138 225 329 59 427 240 402 49 325 
61 340 89 76 312 430 453 315 308 62 
461 348 148 465 104 466 142 479 232 378 
298 124 310 26 131 355 292 333 139 172 
51 316 415 133 187 98 140 92 27 482 
337 272 426 2 285 490 460 284 233 277 
181 305 102 473 161 395 103 404 459 147 
16 374 495 454 306 178 163 207 433 141 
377 401 486 487 69 20 269 132 88 112 
119 19 243 136 248 364 253 72 392 450 
121 452 50 41 15 236 371 31 166 387 
150 299 183 470 151 63 295 281 7 81 
291 
