501
0 211 232 153 37 188 215 323 333 138 
30 219 450 158 58 302 246 261 427 488 
272 367 194 368 463 440 152 454 493 458 
250 372 360 376 292 412 142 225 52 212 
260 35 114 231 108 483 337 449 284 47 
422 335 172 130 439 34 362 155 18 286 
444 95 350 297 390 279 268 355 117 418 
283 353 456 273 5 475 102 303 496 234 
69 149 249 28 431 497 217 320 378 430 
61 244 361 406 403 290 89 13 438 281 
371 64 46 32 358 326 399 216 79 426 
150 171 306 445 298 462 275 293 90 478 
476 243 154 340 428 425 442 187 208 45 
51 174 223 241 415 9 491 36 300 346 
214 38 291 379 471 19 447 429 115 338 
160 224 165 189 105 135 473 307 183 466 
41 221 325 453 404 120 356 245 121 258 
267 423 494 484 76 92 141 382 269 179 
482 263 276 357 331 55 230 6 143 451 
136 336 87 204 481 101 236 54 118 248 
492 74 200 495 99 342 301 464 255 327 
190 472 265 329 8 23 70 128 304 229 
253 167 31 29 316 16 369 177 468 398 
441 4 82 176 374 311 364 228 401 487 
345 420 56 145 396 205 330 116 435 180 
191 388 170 500 44 402 91 299 131 227 
480 411 73 461 186 83 448 226 198 207 
3 381 151 308 144 110 366 433 443 126 
469 63 239 477 20 42 394 33 178 317 
60 53 88 132 173 238 328 457 460 334 
294 68 373 81 352 123 148 24 397 305 
21 22 181 169 277 347 103 322 129 434 
240 203 413 201 310 389 393 274 209 85 
156 405 383 348 309 185 193 257 365 499 
140 254 313 271 12 112 341 43 107 266 
137 485 386 104 407 195 122 184 80 409 
436 296 392 77 206 351 182 26 220 163 
455 319 175 498 262 1 432 96 280 452 
465 100 161 133 27 247 106 312 113 235 
84 339 400 222 380 421 278 384 2 314 
94 414 48 159 59 65 387 199 146 416 
97 391 134 287 25 71 168 57 197 10 
66 109 315 213 237 295 124 377 490 259 
332 166 349 385 395 14 218 252 17 202 
139 111 242 40 50 98 157 474 289 251 
321 470 119 324 489 67 486 72 192 125 
354 147 285 127 233 264 282 467 39 93 
437 78 196 446 459 11 410 343 162 479 
164 363 86 270 49 375 75 419 15 344 
370 417 210 256 7 288 62 408 318 359 
424 
