1001
0 733 858 895 149 921 264 61 850 889 
645 708 683 208 606 163 811 173 648 512 
176 274 644 595 29 370 561 626 343 35 
981 218 92 364 77 740 137 613 200 98 
666 41 703 357 247 330 205 487 665 140 
768 580 489 819 132 93 938 752 2 197 
550 804 136 521 30 179 531 791 901 462 
576 156 903 551 813 599 629 261 402 973 
413 511 782 640 129 103 254 354 893 970 
688 992 383 892 669 125 124 161 674 115 
88 192 536 283 301 325 239 350 660 860 
627 725 49 269 849 818 552 793 853 553 
346 184 76 996 637 656 530 474 167 851 
806 911 546 667 315 195 957 497 631 86 
670 439 310 209 738 584 795 934 290 886 
229 358 971 781 963 928 26 85 465 812 
191 253 306 245 887 655 425 110 942 642 
556 273 646 935 20 421 256 936 318 991 
979 56 983 452 823 964 657 590 999 481 
193 266 403 14 363 602 565 840 705 577 
217 827 81 189 485 348 969 83 748 623 
133 918 500 166 174 681 808 855 302 64 
169 177 46 162 581 281 37 951 621 713 
596 317 872 464 117 554 881 111 654 517 
219 58 396 859 66 185 101 384 692 777 
885 778 461 233 432 434 838 375 558 591 
38 374 771 939 947 508 931 314 825 773 
291 277 800 340 515 249 494 916 32 341 
707 854 108 160 146 870 792 275 206 147 
458 568 770 797 940 975 710 835 414 175 
295 987 203 946 876 72 867 265 829 729 
555 809 320 400 959 658 736 339 27 990 
123 59 335 316 385 953 79 845 560 334 
726 997 985 502 984 513 543 722 430 796 
1000 505 784 653 831 478 727 216 769 772 
87 498 460 313 338 557 135 491 501 891 
559 678 539 139 382 369 948 13 31 178 
711 880 620 820 758 618 435 868 212 866 
884 915 899 186 944 282 924 994 80 516 
9 731 647 399 767 171 750 638 276 480 
955 625 408 145 737 842 242 789 476 170 
509 787 243 506 966 815 131 874 287 671 
890 783 586 228 401 765 608 417 351 977 
578 230 11 84 920 746 361 995 574 676 
373 650 529 347 99 615 426 879 89 355 
518 739 786 986 908 300 643 224 534 210 
566 24 900 366 455 479 286 74 700 917 
418 532 743 416 677 907 120 785 451 293 
927 910 495 614 94 394 684 378 909 207 
685 68 742 635 714 564 198 257 262 415 
57 71 443 17 138 766 493 181 832 438 
367 422 704 53 844 597 60 333 379 152 
755 376 255 397 199 433 562 404 122 801 
492 73 309 744 929 429 454 980 535 976 
822 610 593 826 865 507 431 828 236 749 
753 747 673 362 967 371 180 956 107 82 
588 463 763 299 906 222 459 567 814 540 
728 922 575 148 930 303 974 675 412 97 
757 717 40 982 194 609 393 689 624 16 
651 8 62 923 405 241 962 998 109 368 
761 213 284 587 475 706 716 427 102 12 
220 898 21 428 388 570 172 600 42 634 
779 583 252 682 10 912 604 223 353 810 
328 248 43 324 271 926 234 945 709 398 
453 914 968 311 468 871 55 352 157 419 
473 304 759 471 965 780 386 327 144 168 
1 187 445 395 798 128 332 377 22 632 
305 833 436 612 548 260 5 446 221 387 
718 701 697 67 225 44 790 611 151 894 
4 788 442 215 19 90 607 571 905 244 
440 392 616 78 272 409 472 188 450 774 
70 622 888 251 641 803 470 937 126 690 
734 104 663 319 745 933 633 112 547 699 
449 720 544 649 528 679 541 337 816 155 
235 549 467 817 533 356 323 134 153 488 
724 437 741 794 423 732 119 231 751 246 
96 47 448 802 18 919 202 691 696 960 
278 594 268 950 754 563 158 592 411 989 
503 978 756 520 932 232 545 538 420 883 
469 211 263 292 904 331 15 54 882 579 
952 617 65 28 988 345 661 36 958 525 
183 51 359 664 484 510 730 190 69 719 
856 381 307 114 896 652 204 830 349 863 
91 961 95 693 52 821 514 897 159 499 
75 326 238 847 365 312 34 598 280 687 
972 902 7 424 735 639 869 3 344 279 
694 201 993 227 839 48 837 456 100 504 
127 288 877 843 226 841 636 695 106 824 
519 834 702 875 23 45 954 237 259 862 
760 762 391 573 164 496 116 342 698 105 
270 925 457 6 857 258 585 297 527 267 
672 569 441 807 483 477 182 846 490 764 
154 336 628 526 130 775 389 836 662 799 
380 143 486 878 298 372 322 240 289 686 
141 941 522 165 680 589 196 406 605 776 
285 321 118 913 601 482 712 524 949 390 
63 39 619 142 873 360 329 542 805 523 
659 852 308 444 150 943 447 214 113 861 
25 721 603 296 582 848 668 572 864 33 
121 407 294 723 250 410 466 50 537 715 
630 
