161
0 37 52 57 44 78 96 103 156 91 
6 137 16 84 69 32 95 142 113 23 
128 8 70 30 71 24 141 58 127 56 
107 132 138 34 158 82 102 88 75 35 
3 9 146 153 15 38 74 140 43 51 
93 65 7 1 17 18 122 150 157 10 
155 72 108 31 79 59 11 106 73 151 
124 27 86 112 159 147 104 94 111 2 
90 50 135 76 139 148 110 54 66 144 
105 4 60 22 62 109 125 129 152 47 
145 46 29 64 120 100 87 143 97 133 
40 13 83 12 5 63 130 81 114 68 
80 126 61 42 77 131 121 21 154 115 
116 160 55 92 14 98 136 118 149 25 
28 89 20 48 39 45 53 99 123 36 
117 33 26 119 67 19 134 85 49 101 
41 
