501
0 34 325 121 459 283 118 425 62 203 
456 392 225 365 52 264 98 112 485 377 
133 411 236 213 396 340 200 124 138 145 
475 204 326 413 22 311 477 48 134 424 
288 143 416 155 206 422 180 426 279 73 
68 499 484 108 291 387 261 333 322 115 
199 338 330 465 235 437 301 183 276 49 
111 36 42 35 61 38 313 37 171 412 
228 483 448 453 310 314 240 232 95 364 
384 299 401 13 41 166 292 429 158 202 
380 128 116 381 127 178 186 271 6 66 
29 327 75 363 120 250 493 281 192 131 
284 431 349 473 297 55 140 32 352 77 
440 290 246 334 220 415 405 216 443 423 
252 481 258 468 154 351 39 393 451 31 
491 320 337 19 495 147 268 11 450 47 
129 399 315 238 286 20 406 241 449 223 
374 472 319 234 18 46 331 76 341 272 
248 125 1 282 262 217 91 277 404 345 
305 409 96 60 358 357 355 58 438 371 
420 348 497 332 40 394 27 480 376 441 
370 231 193 243 135 253 428 123 323 229 
347 321 304 207 160 316 215 113 464 172 
222 14 30 458 110 471 373 4 492 136 
230 390 368 402 245 439 210 174 317 43 
417 107 259 389 104 122 164 296 79 496 
185 285 328 433 270 309 114 44 224 106 
242 99 82 446 70 361 372 81 452 280 
97 375 408 173 397 184 476 80 237 307 
56 470 335 83 273 54 287 254 209 419 
421 88 175 102 85 324 398 103 289 150 
148 50 69 139 362 57 5 144 177 454 
479 247 53 427 165 100 170 336 179 33 
303 16 244 395 2 92 265 25 3 267 
130 445 386 478 436 17 463 163 87 15 
388 214 249 90 28 294 343 221 196 167 
255 455 435 101 71 251 190 366 26 308 
142 344 266 432 126 153 391 159 194 8 
274 105 494 59 10 181 488 302 65 78 
367 63 444 466 74 457 354 418 269 156 
187 306 293 490 353 385 24 233 469 342 
400 256 263 500 257 442 403 176 72 132 
151 149 212 410 7 89 219 21 201 226 
162 369 191 467 157 239 94 379 487 211 
350 86 300 474 168 119 298 295 359 318 
218 346 195 339 407 161 205 67 23 188 
482 312 430 489 197 227 382 12 447 460 
169 260 189 152 414 329 109 146 360 9 
486 141 434 117 45 137 378 93 64 461 
275 84 278 198 462 208 51 383 182 498 
356 
