1001
0 473 564 978 34 145 942 307 28 921 
708 933 126 835 987 767 575 728 401 47 
814 430 216 443 503 569 649 757 67 909 
208 209 642 768 537 464 237 130 684 544 
722 256 720 324 565 725 254 711 546 196 
765 284 780 560 903 267 311 838 731 782 
23 68 173 670 574 63 299 177 775 885 
860 38 179 693 539 772 354 390 201 343 
20 509 651 761 763 6 952 589 583 771 
851 252 861 281 666 470 435 298 490 899 
799 680 547 517 235 865 328 968 741 940 
875 310 527 93 474 939 42 421 891 803 
413 388 628 261 174 230 961 121 929 852 
374 84 783 806 566 454 643 150 698 868 
66 136 727 329 332 456 618 555 163 396 
471 971 514 948 17 132 764 984 837 355 
86 116 377 33 73 246 458 571 779 5 
743 59 291 769 648 165 646 672 581 193 
554 975 950 510 467 936 883 505 587 476 
141 14 917 671 222 840 592 723 482 75 
812 207 920 158 997 266 210 657 197 255 
756 385 576 675 79 949 238 766 624 548 
681 12 40 489 907 383 39 752 164 932 
568 655 809 296 162 151 224 459 294 339 
319 665 983 807 257 481 182 203 981 770 
605 111 796 283 669 36 578 35 874 341 
134 650 462 85 117 692 8 508 791 504 
352 72 815 778 664 912 391 871 706 92 
357 610 370 199 260 382 551 526 847 410 
602 858 453 633 955 746 221 563 114 582 
399 365 685 644 800 280 499 530 153 231 
78 785 106 16 845 718 626 88 321 958 
325 52 249 696 617 45 483 306 540 53 
991 192 584 250 962 4 658 854 167 533 
795 452 330 94 570 599 792 822 810 804 
919 682 3 621 677 889 953 915 184 886 
609 485 833 465 740 133 349 81 103 941 
543 816 828 233 65 61 259 437 356 406 
181 513 188 110 353 613 630 101 753 634 
289 293 387 579 620 982 480 175 699 149 
223 927 212 41 813 619 625 536 394 477 
872 244 171 371 857 614 999 506 274 925 
119 710 702 124 855 251 758 178 545 781 
438 525 380 859 424 15 906 404 805 966 
265 62 612 316 629 943 77 402 864 993 
588 667 724 622 43 640 523 450 673 97 
585 849 366 125 848 195 798 90 516 425 
95 317 148 304 144 557 120 247 419 219 
176 277 400 403 674 802 892 825 716 965 
194 428 146 844 656 604 327 600 74 853 
748 308 561 973 19 659 870 980 447 979 
843 127 879 297 985 407 7 22 830 161 
441 842 528 507 558 44 282 367 611 678 
900 963 135 641 970 269 312 180 687 773 
2 129 213 168 326 331 695 369 263 460 
228 157 431 492 877 663 156 519 894 427 
69 386 142 60 683 754 104 729 556 89 
762 923 436 679 70 595 645 713 986 107 
345 333 445 652 801 273 31 113 751 287 
512 951 888 704 867 937 342 586 654 988 
351 881 615 938 446 947 712 820 486 755 
989 744 726 797 398 529 935 361 637 434 
794 691 819 593 910 1 393 572 732 245 
240 607 334 668 187 30 262 829 268 627 
204 522 749 911 501 908 534 270 831 898 
994 189 494 497 945 880 99 217 969 415 
57 866 82 694 96 493 432 623 934 226 
186 10 335 98 597 808 717 232 491 972 
484 535 109 206 461 100 580 632 37 279 
433 686 220 895 241 344 788 747 660 190 
488 337 301 138 276 924 348 336 498 606 
449 395 730 278 734 811 315 472 823 878 
118 350 573 422 676 285 631 882 26 905 
750 122 715 32 147 638 531 340 218 55 
236 439 83 225 707 105 824 850 959 550 
511 502 873 661 926 9 928 653 242 846 
957 818 378 930 243 248 160 137 901 292 
897 159 418 549 902 46 314 313 777 303 
258 51 253 463 832 379 128 603 745 56 
789 429 29 302 992 827 594 384 440 567 
169 916 305 995 956 964 719 518 170 392 
64 931 821 690 363 444 577 183 863 423 
295 338 420 71 323 990 275 496 515 229 
742 893 108 721 520 954 411 524 364 552 
214 944 451 774 703 131 896 689 884 701 
784 155 542 372 205 112 24 856 309 271 
198 11 500 598 890 381 375 977 841 80 
839 346 185 538 290 139 416 733 735 322 
154 318 166 834 616 478 426 608 50 48 
358 495 786 697 115 714 793 54 541 215 
359 998 211 360 457 300 58 876 532 590 
922 239 152 960 373 559 27 320 974 887 
405 347 87 869 776 234 408 904 739 636 
397 705 591 596 700 442 918 826 946 1000 
140 521 102 862 914 200 996 21 466 787 
967 414 976 409 562 389 368 25 264 143 
272 18 288 91 639 286 227 412 468 469 
817 635 479 836 475 123 647 13 760 172 
49 417 455 709 448 76 736 202 737 601 
759 688 738 913 553 362 376 662 191 790 
487 
