161
0 26 73 29 91 8 109 94 144 79 
25 149 150 108 133 10 33 121 22 1 
155 48 123 75 55 105 112 93 110 38 
126 58 46 19 53 114 145 12 3 72 
6 49 86 137 17 142 13 139 125 130 
23 43 59 7 156 89 124 30 85 21 
27 95 104 127 61 138 52 14 140 11 
132 98 157 20 147 44 90 16 136 103 
135 99 62 129 122 83 32 77 24 28 
37 81 45 107 63 4 87 56 158 39 
152 68 82 153 35 151 117 160 69 128 
96 42 141 148 31 66 64 111 2 15 
106 143 50 84 9 36 78 131 51 60 
74 40 100 113 92 118 54 119 57 47 
34 88 116 70 154 65 5 76 101 120 
102 97 146 115 159 18 71 134 80 67 
41 
