251
0 29 195 6 239 188 215 225 172 207 
236 34 202 37 58 216 14 46 24 63 
230 71 8 160 227 59 150 10 16 200 
133 214 185 184 112 31 176 20 110 68 
82 21 101 88 84 163 72 201 174 41 
97 17 28 1 208 196 206 198 42 103 
147 118 95 245 217 130 93 104 132 149 
157 115 113 2 27 162 83 80 43 161 
4 126 191 40 222 177 243 18 74 165 
51 60 38 67 3 152 241 242 175 119 
192 143 182 178 92 154 210 250 199 53 
102 125 50 96 86 91 98 116 203 240 
170 48 220 137 122 15 244 221 233 79 
224 77 193 164 181 246 105 65 155 120 
90 55 168 39 190 100 234 13 73 35 
23 209 180 87 131 89 171 127 54 151 
111 194 22 146 140 121 229 166 148 81 
183 226 219 129 153 139 238 158 12 228 
248 26 169 205 106 75 47 237 5 11 
19 138 107 78 9 213 173 109 136 218 
212 167 204 142 32 99 135 25 45 124 
235 231 186 156 117 70 66 134 94 187 
144 114 128 223 36 179 85 232 197 159 
30 64 76 61 7 249 247 52 44 141 
211 56 33 57 62 108 123 145 69 49 
189 
