501
0 231 369 57 458 220 218 303 473 78 
97 483 106 405 333 26 438 188 187 406 
262 79 103 380 68 299 358 320 217 56 
126 330 415 234 208 360 194 219 181 146 
95 362 140 418 116 498 162 289 124 228 
343 481 241 291 387 189 296 91 53 112 
309 297 393 499 25 408 292 191 263 480 
399 266 4 264 69 315 321 86 253 311 
9 10 404 306 199 210 434 138 425 302 
312 265 88 151 48 477 258 40 295 494 
355 376 28 129 96 52 165 391 158 215 
184 429 137 39 192 476 400 374 356 252 
110 485 428 336 143 125 89 207 287 487 
439 280 94 340 323 348 339 98 371 169 
462 81 173 18 407 472 114 318 468 20 
223 334 430 222 45 30 350 444 279 314 
324 401 83 202 186 166 451 62 395 33 
442 61 293 469 160 392 329 365 230 411 
377 349 310 274 344 49 178 271 281 366 
101 375 286 185 479 76 38 71 105 285 
251 396 361 14 443 104 351 284 201 135 
204 250 337 117 316 325 422 496 113 345 
63 24 58 43 341 307 197 300 70 478 
370 179 270 397 93 227 417 123 34 232 
153 19 144 453 77 148 243 22 244 245 
92 2 290 488 99 67 414 257 327 136 
164 372 275 46 84 6 133 475 141 338 
163 352 203 161 382 85 149 196 445 115 
390 5 354 142 229 328 139 500 120 59 
272 383 50 17 474 409 240 254 54 437 
177 214 87 447 267 448 446 128 16 449 
313 301 394 489 492 332 471 190 441 209 
459 12 424 82 460 335 490 102 413 32 
213 8 273 90 100 193 37 239 154 282 
109 134 121 183 466 44 373 72 367 256 
73 233 150 248 398 31 118 493 36 388 
378 66 182 363 261 13 433 1 464 236 
461 294 326 435 426 486 346 450 47 495 
211 440 386 454 467 212 470 342 216 249 
29 247 364 304 108 403 226 359 200 269 
456 180 51 65 420 421 368 238 3 463 
27 308 205 60 319 427 152 11 260 55 
224 198 305 242 298 347 436 416 15 171 
225 419 168 176 21 455 385 175 41 147 
206 74 145 482 431 131 255 155 322 384 
111 389 497 172 278 195 237 432 277 381 
75 423 7 23 353 410 80 331 288 159 
157 484 130 259 127 457 379 35 64 402 
42 221 465 491 132 119 174 452 357 122 
170 283 317 235 107 276 268 246 167 412 
156 
