501
0 176 146 298 319 374 185 425 286 336 
173 96 102 149 184 216 265 308 76 45 
431 8 55 108 309 268 70 107 81 100 
208 332 279 253 432 433 481 395 383 372 
142 282 34 271 150 327 295 61 373 288 
202 32 273 449 368 245 464 439 120 198 
478 411 99 64 467 420 204 31 151 470 
330 440 172 186 15 242 353 310 95 423 
499 209 246 21 18 408 147 210 113 325 
126 324 437 52 446 303 162 365 455 477 
410 124 141 284 231 426 79 195 421 250 
139 143 121 290 344 182 393 28 17 4 
220 84 57 22 292 418 394 386 223 105 
23 155 181 194 132 170 356 488 475 111 
205 289 311 203 78 46 24 329 83 119 
51 225 90 409 71 207 428 454 283 98 
192 360 239 474 415 9 463 69 174 269 
140 476 75 339 80 128 148 39 33 417 
497 243 491 371 29 493 300 227 26 50 
404 495 171 44 229 189 278 277 12 317 
388 275 169 224 116 346 264 85 318 469 
472 201 490 145 436 110 92 156 129 419 
112 364 427 136 402 6 30 135 334 67 
228 406 401 262 416 240 405 73 157 106 
236 77 137 212 359 93 260 72 357 482 
58 267 483 422 266 62 293 448 91 166 
494 256 496 35 465 333 16 443 263 7 
211 320 13 165 232 307 65 367 193 226 
42 487 403 257 109 315 197 305 391 451 
60 457 114 471 354 301 397 369 168 161 
47 131 133 351 338 214 366 314 97 101 
48 25 118 430 3 291 188 122 222 500 
217 237 261 384 302 400 378 380 434 191 
347 125 297 249 287 459 438 123 484 337 
489 363 323 435 429 235 251 328 466 460 
362 370 49 453 180 59 342 41 321 27 
206 11 441 178 486 390 413 56 153 89 
1 154 177 480 179 167 138 37 377 103 
424 485 5 74 276 219 134 375 199 163 
252 130 492 258 238 312 382 190 159 259 
452 458 14 294 272 196 158 387 306 407 
399 358 213 456 104 385 473 221 200 234 
450 230 304 82 36 461 2 392 175 316 
117 270 255 20 152 127 447 412 479 183 
396 144 348 322 233 94 43 444 19 313 
241 498 66 86 247 379 335 326 398 442 
389 254 160 215 68 345 281 10 248 343 
87 381 53 54 350 445 244 414 218 280 
361 38 164 341 40 349 187 274 296 285 
115 468 331 299 462 63 376 88 352 340 
355 
