251
0 98 30 227 127 85 170 4 128 154 
135 15 109 14 149 144 18 105 26 122 
196 97 244 208 79 114 99 183 64 148 
129 151 246 245 205 28 29 249 118 142 
88 191 58 221 52 242 193 248 140 62 
229 236 106 45 92 104 86 214 125 120 
207 185 111 113 87 157 70 238 77 243 
32 117 82 53 201 156 145 41 44 224 
65 192 107 215 94 233 39 90 69 137 
180 7 173 176 212 49 101 119 203 197 
89 161 31 40 143 162 72 204 159 141 
250 174 6 186 220 24 34 5 216 218 
115 78 37 228 21 166 96 188 136 60 
175 178 239 124 165 164 210 123 54 91 
95 47 16 189 182 11 103 184 130 121 
199 133 23 152 134 171 213 240 235 76 
167 168 68 211 19 84 63 209 81 219 
74 247 223 190 112 75 222 61 22 51 
10 56 1 71 198 181 25 2 57 100 
42 147 138 43 179 169 48 73 38 225 
50 83 194 36 13 59 232 155 80 33 
55 12 108 187 20 46 17 116 177 132 
126 234 241 237 35 8 160 131 153 93 
202 172 226 139 102 163 231 217 3 27 
67 150 110 230 158 200 206 9 66 195 
146 
