501
0 403 171 97 494 166 355 151 223 305 
173 193 185 416 179 105 250 411 457 80 
39 275 155 145 385 392 143 386 167 490 
294 99 312 395 324 366 214 389 165 493 
306 381 21 50 296 364 196 323 473 158 
447 75 95 205 59 483 15 29 334 466 
417 55 199 326 455 418 277 273 470 415 
1 318 100 122 345 431 183 9 330 18 
82 170 107 396 286 441 268 227 390 6 
5 264 499 46 10 148 498 16 450 237 
134 231 86 338 11 123 260 253 240 68 
211 400 405 397 284 343 398 367 20 349 
376 235 329 269 47 109 48 459 54 103 
203 362 220 399 224 140 489 49 78 407 
221 64 182 444 295 374 93 314 162 378 
67 461 371 172 91 226 154 491 159 380 
267 56 115 229 363 360 88 181 14 387 
497 44 346 265 192 272 467 393 119 128 
487 274 335 350 424 456 225 248 384 22 
24 62 32 190 412 242 84 207 426 254 
288 373 127 361 336 452 168 201 12 309 
496 436 104 63 87 474 429 263 297 197 
316 112 146 313 251 187 27 471 437 142 
204 110 442 446 402 342 340 401 150 106 
209 26 216 255 120 164 257 339 230 410 
70 40 289 228 353 98 13 425 147 475 
188 454 354 72 8 7 175 161 3 333 
301 71 478 311 69 414 90 232 488 432 
322 178 102 23 28 79 149 153 451 2 
435 276 117 433 481 245 186 57 420 218 
430 180 391 238 198 460 445 135 299 76 
283 300 222 189 37 468 247 351 332 379 
302 94 233 271 17 195 177 45 480 388 
479 61 194 320 129 125 409 139 372 266 
495 101 249 382 347 160 262 331 234 30 
108 370 270 422 33 486 138 472 421 259 
252 85 352 292 53 406 42 427 184 116 
124 438 92 163 469 244 369 118 453 375 
111 315 317 282 191 66 208 176 458 449 
423 344 114 281 482 38 290 419 298 465 
52 261 213 41 408 236 156 133 219 448 
157 121 217 131 81 215 152 434 337 463 
492 293 126 210 477 383 256 212 377 51 
484 258 132 136 31 443 464 58 462 43 
357 25 308 174 348 356 304 241 200 285 
394 130 4 310 35 440 321 485 368 341 
307 96 319 141 278 239 89 358 19 439 
144 359 325 280 73 113 413 287 476 36 
137 328 206 169 65 202 246 365 303 500 
77 83 428 243 74 34 404 60 327 279 
291 
