1001
0 669 246 61 51 762 740 871 118 268 
737 254 382 261 753 625 583 87 84 308 
910 459 676 591 258 587 408 942 393 197 
849 906 236 194 286 343 850 629 941 708 
774 726 582 14 610 497 79 200 320 101 
764 25 228 719 665 937 585 879 28 363 
59 556 287 359 102 614 148 397 381 749 
153 294 952 546 987 442 116 410 544 697 
47 378 537 237 826 462 277 917 338 405 
883 515 724 815 844 575 687 922 375 166 
821 295 379 109 212 345 873 46 267 342 
954 95 457 861 358 989 634 413 866 168 
19 931 715 21 887 131 550 682 501 373 
916 881 845 493 824 18 533 963 558 9 
843 124 376 151 121 662 199 523 127 820 
75 709 511 703 948 713 936 446 350 482 
978 310 293 169 579 274 542 312 458 133 
54 527 160 152 479 968 213 933 114 628 
654 874 330 398 645 894 453 562 979 428 
804 760 387 685 273 16 93 172 892 543 
796 437 386 434 504 891 951 62 132 276 
902 488 156 885 767 607 802 595 704 924 
668 269 510 469 306 265 233 486 288 647 
356 536 870 383 959 757 538 119 964 729 
186 339 624 1000 548 317 734 580 260 56 
35 592 540 433 474 868 790 143 929 328 
839 163 403 560 991 31 219 271 590 440 
8 43 314 878 115 949 416 196 463 627 
135 208 655 63 332 270 714 174 984 911 
187 98 598 860 49 616 367 617 565 370 
577 732 854 980 179 425 291 752 684 406 
154 198 908 756 958 974 140 827 357 666 
136 485 12 842 449 552 803 503 686 926 
772 181 85 252 768 464 659 514 633 806 
284 604 972 986 736 766 113 39 823 904 
825 107 167 215 748 244 534 637 337 242 
525 816 66 880 670 89 444 516 412 305 
296 798 782 901 432 632 256 492 476 441 
795 149 664 243 650 741 810 304 594 385 
564 956 55 847 730 909 832 846 907 40 
862 1 423 283 318 603 349 856 290 778 
481 44 400 794 807 478 746 315 681 58 
161 667 940 129 324 792 652 869 217 257 
17 717 661 725 996 532 192 695 245 898 
99 92 522 864 430 395 706 693 814 454 
165 329 893 145 368 786 183 130 227 750 
597 641 439 602 513 110 251 411 781 331 
573 360 712 576 6 429 571 770 144 570 
722 422 364 301 207 108 707 758 865 253 
182 596 281 961 272 611 475 962 173 82 
833 912 34 848 471 981 775 920 155 250 
859 189 321 249 903 674 399 322 285 36 
289 326 505 787 992 259 142 336 366 998 
483 830 653 68 635 838 696 858 520 855 
123 744 206 348 863 631 648 841 995 126 
555 57 128 739 498 699 86 247 195 518 
915 799 759 646 568 241 529 120 800 780 
15 489 927 698 468 230 925 754 716 692 
365 447 52 971 831 950 836 41 943 876 
506 884 216 675 572 531 316 671 728 394 
955 436 106 94 691 170 535 914 517 688 
225 292 660 600 613 720 897 420 100 899 
409 982 921 656 309 280 389 78 599 122 
180 70 649 494 690 615 438 702 524 521 
426 344 561 620 828 48 81 229 448 530 
5 171 431 957 551 346 983 765 45 747 
138 808 960 487 793 369 618 612 300 499 
923 177 134 500 718 541 491 392 663 997 
840 813 509 27 640 934 175 490 812 333 
678 973 837 472 164 473 526 851 723 23 
435 975 60 105 222 658 278 465 188 896 
112 900 72 220 50 763 623 88 193 776 
11 539 553 809 852 377 456 111 282 967 
689 988 372 404 239 184 977 783 581 727 
588 303 742 584 427 882 785 567 657 67 
701 176 96 508 374 159 630 507 22 117 
642 784 83 528 340 353 226 380 419 450 
452 711 42 895 407 421 104 589 262 37 
263 939 341 877 966 751 636 73 822 150 
644 559 779 769 905 777 221 147 679 234 
415 191 547 91 643 733 818 999 721 672 
71 418 574 361 266 578 466 224 586 2 
700 461 248 10 994 64 402 185 566 496 
938 710 232 888 205 990 771 299 791 930 
29 953 146 965 853 683 889 141 211 388 
323 157 805 605 214 549 137 334 80 371 
773 677 875 354 460 788 238 890 390 789 
569 619 745 20 735 384 918 651 985 797 
738 53 743 969 563 311 638 13 319 545 
351 639 835 396 414 235 391 24 65 731 
834 218 325 945 886 33 913 970 680 609 
519 932 593 355 90 947 76 857 946 255 
202 178 347 455 673 204 30 829 327 125 
817 97 139 275 484 313 279 801 694 417 
811 362 297 976 69 622 467 601 231 4 
606 872 7 26 302 755 103 38 307 919 
335 477 424 819 223 158 761 502 705 480 
77 554 264 210 867 935 190 944 993 495 
209 401 240 626 201 557 443 203 512 445 
621 608 74 298 352 32 928 3 451 470 
162 
