251
0 73 112 186 203 1 69 163 20 63 
77 29 91 8 15 26 9 235 38 98 
206 225 95 82 205 67 30 122 188 57 
33 64 196 7 60 219 22 129 5 152 
234 193 197 142 171 149 191 127 18 236 
92 93 136 97 134 126 160 31 250 176 
117 16 81 89 209 138 239 119 174 214 
58 28 53 46 107 17 144 110 147 106 
192 96 177 70 167 55 80 231 169 140 
87 168 240 154 128 86 48 233 222 172 
148 78 139 201 135 2 159 194 115 45 
180 59 200 85 105 245 10 133 116 43 
170 56 118 125 146 74 244 123 40 166 
211 23 121 132 141 181 189 11 213 41 
223 151 198 83 36 108 199 187 6 241 
62 34 238 27 161 52 221 100 220 103 
32 155 4 212 183 179 94 164 71 242 
39 162 216 248 24 215 50 217 90 247 
173 145 101 227 19 109 143 237 130 12 
61 156 204 65 158 246 202 72 47 210 
102 224 175 42 131 190 150 249 75 99 
120 243 124 51 84 230 54 178 157 37 
113 195 137 114 184 88 208 229 66 228 
111 3 68 182 104 207 226 165 44 79 
25 232 14 153 13 76 35 49 218 185 
21 
