1001
0 293 96 991 175 795 254 70 42 525 
838 295 630 397 627 249 377 915 47 992 
51 959 246 386 331 516 955 595 734 414 
581 639 198 721 568 509 783 873 152 107 
68 205 113 337 77 562 521 853 964 855 
305 266 404 286 865 786 392 481 532 466 
662 2 455 641 781 537 698 231 514 213 
773 749 276 759 643 834 321 642 240 115 
925 54 50 993 552 86 102 261 316 430 
692 411 874 677 774 248 969 91 84 35 
318 681 938 899 652 277 289 472 25 602 
624 952 118 183 916 403 792 71 59 307 
166 382 996 418 978 119 675 592 704 820 
932 323 32 896 682 688 83 476 963 206 
663 228 451 766 967 789 983 192 971 453 
852 710 530 87 700 438 696 712 519 511 
868 390 5 572 929 693 760 908 887 544 
558 574 802 570 197 940 756 623 157 265 
140 608 770 997 168 495 75 691 807 527 
651 9 52 777 95 736 705 576 122 369 
988 30 373 281 496 877 378 985 903 130 
301 60 236 401 666 796 4 801 902 824 
664 871 939 571 529 921 879 859 121 477 
676 364 772 232 155 300 324 812 620 885 
851 708 127 80 683 782 278 984 881 90 
93 635 99 82 956 707 65 388 866 547 
725 173 209 393 317 910 818 646 719 341 
799 239 106 437 191 332 362 549 470 172 
500 242 398 831 973 416 344 523 21 329 
322 346 633 751 954 672 935 711 449 875 
358 790 600 578 906 836 953 900 11 56 
306 343 794 385 37 653 856 884 259 958 
616 111 750 23 434 3 764 394 148 134 
930 743 112 501 462 610 143 400 947 190 
49 805 901 335 601 717 957 564 563 229 
603 159 69 132 655 626 160 179 257 673 
61 154 18 835 483 977 506 204 569 647 
296 443 733 181 937 448 169 72 272 702 
744 924 832 763 214 314 912 340 808 177 
6 478 587 26 658 566 505 860 842 57 
302 468 273 657 609 320 942 250 363 151 
383 431 171 613 882 15 349 432 456 182 
224 24 911 785 867 216 352 315 36 886 
618 124 100 445 488 990 194 475 389 222 
649 408 741 670 965 85 45 582 674 252 
769 269 594 410 861 396 267 737 936 738 
141 338 982 909 974 493 690 436 539 923 
283 517 97 739 840 149 644 211 73 883 
110 797 10 156 233 703 187 502 480 407 
580 109 731 17 814 1000 678 280 545 104 
880 622 753 972 660 586 255 184 591 686 
748 791 201 203 103 342 927 292 421 730 
311 557 752 333 7 125 598 528 376 823 
504 761 218 227 336 573 540 585 597 765 
862 356 503 288 212 654 889 689 465 714 
961 326 815 716 490 328 933 63 347 114 
945 893 225 970 348 920 816 454 960 817 
441 550 258 767 636 108 304 380 727 374 
619 847 833 423 606 804 237 101 894 922 
989 858 256 199 226 898 474 611 219 221 
367 402 850 780 245 188 536 968 590 994 
515 186 905 243 740 422 165 645 614 809 
420 819 313 625 34 821 728 668 185 359 
846 66 844 447 88 661 522 918 43 274 
450 962 128 174 684 268 413 917 907 464 
560 210 427 419 425 39 634 555 943 593 
507 667 771 285 146 350 848 775 391 546 
325 137 699 548 718 979 567 444 207 395 
271 399 534 612 27 164 409 518 105 13 
949 825 768 452 123 485 980 433 294 583 
948 632 310 895 360 89 334 754 162 648 
715 829 638 811 55 345 787 981 22 599 
720 8 158 793 800 435 282 170 726 440 
975 679 1 665 62 746 150 803 510 631 
680 998 729 284 479 275 142 387 424 605 
457 264 145 628 133 806 845 869 876 637 
126 489 864 713 309 554 429 788 561 117 
650 904 621 263 131 459 354 584 588 950 
371 31 368 810 685 116 446 494 426 14 
498 195 482 723 136 189 372 241 577 163 
615 706 492 827 542 138 687 247 890 78 
553 671 129 415 120 312 299 538 839 987 
709 167 722 762 94 196 33 995 28 487 
319 260 405 551 178 854 747 384 694 291 
617 913 461 442 934 215 463 412 365 46 
92 270 826 776 48 914 589 491 234 784 
512 891 656 813 556 244 837 361 20 330 
828 695 230 223 986 208 946 640 58 469 
74 366 966 379 38 81 669 370 484 144 
897 919 16 135 238 849 180 217 79 941 
604 559 287 428 357 193 381 524 926 497 
629 607 822 355 147 999 467 857 439 724 
67 303 596 486 870 659 308 220 235 543 
64 758 327 841 297 951 200 460 251 471 
19 531 499 928 735 541 279 830 375 351 
98 298 12 139 755 779 176 798 526 253 
535 575 458 533 262 76 892 863 406 513 
843 944 153 778 872 697 290 473 757 202 
520 41 976 53 508 161 701 931 565 417 
339 732 878 44 745 579 888 353 40 29 
742 
