251
0 224 217 128 197 190 162 24 1 110 
22 161 61 89 96 48 153 181 164 10 
212 206 178 208 119 72 134 122 202 79 
176 21 187 249 105 174 55 236 169 35 
11 81 83 87 205 39 130 238 118 150 
57 6 5 23 91 42 17 132 221 220 
67 216 188 74 189 196 34 230 247 75 
32 2 62 124 222 53 155 228 248 108 
9 71 92 106 201 177 244 171 112 233 
31 194 114 28 144 246 145 4 131 33 
120 242 115 223 185 52 237 158 151 41 
58 198 43 109 27 243 149 76 125 186 
64 38 172 157 154 148 139 70 225 54 
195 214 103 135 93 133 175 65 193 80 
152 203 100 107 182 163 20 121 15 3 
44 159 97 123 142 129 13 173 117 94 
95 49 47 210 156 183 250 180 98 46 
211 116 85 56 99 241 12 207 37 136 
226 45 7 40 126 200 82 240 16 78 
29 146 127 19 90 165 88 51 138 232 
192 141 68 50 235 147 234 111 18 231 
199 191 166 209 60 69 160 73 30 179 
215 63 84 66 101 26 14 140 219 167 
137 77 143 59 239 213 227 25 8 229 
36 218 104 168 170 113 86 184 102 245 
204 
