501
0 361 222 77 327 206 455 423 467 394 
335 205 379 195 366 148 214 316 499 119 
130 268 321 337 489 215 350 15 386 174 
162 424 251 308 338 88 453 75 99 49 
125 273 382 83 435 409 47 447 60 238 
85 48 38 136 196 486 476 454 249 151 
319 87 413 239 109 128 311 474 164 35 
340 403 188 127 203 235 387 157 329 167 
267 296 297 9 422 404 322 368 312 393 
343 478 29 304 25 111 485 336 390 242 
377 456 44 260 46 24 290 339 78 315 
436 399 381 494 62 161 307 168 320 490 
449 314 53 158 389 59 487 395 34 113 
444 97 342 69 418 241 177 218 439 269 
30 472 193 264 348 349 469 183 468 380 
415 232 140 231 356 54 313 351 279 73 
11 185 331 305 433 276 133 137 197 176 
172 90 227 52 230 262 477 432 243 149 
429 103 330 194 210 443 346 179 201 254 
223 463 402 198 287 303 388 209 458 385 
457 228 440 496 184 265 355 448 405 325 
364 70 13 212 236 124 1 397 497 442 
219 84 430 281 252 32 275 481 134 401 
33 253 57 155 51 150 106 357 66 67 
392 470 180 81 156 129 295 19 216 31 
407 42 63 473 344 306 345 169 412 427 
43 165 378 68 300 4 298 50 170 208 
462 28 10 488 100 112 115 373 233 283 
101 416 143 189 411 237 466 93 166 120 
328 484 367 171 39 289 16 12 80 333 
277 257 480 181 110 431 450 261 396 310 
234 163 255 96 425 358 451 370 159 23 
199 2 417 154 20 118 452 375 334 465 
86 362 65 45 224 445 200 89 471 365 
500 446 8 142 145 116 284 324 187 376 
146 192 40 341 123 270 332 272 434 74 
250 213 384 374 95 144 498 22 400 372 
371 441 426 94 36 104 292 398 122 419 
464 56 121 259 225 475 461 114 217 175 
55 280 317 278 182 266 160 173 483 72 
191 414 202 82 64 152 107 7 391 271 
479 98 229 220 309 186 491 37 437 482 
353 301 91 3 18 282 131 246 406 139 
5 61 147 302 245 71 41 240 294 493 
293 102 244 286 438 421 291 492 274 79 
132 14 428 248 369 221 190 256 204 326 
138 135 17 460 141 108 323 27 258 263 
226 285 247 408 153 495 299 105 360 459 
352 76 359 207 178 211 410 363 126 21 
6 117 347 318 420 288 92 58 354 383 
26 
