251
0 144 67 206 212 156 205 140 65 231 
169 239 62 215 250 187 207 232 200 41 
196 97 33 40 130 116 227 226 38 83 
88 224 4 245 180 208 122 114 47 154 
203 151 192 167 142 39 139 60 176 30 
175 115 163 101 133 50 155 243 244 216 
188 135 125 119 143 5 166 52 136 249 
24 126 37 191 13 46 220 182 93 234 
157 185 68 146 6 149 131 179 198 70 
107 77 48 2 87 11 99 89 137 177 
73 235 9 78 219 242 118 32 75 110 
72 63 214 186 189 184 92 54 61 173 
181 238 132 197 55 222 209 106 153 193 
204 199 158 31 57 28 112 190 94 211 
128 14 178 170 18 183 80 8 105 76 
90 246 34 64 20 35 56 225 49 17 
19 247 21 102 160 71 152 22 230 124 
113 201 12 66 213 195 127 171 16 121 
218 82 29 1 164 69 95 172 165 150 
91 53 223 103 58 3 162 248 79 7 
174 111 15 120 168 138 44 100 74 134 
237 217 23 123 148 117 108 202 236 43 
159 104 129 109 98 27 86 84 81 10 
51 194 141 210 36 221 85 229 42 228 
161 233 147 26 59 145 241 96 45 25 
240 
