501
0 477 285 148 45 225 50 216 373 42 
156 79 472 424 52 277 200 154 437 319 
273 41 49 46 491 99 124 258 354 422 
450 454 496 303 413 160 127 315 371 322 
232 386 393 385 178 436 335 105 14 56 
458 22 212 384 238 93 482 363 85 456 
282 416 63 207 214 62 1 29 179 255 
466 82 197 361 97 192 71 418 157 40 
369 342 415 349 288 141 259 10 9 77 
302 444 125 119 483 187 84 65 155 158 
448 321 388 54 126 431 117 310 451 159 
254 461 98 161 262 190 94 339 153 276 
405 147 221 364 263 274 195 392 370 36 
380 301 324 96 218 270 323 193 112 479 
317 89 194 180 173 91 183 58 420 17 
152 115 331 455 23 318 150 374 204 121 
249 73 404 476 307 139 26 376 31 81 
132 334 227 309 67 144 118 377 409 76 
286 151 257 140 74 300 39 400 181 278 
136 350 471 367 407 11 247 13 260 138 
495 465 224 92 313 231 229 346 256 268 
412 336 130 164 366 365 348 327 188 441 
359 209 462 428 296 352 168 306 33 122 
311 189 253 83 203 34 86 57 175 443 
101 379 69 128 265 43 185 426 230 343 
87 66 470 114 27 292 44 351 202 389 
199 414 219 382 467 267 47 15 100 459 
106 165 48 378 70 341 107 166 78 316 
372 205 272 497 498 287 375 64 163 145 
332 133 401 399 408 314 474 434 417 312 
357 410 338 146 356 169 61 480 226 429 
291 333 396 433 245 438 432 488 236 3 
478 360 394 252 129 142 211 425 246 223 
53 24 344 243 421 88 293 35 473 298 
427 103 109 284 445 362 241 220 447 395 
28 469 123 143 90 337 222 280 244 460 
294 237 8 411 149 261 492 464 329 484 
16 397 68 271 406 19 499 368 110 80 
182 113 269 102 320 6 186 171 383 174 
7 242 283 328 167 201 490 299 116 446 
453 75 59 281 108 449 358 18 347 38 
208 131 198 191 295 137 170 419 355 30 
228 305 475 290 264 403 162 485 279 206 
481 493 266 250 51 487 398 12 177 248 
325 381 500 439 134 457 390 104 5 240 
55 120 442 95 176 391 423 452 489 20 
494 217 21 32 353 234 387 251 308 297 
4 235 135 430 440 233 239 210 172 213 
275 326 345 486 340 435 25 304 2 463 
111 330 468 60 289 196 402 215 184 72 
37 
