701
0 181 578 78 679 593 20 416 331 612 
388 439 538 695 297 631 43 432 666 28 
62 344 378 5 493 94 620 41 200 72 
193 604 202 216 675 576 544 642 638 292 
375 214 61 246 306 385 500 26 175 39 
697 2 109 185 352 472 22 281 448 280 
657 115 191 138 195 93 291 220 334 677 
317 222 413 600 159 364 382 476 289 504 
435 64 164 68 458 104 179 633 276 501 
187 236 1 283 234 526 52 46 149 84 
529 365 692 75 588 353 687 73 336 700 
463 54 166 605 174 489 488 199 652 340 
205 348 117 107 173 582 136 345 184 111 
98 405 457 515 681 508 268 629 502 656 
609 279 311 125 339 180 60 487 132 394 
19 523 225 408 118 503 209 481 45 346 
301 186 399 142 350 391 676 571 305 564 
635 315 539 648 541 598 424 552 386 574 
314 325 536 513 619 119 577 406 581 415 
97 673 667 235 303 122 672 116 161 497 
230 113 456 120 431 403 219 252 108 575 
446 262 67 316 426 617 286 496 272 470 
443 198 320 522 178 310 525 398 551 427 
55 101 543 393 473 379 668 221 696 498 
36 469 384 445 299 85 608 13 546 96 
38 423 110 326 121 10 506 308 421 454 
240 542 550 269 259 466 654 412 557 247 
517 678 145 499 182 590 362 14 146 337 
307 253 29 151 634 349 505 4 438 76 
8 360 290 518 490 309 587 601 313 158 
568 295 534 395 442 509 30 680 400 467 
189 351 460 88 625 537 282 66 300 160 
447 79 566 492 562 397 25 40 584 570 
294 530 254 33 208 21 417 658 231 494 
410 366 204 533 363 271 628 133 383 335 
565 485 18 333 440 270 380 528 510 330 
450 691 414 559 377 685 516 653 367 618 
560 636 6 452 341 419 332 354 82 662 
177 465 169 698 91 129 645 422 671 420 
430 621 699 477 480 627 468 545 239 257 
53 597 194 607 260 569 630 547 241 483 
475 65 649 343 163 532 47 27 242 694 
693 183 264 131 141 429 59 137 646 245 
266 368 35 285 643 594 623 213 561 11 
589 647 37 464 312 682 229 451 603 228 
355 392 154 100 640 188 32 374 428 99 
548 591 471 217 124 531 48 659 418 586 
484 128 495 105 134 361 396 211 232 275 
650 218 626 261 585 80 196 370 156 358 
390 44 613 661 441 162 327 50 267 49 
583 69 359 632 461 12 482 106 155 58 
258 293 615 573 549 150 123 16 602 524 
689 663 402 596 130 139 641 690 321 478 
224 553 558 71 170 688 274 479 304 572 
165 595 265 369 74 167 610 434 140 655 
373 238 511 298 255 644 665 669 540 250 
57 226 554 288 616 556 77 372 127 459 
237 579 324 168 190 401 284 86 580 147 
519 660 3 172 278 563 409 686 462 453 
624 153 684 527 31 112 51 433 347 520 
83 342 23 251 9 486 34 407 437 567 
444 143 263 555 192 404 95 201 171 249 
90 126 7 436 651 425 135 89 514 611 
114 491 206 357 210 371 521 329 207 233 
599 287 203 102 157 152 338 176 197 243 
70 614 639 356 244 664 215 87 322 273 
277 248 302 387 674 103 256 212 411 42 
670 455 17 328 24 81 449 223 296 637 
318 92 512 227 148 592 376 389 622 683 
381 323 144 507 535 606 15 63 319 474 
56 
