251
0 68 151 177 34 146 64 155 111 95 
17 120 222 130 180 181 200 89 25 131 
38 26 183 86 230 113 116 51 133 175 
101 193 12 126 167 98 141 53 82 46 
153 211 214 85 11 37 43 44 139 20 
137 135 154 145 62 54 104 165 196 15 
119 195 10 59 79 91 76 243 24 117 
49 209 63 232 202 9 238 33 186 60 
70 201 169 188 13 219 162 138 27 178 
71 161 30 242 234 103 23 149 92 73 
14 96 206 87 213 210 168 109 190 39 
249 29 142 47 129 220 170 163 127 207 
66 22 217 187 157 216 78 143 235 18 
93 189 81 123 88 164 40 6 31 121 
226 42 160 229 184 105 57 45 240 212 
244 203 90 132 241 19 56 192 84 205 
124 21 179 237 231 112 215 172 208 72 
67 110 65 77 223 158 225 102 221 156 
197 199 228 174 227 4 32 97 28 94 
108 152 107 236 171 159 41 36 136 176 
2 55 194 250 74 150 7 35 173 198 
16 247 128 148 125 246 182 114 147 61 
166 233 75 224 185 122 118 3 106 48 
99 52 144 134 218 191 1 239 80 248 
100 69 245 8 204 50 5 83 115 140 
58 
