321
0 293 29 40 44 180 217 79 161 53 
41 202 51 47 246 316 261 102 86 50 
54 115 240 118 183 71 276 59 307 166 
213 231 119 57 302 273 320 250 151 171 
25 289 277 248 318 35 84 91 153 290 
287 193 58 74 81 38 238 135 16 144 
208 223 230 147 20 244 234 48 303 67 
279 298 12 139 98 176 253 262 76 252 
45 85 269 222 194 267 141 19 251 200 
97 283 211 73 149 110 233 156 10 8 
158 170 282 1 62 150 284 319 260 297 
178 64 308 220 235 270 92 46 215 291 
167 196 94 28 33 133 145 264 120 312 
129 299 78 247 138 163 241 189 136 195 
14 31 116 309 126 142 275 117 131 263 
146 285 210 39 185 66 34 313 88 243 
186 165 245 188 258 304 108 63 212 288 
114 225 237 101 256 199 226 13 105 164 
27 271 219 221 43 274 268 128 174 207 
137 22 55 162 89 310 280 17 187 109 
100 124 36 315 216 24 182 224 15 132 
69 159 229 160 179 257 61 154 18 204 
111 259 3 23 112 134 148 143 190 49 
104 294 123 255 184 203 201 103 292 311 
7 125 218 227 106 239 191 172 242 317 
173 209 65 93 90 99 82 278 127 80 
300 155 232 197 265 140 157 301 130 60 
236 4 121 21 11 56 306 37 296 181 
169 72 272 26 6 177 314 214 281 75 
168 5 87 192 9 52 95 122 30 228 
206 83 32 2 286 305 266 77 113 205 
68 107 152 198 249 295 42 70 254 175 
96 
