161
0 51 15 83 132 68 153 98 84 5 
107 62 8 95 22 29 106 154 138 40 
56 110 14 45 96 115 37 76 58 100 
17 42 134 119 53 33 1 13 104 20 
94 39 101 92 156 67 66 43 34 63 
160 108 46 142 41 144 47 117 81 141 
157 118 120 54 36 85 89 38 3 82 
159 140 28 130 9 133 121 24 18 7 
103 87 32 21 135 152 30 91 59 136 
4 158 71 150 97 80 2 6 49 11 
88 131 60 74 16 73 69 112 61 125 
90 44 148 127 77 122 146 114 128 78 
27 57 143 70 48 93 155 25 145 111 
129 23 65 123 35 72 102 147 10 139 
31 19 116 109 99 113 55 26 12 86 
75 137 105 64 52 151 50 126 149 79 
124 
