501
0 23 471 76 436 154 252 304 86 118 
101 348 329 257 264 367 488 244 189 487 
468 298 299 400 498 235 470 117 351 482 
8 82 190 187 289 173 69 356 388 140 
375 63 120 20 259 442 224 336 91 324 
287 13 183 6 393 65 155 346 126 454 
443 219 131 241 382 99 29 390 295 64 
274 483 331 323 318 35 136 398 192 238 
353 270 457 414 56 371 47 54 25 360 
300 214 163 416 61 50 254 326 10 378 
485 102 46 396 24 36 451 449 493 73 
3 205 172 70 58 119 197 213 55 333 
94 206 49 281 330 272 446 222 384 301 
312 262 100 455 370 210 409 278 113 271 
273 43 474 242 1 194 145 114 16 74 
484 19 319 410 316 161 245 251 33 492 
352 422 237 406 263 45 427 185 463 475 
421 90 249 403 350 203 148 11 399 15 
84 377 135 30 477 392 290 169 286 196 
72 364 7 478 381 200 85 267 42 428 
228 4 303 225 322 9 232 22 297 37 
464 432 425 198 156 256 177 41 111 355 
358 134 184 466 462 362 472 215 294 395 
165 344 341 332 129 359 178 176 481 125 
39 44 209 98 182 97 308 31 342 276 
139 229 193 363 68 349 467 448 87 180 
112 57 357 391 230 325 497 335 327 500 
365 444 12 469 479 199 417 279 337 128 
373 496 115 387 372 26 282 233 88 302 
258 499 216 108 486 453 144 291 223 150 
401 430 441 458 494 79 426 339 207 110 
292 376 366 343 476 158 188 66 127 423 
328 480 133 439 27 208 310 340 413 495 
369 62 236 146 311 174 250 285 137 320 
18 59 51 405 460 121 96 429 201 38 
168 170 191 239 151 234 288 419 147 313 
143 75 314 181 445 77 306 103 465 122 
345 433 167 93 48 407 490 105 418 275 
71 92 354 491 315 157 5 166 95 67 
450 34 386 309 397 260 307 459 431 266 
296 186 305 28 265 321 317 116 53 437 
83 89 220 21 218 160 434 152 212 248 
226 195 130 380 277 80 440 106 60 383 
132 473 243 107 202 253 456 293 164 78 
221 104 149 394 227 389 261 489 141 361 
109 438 52 2 179 411 374 211 420 81 
171 153 268 385 246 124 159 138 368 269 
17 284 231 334 142 338 461 283 32 408 
40 247 404 175 217 162 204 255 447 280 
379 435 452 415 402 123 412 424 347 240 
14 
