501
0 70 383 466 140 280 476 126 6 230 
420 38 210 213 37 243 33 231 226 32 
295 120 308 107 109 57 180 345 396 359 
369 450 431 171 464 499 342 444 162 355 
275 29 356 94 135 335 482 375 358 303 
233 235 199 379 48 277 297 371 92 259 
127 348 402 349 27 201 212 408 176 445 
485 291 106 298 403 146 432 2 242 322 
480 279 117 329 448 328 151 471 332 83 
372 439 380 187 193 82 442 487 195 104 
115 374 498 215 138 61 326 307 123 152 
460 64 166 388 19 40 447 93 264 76 
225 116 433 344 206 365 101 250 404 312 
25 108 185 119 41 399 400 15 330 43 
313 305 39 254 401 324 340 155 417 73 
204 110 350 483 410 496 252 209 74 222 
492 269 234 58 461 300 181 220 56 203 
156 98 327 133 167 255 271 465 71 422 
364 267 30 257 436 270 317 36 491 177 
494 173 142 34 194 456 352 286 134 192 
111 336 13 341 265 473 87 4 376 316 
370 398 351 394 184 8 412 49 42 112 
449 211 237 429 331 191 136 278 282 172 
219 366 301 145 241 381 440 214 72 474 
31 263 205 90 66 249 484 416 338 60 
443 158 294 415 174 67 188 457 478 421 
105 392 232 382 323 486 363 44 314 114 
161 12 46 189 179 121 283 17 139 409 
343 218 150 281 128 59 65 334 268 266 
190 248 292 62 289 311 437 302 454 183 
52 389 168 362 488 373 169 310 95 102 
497 423 23 245 186 149 124 148 319 3 
315 163 5 69 238 452 337 288 427 198 
413 160 53 472 196 390 85 175 325 273 
47 96 144 81 321 360 113 118 368 132 
462 258 200 293 385 100 261 141 14 7 
147 16 244 153 240 425 197 260 435 446 
202 122 320 9 339 164 11 165 221 441 
306 405 469 284 395 299 467 475 274 178 
500 262 182 458 78 224 217 89 455 68 
434 79 91 51 419 131 246 20 63 426 
347 489 309 353 463 367 428 451 129 253 
481 333 406 86 407 391 387 45 26 154 
77 384 393 84 137 453 143 414 397 357 
1 386 216 75 276 318 424 159 285 88 
157 229 411 228 354 493 296 130 377 470 
80 430 10 247 490 103 208 18 227 479 
239 272 21 477 251 378 22 495 55 99 
361 304 468 223 290 287 207 459 418 170 
24 125 97 35 256 50 346 236 438 54 
28 
