251
0 79 230 151 128 58 111 28 227 154 
157 16 19 80 190 90 205 77 237 31 
30 56 185 192 84 170 232 250 10 2 
133 23 71 64 139 61 119 118 135 140 
40 228 159 155 82 117 53 39 152 92 
249 113 177 141 126 130 146 158 45 223 
241 60 6 233 1 186 24 134 245 145 
174 206 180 74 67 209 214 12 102 96 
17 244 104 38 165 137 107 200 136 182 
184 109 115 181 161 195 51 3 221 144 
199 125 213 116 208 9 95 78 172 54 
246 194 108 83 207 4 98 27 202 120 
94 8 123 5 124 248 14 148 198 127 
168 36 238 105 81 122 62 226 99 68 
131 143 171 224 183 52 138 93 235 44 
203 166 29 191 65 33 63 76 236 55 
114 59 97 179 22 149 49 156 101 242 
25 204 247 88 178 112 7 32 106 196 
167 91 110 220 218 13 70 18 37 86 
188 169 87 100 215 46 187 43 47 85 
34 210 21 73 173 160 197 121 132 175 
231 225 66 240 243 162 69 193 212 75 
50 201 222 189 11 163 153 211 35 89 
147 164 15 103 26 20 72 216 229 234 
239 219 142 129 176 48 42 150 57 41 
217 
