251
0 101 157 94 76 169 234 87 181 163 
173 9 30 40 233 228 219 64 95 146 
74 239 224 103 111 126 231 114 69 223 
145 225 197 60 246 129 75 132 203 118 
215 17 211 140 36 117 55 124 15 80 
56 44 154 190 186 206 21 172 58 54 
5 123 158 6 226 150 38 97 242 166 
136 155 49 210 235 37 156 27 73 10 
31 22 88 175 33 122 192 148 68 217 
102 183 43 34 189 3 143 72 176 18 
2 178 174 82 193 24 109 227 81 135 
85 116 165 250 100 106 63 220 42 167 
86 14 16 187 48 237 180 50 153 35 
179 11 214 194 216 4 168 12 170 149 
202 112 133 98 138 70 221 238 141 84 
171 188 91 249 147 67 120 230 198 229 
107 151 213 162 66 79 57 191 208 83 
241 113 128 209 159 184 127 200 243 207 
115 177 99 110 13 92 7 244 247 52 
222 26 105 164 125 71 47 196 236 131 
62 199 232 28 8 160 19 119 41 142 
152 218 59 46 108 144 51 1 130 53 
78 201 89 77 204 134 20 90 139 182 
137 29 93 121 23 61 245 240 212 161 
96 65 45 32 205 104 39 248 185 195 
25 
