161
0 148 115 4 40 96 133 144 11 33 
138 74 137 79 37 160 48 109 120 32 
152 94 156 106 136 50 88 10 135 140 
113 60 44 108 117 20 122 114 21 97 
58 27 119 29 38 55 62 78 153 76 
69 68 118 130 157 84 139 28 103 31 
66 95 70 43 30 134 67 39 92 93 
100 107 7 101 46 61 63 102 14 142 
159 104 126 36 24 80 132 110 56 89 
64 124 3 2 143 86 26 146 16 47 
150 59 25 49 112 57 42 123 158 155 
1 17 51 91 147 23 52 5 90 77 
12 81 71 83 141 127 19 6 149 85 
154 87 151 41 116 18 73 35 15 99 
65 128 75 98 8 145 121 105 125 22 
13 34 54 53 72 45 111 129 82 131 
9 
