501
0 25 361 120 88 327 111 212 277 351 
43 385 30 491 398 406 95 266 202 109 
394 32 354 31 66 105 244 34 249 479 
308 316 419 220 420 64 69 141 13 217 
128 80 59 275 468 434 147 38 447 123 
401 84 52 184 215 261 188 154 295 415 
127 272 287 224 254 302 493 399 431 183 
369 110 53 235 483 389 487 115 248 100 
377 304 195 482 359 227 395 104 14 99 
409 451 474 190 226 423 333 284 296 475 
22 436 357 492 7 376 253 459 180 41 
413 324 384 146 391 407 145 139 345 218 
400 159 417 323 232 331 405 314 464 142 
426 179 9 144 418 455 392 138 230 334 
177 367 350 185 317 370 55 411 442 416 
198 216 363 132 108 150 51 58 98 437 
488 325 349 410 441 388 362 45 182 15 
156 470 199 263 149 297 499 233 206 70 
191 67 176 380 466 1 335 319 29 293 
481 375 162 340 368 326 438 276 403 330 
209 170 16 94 106 477 282 461 453 271 
236 214 26 485 443 79 20 61 187 342 
102 50 42 473 160 460 366 469 452 118 
54 237 101 496 446 458 77 201 355 68 
24 189 278 358 476 137 166 280 404 8 
219 221 19 135 353 258 113 225 424 40 
241 23 4 329 462 257 71 234 315 251 
478 396 143 414 408 289 301 322 495 269 
134 86 379 242 494 412 373 292 307 467 
103 186 381 18 298 35 124 175 444 130 
200 427 497 382 131 47 312 57 283 62 
178 422 440 393 356 140 87 168 425 305 
255 119 262 347 238 310 173 259 346 378 
448 397 171 268 6 500 112 454 46 430 
114 97 371 163 245 36 164 28 270 231 
343 471 49 72 78 432 167 136 311 281 
210 313 472 337 161 82 250 152 486 96 
73 17 338 264 402 318 352 288 390 291 
348 223 360 274 267 290 85 489 76 74 
321 129 205 383 286 498 247 456 48 181 
421 332 336 197 309 56 116 463 107 153 
228 300 285 386 222 339 428 90 63 246 
89 207 169 10 387 81 172 121 320 44 
213 194 196 12 21 480 372 65 11 3 
93 91 37 148 151 439 457 344 374 252 
445 27 208 365 83 328 449 435 306 5 
2 211 126 192 158 204 294 155 125 60 
450 122 33 273 303 133 240 39 157 165 
299 465 260 279 256 239 429 203 490 229 
341 265 174 92 193 484 117 433 75 364 
243 
