1001
0 819 81 432 958 218 224 50 299 895 
25 708 90 579 638 116 981 486 773 245 
738 614 110 639 596 233 400 507 254 632 
800 673 226 88 331 359 65 968 235 804 
140 817 466 709 710 898 695 776 643 557 
905 879 882 937 988 319 922 618 449 162 
279 523 603 857 214 223 131 787 731 10 
729 357 693 736 11 273 902 581 562 972 
8 681 58 582 460 818 82 435 660 834 
134 142 251 327 624 788 949 113 801 160 
998 496 286 548 371 571 190 645 345 636 
35 810 370 152 775 417 237 307 995 580 
667 960 843 348 689 830 145 944 931 177 
481 380 747 280 619 78 197 93 897 433 
927 153 216 835 805 114 236 148 977 77 
26 138 415 68 123 929 70 119 744 878 
59 690 421 239 946 504 427 129 499 339 
807 144 426 550 440 247 725 183 919 301 
300 482 740 766 102 419 479 993 661 584 
564 96 933 836 597 34 244 796 553 577 
683 860 592 378 451 903 108 975 109 310 
616 644 275 112 935 187 341 477 228 702 
1000 651 979 985 367 551 171 572 358 699 
662 856 308 198 569 353 908 398 711 701 
436 840 763 982 257 791 964 295 778 13 
101 851 871 164 560 143 269 955 717 182 
936 221 664 396 311 18 793 361 455 842 
875 724 174 128 822 47 100 395 298 962 
365 990 646 355 917 610 682 535 549 916 
136 892 874 811 687 124 713 629 943 886 
530 165 30 411 66 602 712 887 669 388 
408 97 703 459 431 64 519 158 54 377 
595 918 37 593 122 707 194 950 137 418 
838 751 623 1 450 409 885 492 340 107 
385 85 125 163 528 861 27 363 940 649 
904 532 691 759 36 321 243 439 316 978 
742 219 79 7 951 853 679 910 485 256 
510 469 859 326 554 601 812 24 654 324 
173 242 493 739 841 777 474 783 104 849 
252 347 178 376 135 397 790 217 540 356 
684 154 291 416 267 443 802 349 22 957 
627 9 220 696 784 576 5 15 816 992 
508 509 847 809 591 965 464 317 155 259 
202 503 181 813 570 206 641 765 103 263 
189 781 309 954 568 598 2 284 754 529 
628 483 472 484 23 437 255 686 278 344 
133 588 656 95 894 282 467 820 605 674 
546 73 270 858 930 329 899 249 238 31 
700 302 863 543 815 539 514 172 132 402 
594 260 749 438 170 215 770 487 350 973 
794 762 276 583 44 60 75 403 306 694 
87 229 62 870 121 941 266 831 126 338 
53 585 166 666 346 230 253 117 774 3 
735 289 303 470 896 996 201 425 83 17 
953 404 89 45 71 120 797 262 631 635 
893 600 497 99 934 281 288 375 852 827 
495 14 193 767 48 360 520 869 453 61 
526 745 534 980 609 846 478 772 111 650 
799 454 971 746 545 907 179 248 480 789 
501 906 924 877 72 80 330 821 665 500 
32 948 502 872 741 297 462 488 730 428 
92 20 373 468 195 983 655 74 558 769 
845 531 748 848 867 150 320 884 52 561 
538 490 565 268 264 956 685 637 366 718 
315 855 625 997 407 760 19 265 622 115 
384 84 294 792 567 555 900 527 626 984 
969 212 461 287 785 127 258 890 604 169 
928 489 292 921 757 947 240 332 923 578 
374 938 424 33 723 542 231 512 475 522 
406 4 49 803 515 967 678 28 225 566 
961 304 184 196 732 826 516 726 208 764 
613 825 883 210 118 653 806 368 563 429 
889 963 630 313 372 51 966 296 914 615 
547 364 38 513 798 211 524 91 448 354 
986 743 390 207 325 672 401 761 987 779 
271 167 942 312 552 970 880 188 556 697 
413 57 314 323 839 891 423 621 612 56 
130 362 98 161 55 915 659 414 920 680 
381 213 452 989 505 447 6 43 652 999 
786 328 926 285 250 959 399 868 456 393 
756 342 671 40 719 272 994 866 688 168 
844 559 283 833 599 828 146 640 16 29 
715 147 386 617 389 46 913 755 521 420 
544 334 721 939 261 175 675 525 199 727 
441 901 536 204 865 69 720 658 12 768 
241 185 200 728 716 498 234 322 379 159 
663 752 670 444 517 633 668 676 537 698 
823 677 343 642 430 733 139 382 105 541 
274 141 888 634 814 42 232 945 606 573 
991 491 383 227 925 151 829 864 458 832 
337 351 932 412 758 336 471 387 753 106 
911 410 780 222 909 209 63 976 293 518 
335 405 76 648 21 246 180 39 850 575 
67 704 737 434 392 706 446 574 86 94 
445 647 734 277 974 771 782 912 714 463 
854 506 824 290 476 587 394 795 876 465 
369 586 862 41 442 590 952 157 750 611 
837 607 333 473 873 589 620 608 191 722 
391 422 533 352 176 494 705 305 192 205 
318 203 511 808 657 692 156 881 457 149 
186 
