1001
0 60 160 738 299 896 49 757 473 702 
188 214 580 296 358 163 892 630 349 936 
581 128 27 601 901 394 827 512 373 453 
855 142 90 749 204 428 256 689 922 926 
51 646 929 955 869 536 686 817 763 623 
885 221 671 303 620 767 902 266 168 741 
775 724 127 961 639 967 72 255 258 390 
951 480 346 546 319 447 359 50 126 933 
602 565 519 542 611 261 354 845 451 22 
336 701 559 404 148 385 808 18 307 995 
92 181 286 138 193 838 463 13 534 657 
280 568 177 98 291 88 310 900 332 863 
441 316 320 814 313 909 539 505 924 33 
874 696 2 397 841 91 811 427 562 308 
604 190 365 915 499 317 40 371 761 849 
458 224 703 287 393 113 815 543 10 305 
268 405 768 464 586 850 345 289 253 941 
134 733 131 750 607 322 693 882 803 648 
987 3 835 263 662 24 705 118 947 187 
778 55 501 520 643 452 334 626 246 780 
39 59 111 711 971 43 839 83 628 764 
699 765 979 240 154 218 249 30 84 157 
254 270 14 887 183 759 755 939 779 150 
529 200 852 257 661 25 904 875 297 109 
692 294 709 182 720 469 918 234 927 211 
635 448 1000 482 728 222 545 548 395 942 
687 406 511 191 282 637 935 281 125 993 
115 710 215 107 735 250 506 36 748 95 
564 164 627 370 859 983 660 658 189 945 
704 969 398 277 363 474 653 220 547 75 
41 697 486 228 649 751 893 15 445 829 
624 663 122 226 331 353 45 425 440 328 
937 894 514 584 378 672 9 807 11 355 
522 180 321 231 184 695 903 823 544 35 
327 867 471 806 429 121 622 444 552 554 
21 42 247 566 500 478 295 712 890 202 
413 432 826 609 431 237 493 985 577 974 
479 714 682 223 986 647 898 381 251 964 
940 311 912 71 96 468 435 176 515 557 
760 64 186 597 81 509 719 873 784 819 
860 415 798 481 465 472 576 449 990 881 
290 470 598 333 958 488 421 269 366 284 
104 139 12 29 706 840 617 434 443 65 
732 172 785 962 700 141 846 140 439 685 
737 298 690 789 805 79 283 776 572 1 
57 276 593 206 532 318 558 135 502 968 
442 508 928 343 594 533 437 236 342 925 
747 272 931 225 809 248 743 74 446 578 
952 369 335 31 978 6 833 717 37 523 
32 792 970 992 569 830 19 351 923 583 
341 275 145 960 949 146 117 377 264 411 
989 716 694 315 650 34 771 800 645 797 
360 526 108 120 736 670 574 916 531 426 
244 466 123 153 943 503 600 306 897 656 
988 374 267 802 589 727 329 94 636 854 
762 698 791 170 352 920 347 271 654 216 
241 773 410 400 723 330 48 616 312 612 
538 553 357 783 337 981 667 416 886 998 
810 28 864 408 746 590 339 766 460 668 
119 537 491 462 556 911 788 388 614 527 
197 844 173 167 652 179 105 930 528 879 
26 739 793 239 396 585 754 56 300 407 
524 713 982 391 314 591 975 914 680 418 
201 950 136 610 868 872 380 5 997 913 
862 156 608 884 560 953 878 144 4 490 
175 642 837 563 861 592 836 485 504 67 
730 58 976 883 159 956 143 865 824 417 
944 599 843 518 61 570 402 516 412 588 
596 409 323 638 631 673 820 965 489 162 
541 195 62 721 740 213 325 414 621 178 
461 274 285 877 821 932 47 906 507 89 
80 822 675 227 361 752 959 510 908 245 
238 344 889 629 994 919 495 551 487 262 
147 114 44 399 786 770 891 977 633 619 
753 46 457 82 97 707 16 260 729 494 
517 392 375 813 745 149 731 603 856 876 
66 155 110 198 100 615 93 587 498 292 
991 401 103 691 423 63 777 210 769 799 
828 233 725 304 259 634 492 242 69 858 
651 367 174 302 888 966 54 910 185 99 
818 715 87 796 243 525 871 618 8 7 
980 606 459 613 53 669 579 76 848 573 
475 192 209 948 946 137 664 790 688 812 
166 348 866 403 450 383 438 851 102 999 
938 870 825 230 278 387 165 133 86 496 
973 293 963 816 436 161 158 389 665 917 
235 954 742 129 338 899 535 880 78 171 
895 151 454 265 116 279 934 419 424 456 
632 376 921 996 595 38 550 853 984 708 
384 561 744 52 20 212 756 575 386 362 
368 831 497 467 795 433 77 678 681 726 
483 372 801 112 659 571 722 644 169 203 
676 130 655 734 684 679 582 513 540 666 
217 782 834 124 772 199 549 957 907 132 
70 605 196 476 842 382 422 683 273 288 
718 17 794 229 455 905 420 301 530 101 
326 207 208 555 641 774 68 23 781 758 
640 252 677 356 364 521 787 567 350 152 
477 194 73 857 804 309 674 832 106 484 
379 847 205 232 340 972 324 219 625 430 
85 
