501
0 465 481 194 43 108 344 412 449 277 
327 128 301 155 378 188 170 92 315 202 
274 346 383 82 251 163 25 222 241 28 
21 236 308 177 98 413 341 269 57 122 
381 463 345 139 86 95 304 215 142 106 
278 473 16 409 296 17 119 178 254 198 
499 352 350 365 388 418 399 338 174 448 
321 421 402 90 386 81 426 294 141 443 
380 187 228 79 442 351 224 289 374 276 
83 305 403 293 376 80 436 466 356 491 
357 246 242 69 455 441 111 451 87 450 
417 265 85 447 75 476 253 452 495 42 
96 298 107 259 318 261 335 431 166 401 
19 184 367 310 206 38 363 157 395 268 
47 400 405 105 313 112 398 355 59 469 
164 458 15 50 258 245 199 275 500 173 
496 44 232 287 137 361 257 249 382 387 
84 434 67 204 408 454 478 34 470 309 
392 324 61 210 207 182 56 393 270 262 
284 471 427 322 149 10 196 348 390 422 
46 8 297 201 336 103 37 333 9 99 
76 233 332 230 295 446 193 492 148 32 
484 58 146 22 189 136 129 330 273 271 
72 391 91 369 121 18 64 483 247 208 
416 364 73 420 36 494 169 20 29 60 
33 195 63 26 292 144 12 131 218 49 
110 326 299 252 339 453 435 175 353 197 
266 200 120 162 14 151 497 334 214 468 
329 115 457 430 493 54 27 126 311 323 
439 432 240 419 71 40 168 41 306 93 
282 490 371 358 114 456 225 342 461 428 
185 212 51 316 460 13 183 397 307 231 
97 158 156 23 30 124 192 39 216 123 
485 94 255 150 221 325 113 423 68 70 
191 35 211 203 320 6 234 101 267 52 
263 100 88 53 482 223 433 340 190 375 
489 102 145 205 65 280 140 424 300 229 
143 226 396 440 159 165 303 130 328 217 
384 368 167 362 312 349 78 250 314 227 
406 24 31 74 474 475 7 279 286 337 
479 135 260 66 498 488 343 410 89 486 
152 3 235 109 477 125 238 385 415 464 
1 366 5 172 179 11 118 462 117 414 
248 264 147 389 411 272 154 161 134 133 
48 4 319 281 373 317 285 77 372 445 
186 407 467 459 444 354 347 425 138 62 
437 429 404 302 219 394 239 370 438 220 
2 127 291 244 377 132 45 360 160 209 
171 176 55 472 283 256 237 180 213 379 
181 480 288 290 104 359 331 116 153 243 
487 
