161
0 58 140 115 83 5 50 8 80 100 
69 74 150 7 35 48 99 52 144 1 
134 22 66 127 29 39 142 47 129 157 
143 78 93 18 109 87 81 123 88 40 
96 14 73 92 149 23 30 103 160 42 
6 31 121 105 57 45 90 132 56 84 
21 124 19 10 15 59 79 91 76 13 
27 138 71 60 70 33 9 63 24 117 
49 104 54 62 145 154 135 119 137 20 
139 44 43 37 11 85 46 82 53 141 
98 153 126 101 12 133 51 116 113 86 
26 38 131 25 89 130 107 152 108 94 
28 97 32 4 102 156 158 77 65 110 
67 72 112 147 114 61 75 118 122 3 
106 16 128 125 148 159 41 36 136 120 
17 95 111 155 64 146 34 2 55 151 
68 
