701
0 369 375 50 49 463 224 513 672 592 
177 172 451 674 466 58 306 344 637 102 
537 322 534 27 460 640 398 418 455 682 
219 459 112 160 290 544 487 473 495 202 
68 370 267 241 421 441 74 591 180 115 
531 587 184 99 117 253 471 348 649 356 
279 622 508 642 416 371 530 243 238 37 
523 314 379 88 29 362 361 124 192 59 
133 360 226 22 20 584 397 340 39 76 
111 151 374 247 428 668 93 36 161 589 
255 94 150 298 656 498 55 92 680 657 
381 623 527 25 296 465 48 576 215 166 
232 540 378 452 304 52 372 236 635 615 
67 148 367 476 554 521 666 297 40 284 
514 549 408 655 551 687 586 659 328 154 
447 109 431 325 535 665 355 686 634 572 
335 631 660 582 103 1 545 24 329 320 
216 350 575 639 101 34 285 139 8 262 
664 45 263 294 116 435 38 366 257 136 
590 581 259 156 609 426 406 424 14 692 
417 629 249 343 422 595 533 662 464 7 
30 402 168 543 33 389 89 301 147 43 
182 145 457 242 221 651 481 119 624 217 
157 411 254 244 646 3 17 491 673 286 
565 327 400 83 632 149 339 169 201 520 
183 62 497 588 600 310 559 501 485 470 
223 82 493 461 580 611 66 129 261 647 
196 399 143 106 391 81 289 110 407 618 
120 560 44 274 240 509 429 292 365 621 
51 689 696 488 654 475 338 63 21 307 
323 433 392 448 41 237 73 607 625 385 
677 675 382 358 209 558 198 650 434 413 
227 204 652 26 486 661 121 561 108 57 
211 84 619 472 142 152 90 199 564 598 
700 432 503 454 31 10 54 273 606 526 
347 299 107 536 248 562 380 541 425 539 
125 165 250 132 685 522 53 300 364 577 
155 496 326 511 613 19 126 269 331 683 
458 137 105 71 72 547 578 663 395 79 
264 438 482 28 583 479 318 409 330 178 
440 688 571 122 573 234 376 213 278 245 
311 373 277 359 368 341 437 80 185 302 
557 141 138 699 525 163 96 602 309 203 
546 291 643 386 570 268 691 468 404 594 
75 490 627 453 316 423 32 128 384 252 
410 287 494 489 601 681 228 233 312 214 
387 222 436 186 13 15 585 569 282 60 
131 630 281 175 246 317 220 354 693 450 
405 65 258 538 614 467 47 456 275 170 
442 91 95 617 477 239 628 70 171 608 
502 319 357 567 636 568 469 507 64 596 
276 641 505 390 670 251 695 605 678 669 
512 164 193 334 158 35 388 644 612 272 
401 517 256 18 5 603 283 346 46 638 
484 87 684 353 174 563 207 9 173 333 
474 265 528 658 574 667 504 321 225 616 
552 626 510 12 396 383 478 345 293 218 
337 352 633 393 394 604 445 462 351 414 
550 212 524 342 336 548 195 134 697 412 
270 363 187 518 98 690 556 167 308 179 
104 449 315 499 519 332 208 492 188 403 
303 114 118 515 69 78 288 61 190 430 
324 189 181 11 593 415 446 159 280 377 
140 135 529 694 620 679 205 305 162 599 
6 42 553 235 197 97 419 645 597 86 
420 85 698 23 671 480 506 439 230 266 
579 653 260 56 313 229 210 200 648 444 
500 427 191 2 127 443 295 130 676 194 
566 176 610 555 349 146 271 206 16 77 
123 483 113 231 4 144 100 542 153 532 
516 
