501
0 236 344 294 303 365 178 172 364 239 
343 102 275 148 285 359 18 407 241 41 
440 379 133 78 499 405 198 207 274 331 
71 384 149 476 459 187 454 360 156 297 
158 80 315 390 177 443 213 26 175 487 
88 491 449 433 232 452 327 61 370 6 
25 256 64 37 59 33 417 8 205 191 
353 22 420 110 142 87 243 139 404 290 
346 68 485 328 67 400 272 74 423 119 
165 494 312 225 111 134 15 462 75 49 
296 128 83 99 29 161 260 332 425 460 
295 189 50 278 151 234 273 209 325 90 
453 436 326 486 42 411 96 402 412 437 
135 63 408 43 123 163 415 19 160 262 
311 410 430 482 144 73 116 137 122 371 
265 210 258 229 429 94 427 368 101 146 
244 248 280 465 374 72 435 221 242 257 
12 385 168 350 245 307 399 293 7 271 
1 150 340 455 445 32 217 378 403 314 
93 233 181 383 426 409 97 283 197 345 
490 250 498 324 13 348 464 330 335 333 
192 112 302 317 184 500 309 218 313 169 
488 202 418 98 62 480 170 467 30 129 
481 394 226 92 208 387 279 287 195 276 
361 38 3 185 479 47 286 203 167 240 
211 406 397 376 220 55 416 261 434 249 
347 493 173 457 57 446 458 17 269 259 
281 316 11 413 477 270 183 456 380 439 
166 392 393 190 351 27 113 466 414 289 
367 489 377 136 255 54 84 381 176 109 
357 126 60 219 253 107 267 40 131 497 
472 398 362 264 469 342 140 447 103 463 
95 224 100 235 77 444 162 308 375 266 
336 130 35 157 39 81 441 44 442 284 
422 337 483 86 349 228 323 21 153 91 
201 305 216 363 395 120 108 358 338 34 
222 164 282 299 352 152 419 145 227 329 
288 421 188 292 268 204 154 389 174 24 
45 141 334 200 117 51 355 471 372 76 
85 474 300 470 182 36 69 20 401 124 
247 215 14 199 341 223 448 138 237 4 
52 58 246 10 451 478 193 132 388 114 
121 155 194 428 424 9 53 251 254 70 
354 291 301 31 147 2 252 118 125 212 
48 450 65 496 277 5 79 320 46 495 
310 339 263 159 231 396 391 318 306 366 
105 484 66 206 186 369 356 89 382 475 
238 196 432 143 304 319 28 461 104 386 
23 127 179 230 438 56 322 298 373 492 
171 115 321 106 180 214 468 16 82 473 
431 
