                                              V2V_range    nRounds    dimX  \
Strategy                          nUAV nPOIs                                 
KingstonImprovedOverNSNMobility   2    10          10.0    37500.0  3000.0   
                                  5    50          10.0  3750000.0  3000.0   
                                  10   50          10.0  3750000.0  3000.0   
                                  15   50          10.0  3750000.0  3000.0   
                                  20   50          10.0  3750000.0  3000.0   
                                  25   50          10.0  3750000.0  3000.0   
KingstonImprovedOverNaiveMobility 2    20          10.0  3750000.0  3000.0   
                                  4    20          10.0  3750000.0  3000.0   
                                  5    100         10.0  3750000.0  3000.0   
                                  8    20          10.0  3750000.0  3000.0   
                                  10   100         10.0  3750000.0  3000.0   
                                  15   100         10.0  3750000.0  3000.0   
                                  16   20          10.0  3750000.0  3000.0   
                                  20   100         10.0  3750000.0  3000.0   
                                  25   100         10.0  3750000.0  3000.0   
TSPbasedMobility                  2    20          10.0  3750000.0  3000.0   
                                  4    20          10.0  3750000.0  3000.0   
                                  8    20          10.0  3750000.0  3000.0   
                                  16   20          10.0  3750000.0  3000.0   

                                              simumationTimeMS  TSP_threads  \
Strategy                          nUAV nPOIs                                  
KingstonImprovedOverNSNMobility   2    10                  0.0          4.0   
                                  5    50                123.5          4.0   
                                  10   50                144.0          4.0   
                                  15   50                172.0          4.0   
                                  20   50                193.5          4.0   
                                  25   50                222.0          4.0   
KingstonImprovedOverNaiveMobility 2    20                 42.0          4.0   
                                  4    20                 47.0          4.0   
                                  5    100               228.0          4.0   
                                  8    20                 56.0          4.0   
                                  10   100               244.5          4.0   
                                  15   100               281.0          4.0   
                                  16   20                 82.0          4.0   
                                  20   100               301.0          4.0   
                                  25   100               336.0          4.0   
TSPbasedMobility                  2    20                313.5          4.0   
                                  4    20                484.0          4.0   
                                  8    20                286.0          4.0   
                                  16   20                563.0          4.0   

                                                maxData    minData  \
Strategy                          nUAV nPOIs                         
KingstonImprovedOverNSNMobility   2    10       36755.0    34390.0   
                                  5    50     3674585.0  3375177.5   
                                  10   50     3596980.0  3037370.0   
                                  15   50     3492010.0  2690300.0   
                                  20   50     3440552.5  2210982.5   
                                  25   50     3322135.0  1976615.0   
KingstonImprovedOverNaiveMobility 2    20     3729865.0  3659517.5   
                                  4    20     3723397.5  3575287.5   
                                  5    100    3742952.5  3674475.0   
                                  8    20     3666392.5  3419990.0   
                                  10   100    3737177.5  3569470.0   
                                  15   100    3726330.0  3488120.0   
                                  16   20     3580877.5  3054200.0   
                                  20   100    3728640.0  3336320.0   
                                  25   100    3699765.0  3352735.0   
TSPbasedMobility                  2    20     3628780.0  3622957.5   
                                  4    20     3513020.0  3502945.0   
                                  8    20     3271500.0  3251295.0   
                                  16   20     2762630.0  2722592.5   

                                              msgAVGDelayOnGS  
Strategy                          nUAV nPOIs                   
KingstonImprovedOverNSNMobility   2    10               601.0  
                                  5    50               192.0  
                                  10   50               244.0  
                                  15   50               208.5  
                                  20   50               238.0  
                                  25   50               252.0  
KingstonImprovedOverNaiveMobility 2    20              1501.5  
                                  4    20              1461.5  
                                  5    100             1314.5  
                                  8    20              1561.5  
                                  10   100              788.0  
                                  15   100             1230.0  
                                  16   20              1610.5  
                                  20   100              971.5  
                                  25   100              982.0  
TSPbasedMobility                  2    20               511.5  
                                  4    20              1025.5  
                                  8    20               472.0  
                                  16   20               925.5  
