NAME : sim141.116406.tour
COMMENT : Length = 116406
COMMENT : Found by LKH [Keld Helsgaun] Sun Sep 16 07:22:55 2018
TYPE : TOUR
DIMENSION : 141
TOUR_SECTION
1
54
46
68
13
20
31
33
58
34
53
77
65
11
130
108
93
116
45
25
19
91
9
36
47
98
21
97
135
136
72
137
125
7
121
104
22
38
55
102
70
82
99
133
95
119
101
3
5
86
131
4
118
132
29
115
85
80
73
75
90
141
79
111
89
117
26
39
67
138
83
56
15
107
16
28
92
87
94
128
52
127
59
8
103
60
48
105
109
126
23
129
14
84
123
100
44
50
42
114
140
32
35
113
17
134
41
139
112
24
64
57
122
61
6
2
37
10
12
96
62
71
69
120
49
74
27
40
78
43
106
66
30
88
81
18
63
110
51
124
76
-1
EOF
