NAME : sim501.220064.tour
COMMENT : Length = 220064
COMMENT : Found by LKH [Keld Helsgaun] Mon Sep 10 23:03:24 2018
TYPE : TOUR
DIMENSION : 501
TOUR_SECTION
1
213
304
159
126
261
223
250
422
475
109
108
183
469
437
26
313
173
25
322
467
458
342
351
32
485
89
197
262
237
350
155
125
130
70
188
139
409
92
316
49
426
400
389
201
338
386
284
56
272
168
248
263
329
33
73
463
15
240
441
464
27
339
326
498
390
105
478
67
5
167
380
345
69
12
132
318
397
13
78
154
368
192
379
270
127
113
460
471
227
356
312
436
2
401
408
487
14
359
410
22
120
258
488
364
162
382
160
271
259
193
490
75
273
210
500
454
224
212
239
207
180
215
28
325
425
38
110
423
107
91
321
335
101
452
119
333
424
50
137
392
334
341
59
413
279
344
440
242
428
491
99
95
243
60
42
394
30
462
29
412
298
174
277
499
144
36
88
191
16
147
306
429
43
222
466
85
221
116
86
438
146
280
157
68
421
444
169
468
432
172
97
285
292
246
9
74
349
434
218
448
481
128
287
476
249
131
309
461
106
53
451
489
231
416
238
308
323
48
136
47
100
158
165
200
94
170
302
319
19
420
477
296
10
62
396
354
124
257
377
336
102
175
299
3
203
23
247
80
388
87
198
234
24
205
148
52
446
114
41
123
363
449
151
96
291
93
79
443
445
58
418
178
181
34
233
104
431
121
486
393
376
357
265
111
220
18
482
142
186
66
219
494
361
11
115
371
37
232
98
40
353
457
286
39
64
365
8
251
289
118
366
177
403
343
395
405
122
453
406
71
417
473
402
214
282
129
260
229
45
346
374
140
360
355
264
331
153
327
297
7
330
112
430
275
391
141
387
274
187
484
209
138
4
362
208
199
459
252
433
305
439
204
21
398
404
310
133
83
61
427
211
340
283
166
90
57
152
381
266
46
470
236
17
84
479
230
301
352
196
347
235
315
384
337
35
195
31
483
383
370
311
77
294
373
495
372
65
20
149
226
367
474
228
244
455
314
317
290
217
324
245
496
44
303
135
332
435
268
161
6
51
171
143
179
185
184
150
378
189
375
442
134
276
216
472
300
202
54
369
447
450
81
465
399
501
176
493
194
411
164
480
288
163
267
278
255
385
407
241
295
63
307
293
82
72
497
117
254
456
253
320
145
206
414
419
182
190
76
269
103
348
492
415
256
225
156
358
328
55
281
-1
EOF
