NAME : sim251.154243.tour
COMMENT : Length = 154243
COMMENT : Found by LKH [Keld Helsgaun] Tue Sep 11 17:46:31 2018
TYPE : TOUR
DIMENSION : 251
TOUR_SECTION
1
183
228
59
101
135
79
8
131
139
85
94
179
234
199
63
187
189
152
5
12
98
22
144
241
149
29
57
64
9
217
130
51
88
46
125
184
192
112
155
123
208
33
47
81
77
193
90
160
235
134
209
27
251
156
89
154
87
118
142
231
176
220
110
31
226
145
143
108
32
54
73
82
62
245
137
210
195
126
213
56
71
161
45
23
246
232
105
198
136
166
116
78
76
2
36
237
215
182
104
168
162
39
6
24
42
20
204
107
99
157
49
114
11
7
225
203
233
69
74
174
178
127
150
60
72
10
93
248
102
38
28
58
172
158
119
191
35
61
205
41
250
194
153
30
165
138
147
206
240
113
16
97
148
200
53
111
238
34
132
169
227
230
18
70
214
180
177
146
207
218
44
121
91
185
133
124
67
170
128
219
247
186
223
96
13
117
83
40
202
224
173
109
68
21
122
66
141
175
244
239
84
15
243
14
242
159
37
120
163
86
65
211
249
201
164
43
115
75
95
100
3
52
106
229
17
103
25
129
140
190
151
171
221
4
19
50
197
216
26
167
92
80
196
222
236
181
48
188
55
212
-1
EOF
