NAME : sim321.176088.tour
COMMENT : Length = 176088
COMMENT : Found by LKH [Keld Helsgaun] Tue Sep 18 03:45:37 2018
TYPE : TOUR
DIMENSION : 321
TOUR_SECTION
1
216
163
141
257
83
158
49
307
280
217
76
145
161
321
80
155
15
180
101
274
224
296
272
196
118
277
66
160
220
227
31
143
85
199
226
114
192
303
288
136
282
320
239
237
98
5
265
211
278
72
241
207
183
59
302
153
221
78
7
32
44
315
16
41
132
138
39
260
165
263
289
284
102
24
178
308
14
127
186
97
169
88
79
149
11
292
75
210
191
151
144
314
122
150
170
100
146
231
137
269
201
130
171
71
202
264
69
94
65
147
38
87
214
242
48
285
36
251
157
162
74
35
179
128
104
253
198
229
312
50
109
21
291
317
287
290
184
250
204
12
219
86
252
247
45
93
29
203
110
91
200
166
281
19
197
318
301
115
258
46
103
245
20
194
42
139
120
230
81
89
134
271
240
316
205
152
154
99
63
2
168
193
3
116
53
30
181
259
195
299
172
9
177
268
304
108
279
310
300
176
52
61
13
174
164
255
185
262
82
34
234
306
313
96
124
23
125
64
142
286
119
131
248
283
28
107
126
297
84
8
18
56
182
129
112
25
90
232
70
123
67
298
22
135
295
249
294
4
95
117
148
222
275
254
33
233
27
113
37
267
105
319
212
235
209
215
55
225
17
187
47
43
243
206
261
293
188
156
111
218
73
175
77
223
40
309
256
68
26
276
189
58
270
190
273
311
167
62
173
246
51
10
92
106
121
133
238
60
213
54
6
159
57
140
266
228
244
208
305
236
-1
EOF
