NAME : sim501.215935.tour
COMMENT : Length = 215935
COMMENT : Found by LKH [Keld Helsgaun] Mon Sep 10 23:25:32 2018
TYPE : TOUR
DIMENSION : 501
TOUR_SECTION
1
74
282
190
132
435
483
171
38
207
158
27
131
224
246
277
170
290
195
29
443
221
10
208
477
298
94
215
191
309
116
301
300
408
460
472
55
444
248
450
35
247
31
201
69
189
146
272
461
143
16
109
12
73
85
8
258
469
24
446
276
13
211
37
61
180
242
493
204
186
44
243
474
20
87
79
252
168
296
50
34
266
139
410
428
367
378
417
169
374
58
265
101
213
232
98
501
214
287
415
106
453
485
393
41
489
468
431
445
138
119
118
360
33
292
193
412
68
136
39
234
346
373
88
110
57
229
366
111
330
200
466
192
405
183
313
317
465
492
342
113
323
222
36
335
82
255
63
236
148
56
339
46
240
194
475
176
199
154
365
376
320
244
231
105
124
395
142
83
495
497
407
286
261
297
22
357
9
294
278
223
67
128
392
288
438
108
235
386
490
19
202
177
307
182
179
398
210
205
385
303
188
275
471
174
388
21
228
184
350
95
496
161
262
430
420
499
253
312
84
17
167
14
322
293
422
25
134
164
267
23
344
449
337
165
389
306
487
387
226
390
48
156
348
280
54
129
421
402
401
178
53
209
442
359
4
484
250
257
152
206
149
409
481
457
239
7
476
233
281
130
419
49
304
371
153
451
383
340
347
28
332
65
18
218
379
115
263
354
418
363
439
45
345
343
302
425
478
47
100
219
473
212
462
151
404
310
245
331
426
91
400
432
399
285
159
77
78
3
455
436
163
334
197
369
238
429
427
66
75
283
264
260
70
325
341
86
351
500
458
225
279
384
30
394
291
268
355
92
424
284
454
411
97
352
162
155
40
147
5
441
358
133
486
338
498
491
467
203
89
42
270
102
482
259
316
488
81
391
173
375
494
314
382
480
448
447
43
464
349
356
120
380
433
403
318
99
396
237
123
249
321
289
117
299
372
315
440
140
220
269
254
327
62
51
52
311
463
434
96
273
126
72
274
185
103
11
308
437
112
59
137
144
71
145
181
6
452
353
60
93
459
15
406
319
397
479
336
2
413
135
150
90
114
80
127
196
230
361
368
423
370
217
227
160
157
333
104
329
362
166
187
141
107
76
305
328
295
364
251
64
125
326
414
271
122
381
175
416
26
241
456
377
172
256
470
324
121
198
32
216
-1
EOF
