NAME : sim501.214672.tour
COMMENT : Length = 214672
COMMENT : Found by LKH [Keld Helsgaun] Mon Sep 10 22:12:48 2018
TYPE : TOUR
DIMENSION : 501
TOUR_SECTION
1
101
124
410
390
481
96
262
233
73
264
432
364
87
114
48
58
388
337
313
163
65
103
384
374
107
180
45
150
51
436
153
67
57
74
36
130
13
444
342
109
347
469
227
451
31
397
239
143
144
193
127
82
482
296
210
434
32
70
25
446
355
328
292
395
472
371
141
197
112
331
309
146
343
4
77
60
116
464
474
72
176
26
24
200
426
453
242
457
271
142
21
222
100
164
169
408
417
219
470
377
369
184
95
433
196
224
152
237
43
269
34
226
181
235
492
361
194
349
149
332
245
385
344
257
220
148
230
187
173
302
118
8
174
160
284
240
268
155
305
83
5
311
346
47
318
392
362
2
353
473
145
211
28
185
62
202
423
421
37
414
22
53
334
386
468
368
497
203
424
455
241
476
92
413
399
391
278
491
159
427
61
213
389
76
88
394
480
204
63
431
209
490
115
134
133
259
12
258
363
456
251
41
501
119
409
420
274
463
10
354
128
338
443
158
285
81
189
89
429
55
18
273
177
192
29
412
35
297
375
231
298
329
111
376
90
485
428
84
287
108
140
50
488
270
191
348
123
335
122
234
117
291
459
120
441
199
71
486
489
458
56
496
383
325
195
478
366
357
277
419
382
223
170
44
406
359
190
135
381
465
360
286
462
437
252
293
253
280
157
97
166
495
498
339
6
378
312
440
9
198
14
265
260
267
356
39
445
288
165
162
79
279
396
320
42
438
94
216
306
175
351
494
475
3
398
442
295
471
321
340
345
105
333
379
461
281
483
330
217
254
151
132
404
449
186
208
403
261
415
129
467
255
301
69
218
367
66
454
168
17
167
78
75
256
314
304
206
99
113
370
86
171
317
40
373
178
323
27
161
30
232
247
352
315
139
183
93
299
327
401
484
450
350
236
138
131
430
439
125
188
156
11
448
300
19
307
289
405
250
387
336
172
263
282
23
487
225
52
308
372
358
104
418
411
102
272
221
244
466
243
214
316
500
479
425
341
98
249
402
294
201
179
46
447
80
319
283
393
137
248
20
493
499
452
207
85
324
365
59
110
400
215
136
422
275
407
38
310
229
154
322
16
326
54
477
15
238
246
460
64
182
7
147
212
435
106
49
303
380
126
228
68
266
416
205
91
121
33
290
276
-1
EOF
