NAME : sim251.155284.tour
COMMENT : Length = 155284
COMMENT : Found by LKH [Keld Helsgaun] Tue Sep 11 16:52:12 2018
TYPE : TOUR
DIMENSION : 251
TOUR_SECTION
1
80
67
195
228
226
236
14
82
93
205
212
196
75
120
154
241
87
189
225
63
88
243
175
179
115
206
217
157
160
123
164
92
237
108
159
227
153
223
13
174
17
177
191
126
104
138
36
61
71
111
162
198
202
146
100
216
96
124
178
20
248
57
5
84
201
251
70
76
220
10
224
73
229
171
35
182
244
107
64
136
207
152
232
46
238
148
4
90
24
12
193
15
2
170
39
242
102
145
122
32
176
133
83
28
116
125
29
168
155
135
85
9
150
190
185
180
158
66
192
30
188
147
40
89
140
173
210
245
68
31
23
240
233
22
172
50
81
7
18
166
37
204
110
105
143
250
101
142
42
26
200
53
25
235
72
197
95
187
137
144
97
77
218
119
128
194
54
214
230
78
34
231
234
131
69
247
213
52
249
38
27
186
114
41
183
117
208
121
141
43
203
58
222
103
33
16
47
156
56
59
48
86
215
132
49
99
167
98
3
209
45
184
21
8
151
149
112
51
74
127
55
109
65
239
134
6
118
199
91
181
60
62
94
221
246
211
219
161
139
163
19
165
106
11
130
79
113
129
44
169
-1
EOF
