NAME : sim251.159322.tour
COMMENT : Length = 159322
COMMENT : Found by LKH [Keld Helsgaun] Wed Aug 29 09:16:21 2018
TYPE : TOUR
DIMENSION : 251
TOUR_SECTION
1
31
95
205
111
227
11
174
228
29
49
107
84
41
2
123
73
109
144
33
219
61
175
155
94
108
13
226
71
140
188
190
191
91
218
131
35
81
153
169
23
50
51
77
199
148
116
176
112
212
66
189
167
147
230
177
165
179
132
18
16
238
124
87
4
56
178
221
42
113
217
241
44
96
38
200
97
210
59
240
236
30
141
22
198
21
103
129
76
202
247
32
237
168
9
68
172
214
211
194
102
82
223
86
234
152
98
39
101
215
173
119
160
243
65
127
80
92
17
55
115
27
192
128
62
146
75
171
5
239
170
249
229
8
197
182
88
156
48
151
69
184
154
120
248
137
7
52
145
53
187
83
246
10
133
235
162
43
245
89
58
118
67
47
105
224
45
183
46
159
6
185
19
78
216
164
163
203
99
12
206
24
90
196
134
186
143
54
135
26
125
63
138
213
64
37
136
225
117
72
28
201
14
93
15
106
232
40
126
208
233
161
209
242
204
150
142
121
181
207
60
193
220
74
79
222
25
36
100
70
34
20
180
57
130
158
114
157
231
139
251
149
244
104
122
250
85
110
166
3
195
-1
EOF
