NAME : sim501.220135.tour
COMMENT : Length = 220135
COMMENT : Found by LKH [Keld Helsgaun] Mon Sep 10 22:57:47 2018
TYPE : TOUR
DIMENSION : 501
TOUR_SECTION
1
74
113
369
204
187
269
65
34
58
388
440
2
344
436
70
405
96
276
284
331
83
206
68
31
123
189
220
23
61
295
262
197
301
8
347
403
413
489
143
397
333
323
172
150
192
128
473
19
59
500
29
54
18
108
47
472
427
394
153
6
418
235
194
198
398
448
130
281
497
479
361
27
10
352
236
351
16
255
491
310
313
9
92
451
30
291
39
99
207
226
319
285
461
21
459
429
365
362
64
308
435
78
421
453
358
437
69
304
4
354
191
132
43
176
499
252
244
485
350
125
52
85
430
121
416
100
486
76
250
258
151
112
475
229
257
67
373
230
89
209
311
343
185
115
138
370
342
444
379
196
386
114
38
158
179
326
55
231
426
316
490
182
420
272
190
488
441
280
368
273
307
480
380
356
200
482
188
355
35
239
318
431
28
162
57
492
117
44
171
119
126
147
428
289
299
274
298
212
442
24
122
133
378
142
385
169
88
141
439
170
232
270
81
56
168
71
374
328
97
178
193
107
148
111
145
241
400
155
129
287
87
277
167
41
124
245
75
293
401
234
339
49
346
498
375
175
215
478
237
494
93
457
484
360
32
296
336
161
411
449
94
376
466
137
419
424
282
135
98
127
300
383
251
177
118
408
422
17
325
309
261
82
446
90
259
210
253
384
139
240
120
468
149
396
407
173
223
317
79
324
357
364
341
140
294
470
202
136
160
3
320
195
481
116
335
46
181
60
201
393
86
106
410
476
483
246
11
338
391
134
487
387
33
501
104
382
371
221
477
464
417
101
222
53
340
456
297
474
184
213
254
433
156
414
5
349
348
458
180
423
496
95
165
312
72
243
40
337
163
217
278
249
334
25
216
462
434
363
389
63
286
7
315
242
265
390
51
218
306
91
248
353
288
268
109
425
42
409
214
12
454
327
345
465
366
152
199
224
37
84
467
174
359
445
450
146
102
228
20
460
110
144
238
275
263
131
372
329
271
395
13
432
260
157
62
404
205
66
159
264
247
203
283
256
438
73
48
493
211
103
415
279
302
225
367
399
377
452
495
406
392
314
322
105
208
183
332
227
443
469
80
447
166
45
267
330
26
233
266
15
154
14
77
290
36
471
164
305
402
321
50
219
186
303
455
22
463
381
292
412
-1
EOF
