NAME : sim701.258433.tour
COMMENT : Length = 258433
COMMENT : Found by LKH [Keld Helsgaun] Tue Sep 18 09:34:54 2018
TYPE : TOUR
DIMENSION : 701
TOUR_SECTION
1
593
660
8
526
292
180
419
121
574
493
279
459
649
393
11
25
227
343
333
376
488
350
268
357
577
49
544
135
621
422
380
615
181
340
524
490
172
146
291
294
32
479
112
630
165
77
345
48
454
6
82
659
78
283
604
418
81
497
254
145
185
462
389
645
701
103
263
328
501
498
295
207
652
158
169
629
581
243
475
183
93
491
173
562
342
79
612
349
456
569
399
679
335
28
674
358
543
624
308
124
250
64
232
382
287
587
24
211
155
35
535
159
385
282
609
447
554
522
651
150
280
696
611
352
138
170
36
92
655
653
97
632
122
348
106
369
416
353
178
667
192
539
222
618
549
586
142
683
636
511
590
4
692
370
311
474
601
654
622
193
20
463
62
529
151
502
560
675
461
34
215
322
44
139
552
71
301
398
469
194
512
187
530
487
132
573
224
471
31
171
359
324
468
691
626
395
40
113
204
248
441
478
290
482
532
68
323
318
404
391
371
52
597
650
309
527
661
10
60
208
149
638
166
239
237
115
338
694
494
108
293
66
648
233
687
547
433
594
499
566
33
355
453
546
259
657
351
21
223
177
561
256
105
152
619
54
38
102
443
503
200
681
480
669
483
89
310
13
330
664
219
249
668
658
286
90
458
260
684
319
424
387
129
671
595
307
74
672
367
128
426
126
676
472
492
362
388
392
61
508
107
589
231
332
564
214
46
390
30
689
550
302
281
317
253
579
229
460
160
438
262
267
174
585
699
442
533
695
111
114
197
346
337
575
41
450
162
525
203
43
303
210
12
446
635
98
452
26
360
464
3
439
484
123
693
56
264
541
466
167
240
588
520
578
341
631
514
189
23
417
312
96
45
545
678
304
643
69
147
414
568
519
218
306
269
583
620
356
285
451
298
42
277
225
188
50
206
430
536
130
470
221
87
670
412
627
415
440
610
336
538
481
555
507
213
540
373
276
698
289
325
436
647
697
246
320
505
58
198
571
83
140
537
515
465
425
608
634
201
397
220
437
182
477
572
109
665
275
18
396
59
134
409
644
27
354
136
408
377
117
567
642
686
584
467
429
101
623
435
2
504
509
39
339
255
216
257
37
445
161
241
29
551
344
258
347
516
518
186
271
252
639
598
489
366
617
510
682
88
67
592
199
316
496
394
73
531
148
637
209
235
22
542
600
379
91
55
641
176
680
558
495
486
297
410
156
314
247
202
364
381
607
553
500
557
125
677
266
9
662
261
596
403
613
427
265
120
184
212
321
57
599
7
365
434
455
300
329
16
420
476
284
63
100
99
14
72
86
374
234
614
270
616
190
175
485
563
19
406
625
273
513
154
363
75
242
163
633
656
690
444
591
53
628
133
51
95
565
226
143
666
76
559
582
153
378
116
70
400
576
157
5
506
85
84
368
80
245
217
205
375
334
331
236
110
548
401
685
327
118
168
251
605
127
402
570
383
195
528
305
296
244
663
278
361
405
179
517
432
640
315
449
521
47
421
119
384
313
274
473
413
144
602
141
137
228
104
17
131
673
431
606
94
448
688
646
299
272
196
230
15
457
386
411
326
428
523
65
372
556
191
580
164
407
603
238
288
534
423
700
-1
EOF
