NAME : sim251.152162.tour
COMMENT : Length = 152162
COMMENT : Found by LKH [Keld Helsgaun] Tue Sep 11 17:16:25 2018
TYPE : TOUR
DIMENSION : 251
TOUR_SECTION
1
128
64
204
96
167
116
4
159
3
155
65
154
135
75
156
7
121
200
87
94
8
112
23
85
62
99
12
227
117
213
224
180
24
120
138
146
144
212
114
171
48
31
141
129
164
35
25
58
92
158
131
225
230
226
69
61
187
90
241
109
49
38
83
243
21
249
208
130
190
162
108
165
26
152
139
66
16
54
43
103
42
82
192
245
9
63
229
123
29
234
217
44
233
143
251
95
20
179
218
211
76
60
168
175
125
228
160
59
250
248
57
36
52
206
56
183
149
210
163
133
231
178
13
246
242
189
220
203
6
55
84
30
37
186
235
184
115
201
98
148
113
107
89
237
22
199
205
18
104
198
72
110
67
71
106
28
45
70
2
91
137
47
19
78
101
27
202
134
10
185
223
236
74
11
68
14
73
100
194
15
166
209
195
5
119
81
145
32
207
169
239
177
244
188
173
147
33
77
53
232
124
170
97
191
50
122
214
172
118
219
111
193
132
126
41
127
93
39
51
196
40
79
157
151
222
105
238
174
182
240
88
142
176
102
80
181
216
221
197
215
136
150
46
86
34
140
17
153
247
161
-1
EOF
