NAME : sim321.173710.tour
COMMENT : Length = 173710
COMMENT : Found by LKH [Keld Helsgaun] Tue Sep 18 02:55:31 2018
TYPE : TOUR
DIMENSION : 321
TOUR_SECTION
1
172
300
49
105
202
135
146
177
110
20
182
97
292
126
74
186
61
220
4
151
88
237
315
161
311
318
271
188
231
131
173
29
249
19
80
30
278
82
78
304
226
6
224
308
274
243
269
228
268
76
85
289
160
10
196
206
99
54
193
95
168
247
15
282
197
23
51
66
261
94
55
24
245
199
145
204
83
125
26
84
303
273
190
298
136
150
194
302
260
11
100
42
187
221
295
153
158
143
113
50
37
293
114
25
175
254
319
34
208
262
38
75
133
223
98
117
200
265
77
108
28
258
229
138
211
309
121
205
246
201
144
180
39
64
313
18
255
216
310
129
256
166
178
297
137
276
33
235
32
53
103
164
267
57
170
321
241
128
279
106
307
250
90
36
244
102
301
232
209
191
14
227
31
198
118
111
264
157
212
174
294
213
43
27
45
305
124
47
116
141
299
236
44
290
217
192
134
281
215
312
41
17
251
240
16
314
35
89
127
283
272
257
130
101
287
285
152
9
189
86
73
316
149
263
239
270
222
148
288
96
40
71
81
56
275
13
291
69
234
219
120
8
214
185
156
119
112
284
59
48
132
122
277
286
210
183
70
147
154
93
72
79
225
184
162
115
280
58
107
123
7
21
167
171
109
252
104
140
233
296
3
242
266
139
176
218
68
165
60
163
320
155
12
181
67
159
46
317
52
253
259
2
248
87
65
238
195
92
62
63
142
22
203
207
169
306
5
91
230
179
-1
EOF
