NAME : sim251.158158.tour
COMMENT : Length = 158158
COMMENT : Found by LKH [Keld Helsgaun] Wed Aug 29 10:21:01 2018
TYPE : TOUR
DIMENSION : 251
TOUR_SECTION
1
30
125
17
194
230
128
145
226
73
178
57
134
89
167
36
173
102
66
151
38
94
187
19
199
64
165
130
212
208
249
200
149
41
92
42
197
162
198
105
13
181
124
31
47
143
177
204
55
188
190
18
87
140
12
137
93
147
242
70
27
155
244
23
144
138
183
136
9
215
195
146
107
192
246
91
51
236
206
142
110
29
77
168
62
116
205
224
180
113
75
69
210
96
229
171
20
10
207
141
231
46
222
218
132
164
216
82
108
186
50
126
122
97
179
83
235
131
106
85
203
211
71
103
170
240
111
172
209
153
74
34
79
119
121
95
214
115
182
28
2
129
22
40
123
35
225
250
163
133
100
196
81
98
67
59
37
184
56
234
32
127
185
248
247
60
26
139
243
80
99
112
118
228
239
148
202
109
158
233
157
84
160
166
49
63
54
232
159
154
4
193
176
135
45
156
220
152
245
217
219
90
227
15
21
86
189
53
191
223
237
169
44
161
68
76
238
174
24
251
120
78
61
213
11
88
7
3
65
5
25
114
117
39
33
241
8
101
221
14
43
175
150
48
58
72
6
52
201
16
104
-1
EOF
