NAME : sim501.217630.tour
COMMENT : Length = 217630
COMMENT : Found by LKH [Keld Helsgaun] Mon Sep 10 23:06:07 2018
TYPE : TOUR
DIMENSION : 501
TOUR_SECTION
1
170
33
433
242
473
348
416
258
357
268
341
191
498
401
90
163
142
234
452
435
277
162
339
368
127
289
497
97
299
260
34
174
194
255
45
117
422
315
99
424
451
70
41
286
279
269
204
68
344
316
180
190
371
21
367
330
133
477
259
48
169
92
109
305
291
336
130
378
469
432
124
443
265
75
346
110
428
179
53
287
366
370
184
49
397
207
228
446
36
245
113
149
73
427
210
499
486
476
192
38
141
261
159
30
173
58
67
150
147
43
323
423
488
372
479
243
484
264
160
250
392
39
318
94
165
436
338
434
22
129
76
290
494
37
226
326
104
183
362
325
13
25
293
5
220
72
81
195
272
294
23
185
430
229
478
155
55
215
333
440
98
197
322
217
309
105
225
262
405
275
441
135
47
444
50
491
158
247
393
24
256
52
278
164
376
411
253
8
425
199
12
438
240
187
26
388
385
249
15
468
56
319
501
168
267
489
208
157
102
296
321
233
327
177
213
317
274
2
235
495
181
121
115
224
310
314
496
369
143
342
175
200
303
79
270
361
42
20
387
390
153
414
301
139
209
3
462
487
400
51
365
19
244
374
382
211
96
445
347
490
282
426
186
31
466
136
107
218
337
467
57
118
212
132
148
311
122
219
112
350
273
188
470
377
409
193
407
178
54
284
101
198
120
138
324
412
355
280
465
442
161
88
328
421
146
398
475
134
461
351
9
418
485
437
166
171
252
111
206
373
482
276
221
60
302
145
80
292
375
415
29
44
196
439
340
493
500
271
140
410
203
156
453
380
472
123
360
108
353
16
77
306
223
331
320
352
144
114
248
237
84
349
288
459
413
394
396
46
431
298
313
483
359
227
78
358
11
91
27
429
419
283
332
125
464
364
82
95
40
152
17
257
457
154
14
295
241
404
420
65
71
137
106
335
454
334
471
236
116
395
345
356
266
119
456
458
66
74
304
384
329
131
230
87
93
402
308
35
379
18
285
251
176
492
128
383
417
450
222
455
297
201
232
391
189
300
281
205
239
4
447
474
448
480
263
381
32
61
246
403
85
6
399
59
172
167
408
28
312
460
126
463
7
449
83
10
89
254
307
103
389
406
481
151
202
216
62
214
63
231
64
343
182
86
386
69
100
354
363
238
-1
EOF
