NAME : sim141.113901.tour
COMMENT : Length = 113901
COMMENT : Found by LKH [Keld Helsgaun] Thu Sep 20 02:24:03 2018
TYPE : TOUR
DIMENSION : 141
TOUR_SECTION
1
87
6
14
98
26
113
34
40
88
39
79
18
121
10
64
52
97
50
76
137
33
28
38
45
100
125
111
107
17
23
5
60
58
126
73
42
133
86
102
32
44
75
120
106
68
30
9
74
59
49
31
135
116
115
47
92
15
89
8
90
72
77
139
99
140
105
56
78
55
62
3
22
91
81
85
27
46
112
36
119
138
61
57
122
19
4
25
132
93
66
108
69
67
84
65
21
43
101
24
16
41
54
12
82
114
63
110
51
117
127
48
134
29
123
131
11
35
103
94
141
136
96
7
95
129
13
53
83
2
124
104
71
118
109
70
37
80
20
128
130
-1
EOF
