NAME : sim251.159179.tour
COMMENT : Length = 159179
COMMENT : Found by LKH [Keld Helsgaun] Wed Aug 29 09:34:11 2018
TYPE : TOUR
DIMENSION : 251
TOUR_SECTION
1
152
122
222
11
116
100
76
161
26
62
63
12
28
243
190
238
113
79
49
136
218
85
51
237
236
121
247
246
139
68
181
164
101
34
117
131
228
171
41
151
42
183
44
50
195
206
220
84
99
32
240
57
219
194
38
202
126
123
168
201
224
215
20
96
153
59
191
132
141
94
233
199
249
231
229
86
192
146
145
214
18
4
70
133
110
209
89
119
174
97
73
75
64
61
226
95
80
221
5
124
93
210
88
244
217
230
71
15
175
112
150
155
24
178
149
129
143
22
189
107
52
232
8
3
60
48
216
66
204
23
162
173
176
69
200
130
177
239
154
109
87
115
104
27
134
37
13
78
120
157
203
159
7
6
211
170
102
156
31
167
160
17
53
140
144
36
169
234
188
137
111
77
43
241
67
148
91
118
2
166
227
235
105
65
165
81
40
98
72
251
207
25
223
196
127
193
198
58
245
185
45
142
128
106
225
108
197
55
10
82
163
56
147
103
30
213
47
114
125
92
14
208
205
184
33
83
135
182
138
172
29
187
19
35
242
158
9
212
179
74
39
16
90
21
180
248
46
54
250
186
-1
EOF
