NAME : sim1001.306216.tour
COMMENT : Length = 306216
COMMENT : Found by LKH [Keld Helsgaun] Tue Sep 11 16:22:06 2018
TYPE : TOUR
DIMENSION : 1001
TOUR_SECTION
1
30
439
67
688
498
903
549
58
168
652
943
543
153
26
429
161
623
591
890
741
277
817
770
883
948
792
147
473
843
789
101
91
892
254
690
81
220
762
871
488
53
174
119
310
975
624
77
698
145
798
876
539
12
896
922
228
728
607
448
417
516
87
471
94
886
648
976
247
461
426
361
960
128
117
952
840
511
306
540
118
181
529
692
149
819
444
700
639
510
701
813
790
392
761
17
786
824
484
818
702
97
204
560
72
27
811
620
428
427
719
672
146
490
829
45
329
107
160
501
946
199
771
885
979
493
714
62
955
743
7
718
659
638
156
152
758
793
902
937
43
593
415
59
66
454
113
736
463
266
836
745
33
495
236
373
262
130
646
844
162
13
753
668
332
848
314
744
542
523
445
114
971
248
201
424
538
141
600
944
273
65
939
673
163
304
480
579
841
858
625
822
567
264
414
129
610
987
268
489
897
561
812
846
82
106
961
656
207
815
324
127
735
37
341
500
709
16
256
419
911
969
109
452
592
691
39
185
395
35
443
212
733
794
103
742
907
203
746
582
140
630
472
317
959
311
938
553
110
949
706
78
936
15
410
210
658
104
230
823
675
853
125
996
791
300
360
898
805
61
870
21
282
322
537
377
619
899
166
708
586
138
910
375
137
859
705
597
920
14
797
912
967
133
172
5
469
642
930
880
64
197
134
860
923
686
20
722
86
684
408
535
869
292
521
973
342
602
683
56
611
980
716
622
873
215
11
63
820
279
468
205
455
44
148
681
917
198
919
992
627
151
710
219
721
569
879
544
25
550
806
323
628
748
990
337
779
519
999
184
369
70
154
223
363
208
327
637
832
194
227
492
644
570
431
258
524
998
48
384
299
655
606
237
904
333
954
764
404
231
738
633
29
435
605
238
241
411
22
394
57
28
386
837
249
506
261
470
173
250
477
725
449
298
835
2
190
6
863
505
150
584
866
587
356
650
514
945
788
1001
872
713
635
590
645
397
715
3
331
482
777
446
23
425
390
75
787
739
90
768
925
830
929
457
578
562
328
632
96
76
773
255
932
246
175
629
381
780
804
252
10
989
882
613
712
636
884
285
682
335
614
393
759
711
491
901
982
89
365
357
214
572
295
499
909
346
139
339
412
315
409
580
326
512
972
595
585
621
888
71
179
54
760
810
297
825
259
977
571
626
378
486
894
693
142
699
234
756
931
781
752
391
131
34
778
226
740
191
594
953
485
749
307
966
372
854
601
993
293
603
618
430
180
102
52
861
320
727
857
371
224
294
351
662
755
631
155
267
403
40
695
799
442
135
532
503
38
313
723
450
926
564
893
957
245
176
767
669
531
803
729
41
660
183
565
502
763
187
801
487
784
276
838
887
192
379
459
775
165
440
615
666
275
928
83
438
864
418
704
689
970
478
530
74
453
283
222
765
874
108
260
556
330
604
366
816
680
243
900
518
694
581
726
751
321
239
551
296
527
79
182
50
915
640
563
504
312
856
462
481
772
353
270
200
908
420
616
583
596
995
257
509
251
188
60
677
651
4
136
368
359
319
303
402
209
558
508
608
235
732
126
891
374
737
868
895
244
336
401
877
795
116
93
120
667
289
916
433
665
338
193
88
159
649
447
507
385
731
520
376
302
229
674
221
483
475
325
984
399
8
437
782
934
678
951
206
833
862
947
367
308
343
233
9
845
921
84
568
536
362
387
189
956
720
747
24
287
905
211
68
696
95
370
122
552
32
216
36
785
272
730
18
355
641
852
994
526
115
400
940
776
914
814
881
599
46
927
985
828
707
19
111
750
834
643
609
913
100
434
576
112
99
679
382
757
476
171
398
407
783
345
875
196
964
800
281
347
657
617
253
963
988
724
274
821
265
547
105
769
950
663
413
316
358
388
851
541
383
671
157
687
465
575
528
364
318
354
51
47
796
654
991
807
85
286
522
670
906
73
474
143
981
144
647
557
466
396
889
754
344
664
847
213
80
271
305
974
284
441
42
288
389
962
703
456
467
661
132
121
849
177
554
406
242
195
826
240
525
352
546
867
451
855
965
92
941
653
517
202
422
831
574
225
808
497
464
217
983
178
986
685
878
301
496
802
69
634
589
598
436
515
291
278
997
577
169
942
186
545
416
958
774
865
98
458
827
334
432
850
167
1000
555
935
734
31
697
340
717
918
533
766
218
479
842
460
348
263
933
280
573
350
170
924
423
421
349
158
588
676
290
405
612
978
164
309
566
49
548
232
55
269
534
968
839
809
123
559
494
513
380
124
-1
EOF
