NAME : sim161.125879.tour
COMMENT : Length = 125879
COMMENT : Found by LKH [Keld Helsgaun] Mon Sep 17 02:26:32 2018
TYPE : TOUR
DIMENSION : 161
TOUR_SECTION
1
33
24
40
39
119
130
141
9
82
79
90
63
72
80
50
76
55
83
137
29
157
136
139
109
144
86
127
129
6
158
105
35
160
111
161
4
34
150
87
121
70
154
142
8
32
132
59
152
31
138
51
12
89
26
47
17
135
41
16
36
28
123
7
58
54
155
37
96
45
112
53
107
2
153
25
106
27
49
156
21
103
110
120
30
74
64
140
95
52
151
81
56
128
69
5
101
100
145
10
14
65
77
92
131
62
91
114
122
126
104
116
159
44
108
125
48
97
147
148
102
73
11
117
22
15
94
99
61
75
19
88
124
38
78
23
60
115
46
85
42
149
68
43
93
3
66
71
20
143
18
13
134
146
113
57
84
118
67
98
133
-1
EOF
