NAME : sim501.216611.tour
COMMENT : Length = 216611
COMMENT : Found by LKH [Keld Helsgaun] Mon Sep 10 23:49:32 2018
TYPE : TOUR
DIMENSION : 501
TOUR_SECTION
1
297
331
440
248
67
371
419
379
217
25
46
102
423
129
72
190
57
447
199
32
228
110
267
208
10
305
342
467
363
374
481
251
74
89
113
105
245
166
300
310
347
76
493
289
91
479
40
120
134
184
80
209
271
188
198
427
332
328
460
472
276
254
167
475
246
452
336
185
139
138
500
177
168
401
468
233
262
368
22
488
350
137
326
125
152
157
270
403
27
224
438
499
316
309
317
296
106
421
115
388
133
353
487
337
12
87
422
174
13
478
55
212
28
101
301
407
237
84
170
483
6
230
231
187
429
320
23
99
495
362
144
43
169
378
400
206
250
121
151
392
38
9
81
443
69
178
283
291
16
160
470
324
21
229
86
179
414
286
214
2
127
45
484
39
73
249
192
462
263
293
31
5
365
191
161
103
42
269
93
394
4
290
356
148
370
239
19
288
335
311
77
196
50
458
449
279
280
338
275
143
285
247
135
172
482
264
7
92
345
29
104
321
218
36
14
343
364
448
386
315
96
257
369
431
385
111
415
471
425
181
235
480
273
189
307
327
383
186
292
299
454
455
474
79
242
128
340
344
253
203
215
145
114
501
159
277
323
162
146
200
258
389
126
375
433
183
408
325
62
130
387
399
222
319
457
377
430
497
240
428
360
51
441
197
434
329
34
352
11
26
59
442
140
366
142
298
404
406
171
71
450
97
446
244
432
117
469
132
154
314
24
334
391
223
453
268
416
358
384
287
234
158
256
265
8
53
180
44
492
266
439
136
85
90
261
341
61
456
149
390
302
37
60
490
123
33
485
216
243
47
52
424
473
409
322
308
295
398
464
202
54
376
278
238
150
459
147
410
354
272
109
65
294
108
165
70
207
48
3
282
173
494
367
359
210
35
489
466
303
63
236
153
463
17
175
56
397
20
252
436
381
496
118
339
107
122
393
88
281
255
195
382
260
259
411
284
405
498
95
94
346
116
78
68
98
318
435
418
64
355
163
220
420
205
461
156
351
445
219
155
437
396
211
241
312
333
304
349
100
15
182
426
119
82
476
451
112
274
227
226
395
357
75
30
124
213
477
313
372
225
380
330
232
444
373
141
18
41
201
193
131
412
49
221
58
413
66
306
465
361
402
491
204
486
194
417
164
176
83
348
-1
EOF
