NAME : sim161.126751.tour
COMMENT : Length = 126751
COMMENT : Found by LKH [Keld Helsgaun] Sat Sep 15 04:10:48 2018
TYPE : TOUR
DIMENSION : 161
TOUR_SECTION
1
17
154
120
99
37
56
4
122
117
100
47
14
135
29
132
155
6
147
82
98
61
97
31
113
93
27
125
52
16
121
89
80
40
138
72
128
107
77
70
42
11
67
94
157
33
161
111
62
39
74
59
13
95
126
5
79
96
146
127
142
123
78
144
44
19
129
3
53
87
73
140
7
145
141
150
38
114
34
134
131
32
91
10
60
85
159
158
83
153
118
116
76
81
143
64
88
160
90
63
12
71
133
2
109
21
66
15
24
110
130
43
8
22
75
102
152
48
101
149
50
69
36
30
103
108
151
51
119
92
124
49
104
46
84
115
18
54
57
137
55
139
68
106
58
105
156
9
28
65
26
20
148
25
86
35
136
23
112
41
45
-1
EOF
