NAME : sim141.119201.tour
COMMENT : Length = 119201
COMMENT : Found by LKH [Keld Helsgaun] Thu Sep 20 04:29:06 2018
TYPE : TOUR
DIMENSION : 141
TOUR_SECTION
1
117
7
104
132
96
25
112
119
9
105
98
51
116
67
139
138
102
61
110
49
65
69
12
80
35
83
84
37
46
106
43
30
26
103
137
136
97
85
8
50
57
58
11
15
3
18
100
86
71
141
5
82
27
130
121
2
120
23
134
88
54
92
87
122
113
94
24
32
45
95
125
21
41
40
33
90
135
6
77
16
28
107
20
60
39
4
91
108
48
14
72
73
140
89
114
36
56
128
59
118
64
17
13
66
31
74
111
68
52
115
75
101
55
29
76
22
126
42
81
62
78
47
10
63
44
133
131
109
79
34
124
53
70
123
99
127
38
93
19
129
-1
EOF
