NAME : sim321.173126.tour
COMMENT : Length = 173126
COMMENT : Found by LKH [Keld Helsgaun] Sat Sep 15 14:21:42 2018
TYPE : TOUR
DIMENSION : 321
TOUR_SECTION
1
210
293
5
176
106
110
107
64
315
264
233
227
194
201
9
189
213
270
63
318
188
228
56
62
75
44
58
139
114
313
116
149
263
118
272
265
128
3
314
223
30
278
240
203
154
87
144
33
123
47
317
273
109
95
171
190
151
178
230
226
122
108
43
161
206
185
111
204
48
320
78
211
155
41
258
212
22
157
300
306
143
86
131
268
93
236
237
97
195
307
51
140
303
180
181
297
168
252
232
281
80
241
311
34
18
67
172
285
198
199
295
231
39
55
98
219
65
90
249
20
245
248
217
50
121
218
290
35
68
13
42
280
256
133
15
57
31
310
77
7
305
138
302
25
125
182
146
45
299
183
129
126
23
286
164
141
276
59
152
70
4
266
177
275
167
105
72
79
101
159
120
12
309
282
242
124
283
158
301
119
46
207
61
287
179
193
216
261
38
196
214
127
296
82
153
71
104
253
37
8
117
150
184
186
94
99
85
163
316
83
69
267
36
165
73
279
137
292
288
277
24
156
29
229
197
304
115
244
247
239
169
192
271
235
187
222
209
54
88
225
294
202
132
262
66
246
259
11
100
221
96
308
251
136
220
26
6
112
2
21
135
289
84
76
27
52
17
49
269
260
234
32
312
319
92
250
321
102
130
91
103
243
255
134
40
74
208
53
191
284
238
113
16
274
200
298
170
257
142
89
148
174
160
19
14
28
215
147
145
162
205
254
173
166
60
10
81
224
175
291
-1
EOF
