NAME : sim251.155283.tour
COMMENT : Length = 155283
COMMENT : Found by LKH [Keld Helsgaun] Tue Sep 11 17:19:24 2018
TYPE : TOUR
DIMENSION : 251
TOUR_SECTION
1
187
214
77
89
61
5
42
162
119
167
151
110
78
104
46
220
100
166
53
244
36
197
103
122
109
207
85
106
236
164
146
135
58
168
127
67
234
179
250
70
161
132
9
201
160
43
66
137
124
189
243
213
133
95
16
45
19
31
55
172
6
230
186
177
30
15
24
145
154
120
80
87
90
198
148
176
41
97
191
195
40
64
190
194
47
240
118
142
223
21
208
23
114
226
210
92
115
79
180
33
204
116
238
218
117
10
84
3
7
143
50
134
28
128
52
158
163
102
125
60
93
44
113
150
200
86
251
147
185
14
215
242
131
192
232
222
76
212
107
241
105
75
216
228
49
184
237
8
48
140
136
29
91
126
83
183
99
202
206
57
152
26
217
165
159
81
175
219
225
170
71
174
39
108
62
56
18
245
37
248
51
25
211
112
209
156
65
169
157
4
235
173
138
171
69
82
141
121
144
153
27
11
227
73
188
149
247
68
101
199
123
229
88
72
98
111
224
221
181
249
203
17
32
94
182
35
178
96
20
22
38
12
54
139
196
59
193
233
246
155
130
205
2
34
129
74
231
63
13
239
-1
EOF
