NAME : sim501.220453.tour
COMMENT : Length = 220453
COMMENT : Found by LKH [Keld Helsgaun] Mon Sep 10 22:03:41 2018
TYPE : TOUR
DIMENSION : 501
TOUR_SECTION
1
100
350
442
376
197
5
163
180
152
297
128
365
402
266
483
482
334
166
205
315
399
22
10
393
263
140
239
447
93
17
411
113
421
112
60
11
182
293
453
360
92
501
427
16
460
407
466
248
129
273
87
147
491
28
396
476
15
244
375
82
13
114
255
431
150
472
80
319
234
199
159
161
370
27
471
494
401
52
103
478
456
72
294
48
221
331
381
454
270
142
156
425
245
63
214
116
213
308
314
57
385
434
441
408
356
335
65
195
280
192
53
210
188
225
268
85
484
94
130
474
500
272
216
299
398
358
186
172
101
181
98
29
417
438
286
467
461
21
136
372
164
241
485
90
151
444
400
419
19
290
25
47
111
397
231
189
107
450
24
249
344
340
320
345
353
496
99
443
459
284
33
89
253
51
31
211
341
2
260
240
78
486
138
437
209
363
203
352
238
54
347
464
304
322
390
298
191
367
242
122
73
131
318
414
324
207
405
23
32
261
247
70
91
457
346
259
223
354
224
296
285
202
127
283
39
278
108
343
153
183
380
37
74
369
157
439
276
406
168
14
30
409
480
212
34
269
7
149
498
412
4
117
76
201
133
97
316
492
332
435
371
267
333
463
208
481
81
389
64
470
410
6
219
433
430
109
383
451
303
479
487
160
328
125
155
200
75
217
79
432
357
387
179
388
220
177
20
124
173
68
106
469
175
391
386
490
394
323
236
300
141
311
121
495
50
42
198
146
473
38
307
327
475
468
8
67
55
295
452
337
440
477
178
317
287
41
326
325
499
230
9
170
44
148
339
395
420
330
144
250
154
379
3
246
119
194
448
35
378
338
275
416
321
237
282
105
493
423
366
349
449
310
462
488
229
361
257
428
134
26
252
169
415
137
373
71
429
329
196
110
96
104
118
342
18
465
291
49
120
88
187
232
102
218
313
222
355
115
302
279
262
83
301
143
403
167
184
422
233
256
165
12
228
306
362
265
446
77
418
489
126
458
305
288
45
277
36
289
215
235
336
56
204
66
123
190
351
158
274
436
292
162
227
171
95
43
86
455
185
59
40
364
359
348
271
281
193
58
243
312
84
61
145
392
174
309
374
132
424
384
404
426
382
445
62
135
46
377
206
368
264
251
176
413
254
69
258
226
139
497
-1
EOF
