NAME : sim251.157040.tour
COMMENT : Length = 157040
COMMENT : Found by LKH [Keld Helsgaun] Tue Sep 11 16:57:47 2018
TYPE : TOUR
DIMENSION : 251
TOUR_SECTION
1
82
215
212
203
146
107
94
166
181
38
169
124
245
243
74
173
156
47
16
167
195
88
25
239
48
43
145
149
92
234
102
131
73
28
83
64
251
197
70
33
61
248
15
204
11
6
175
100
10
49
4
67
126
182
21
105
85
201
168
139
157
138
128
5
163
2
66
219
143
40
55
77
207
217
86
247
79
116
151
224
179
162
129
161
69
13
32
35
158
236
39
115
144
184
90
18
172
108
240
123
111
26
141
189
147
246
9
171
24
76
113
233
196
164
109
84
229
63
178
17
160
198
56
99
134
41
80
45
75
199
117
211
12
127
176
87
51
214
231
180
223
20
183
170
106
130
165
232
101
155
121
122
137
154
8
222
95
78
192
57
7
226
110
227
218
104
237
190
200
159
23
112
225
140
153
150
27
22
58
30
148
241
142
68
191
235
34
89
36
209
98
52
31
71
186
53
135
44
220
19
96
194
114
54
81
230
177
65
152
206
216
50
97
136
118
103
14
46
93
205
174
221
208
3
210
244
185
188
202
187
249
228
29
119
62
213
120
238
42
133
242
193
60
125
132
59
72
37
250
91
-1
EOF
