NAME : sim251.157619.tour
COMMENT : Length = 157619
COMMENT : Found by LKH [Keld Helsgaun] Tue Sep 11 17:15:51 2018
TYPE : TOUR
DIMENSION : 251
TOUR_SECTION
1
62
100
123
54
34
86
88
46
129
89
75
203
4
235
52
233
8
126
167
196
242
104
161
16
24
178
228
175
180
118
35
136
206
195
230
9
98
244
83
214
160
192
182
246
85
172
125
95
190
79
238
48
221
157
171
7
28
74
44
156
202
15
78
40
140
84
138
243
239
212
225
43
219
218
193
179
66
223
39
143
184
198
158
92
59
53
232
121
164
141
23
60
61
20
45
124
142
26
17
14
90
57
19
2
191
231
80
151
6
42
99
56
110
5
144
72
32
201
229
116
152
227
127
38
174
249
187
115
10
240
120
222
176
162
188
149
245
170
241
131
76
113
153
194
11
29
96
251
114
91
103
130
108
234
200
93
137
12
55
22
248
163
82
119
58
185
204
183
21
128
33
13
199
41
220
217
155
197
139
109
207
209
226
250
159
148
165
205
210
224
97
63
111
150
135
31
145
168
3
215
181
211
65
81
18
30
47
247
237
25
64
36
102
77
71
49
50
87
101
216
94
69
67
186
146
112
169
173
134
147
70
154
133
27
236
177
37
68
107
208
106
122
117
105
73
213
51
132
189
166
-1
EOF
