NAME : sim501.220634.tour
COMMENT : Length = 220634
COMMENT : Found by LKH [Keld Helsgaun] Mon Sep 10 23:20:37 2018
TYPE : TOUR
DIMENSION : 501
TOUR_SECTION
1
47
7
314
375
267
212
399
21
5
84
308
342
264
16
144
128
64
85
238
500
466
124
422
356
232
431
10
12
78
49
45
496
450
28
173
471
309
361
32
336
349
346
449
73
441
499
310
30
410
156
171
83
191
242
33
230
367
11
464
438
231
321
226
114
469
288
180
355
96
398
72
341
388
357
136
416
34
62
41
259
382
339
281
333
39
20
60
454
427
67
217
243
184
36
245
119
260
351
116
145
181
50
274
211
311
371
9
278
334
94
275
192
271
489
162
244
313
200
442
444
436
204
254
488
483
131
107
149
338
305
289
176
133
337
141
479
285
112
75
414
121
268
272
215
401
219
482
51
330
152
249
363
448
474
233
407
430
424
179
137
440
297
491
246
138
475
439
409
55
61
377
146
462
452
374
31
174
262
24
98
362
23
3
19
118
495
437
359
187
147
335
65
368
109
209
126
57
105
350
90
277
224
329
140
302
421
155
426
177
26
408
77
256
344
252
43
425
386
111
99
186
134
366
235
404
405
40
307
250
396
458
327
178
117
87
198
353
390
163
248
214
168
213
263
486
324
35
460
296
432
295
446
258
154
172
183
196
434
480
435
294
240
306
498
165
445
326
74
406
169
266
501
485
69
433
373
332
257
429
352
106
380
103
370
76
92
463
369
477
393
331
123
457
395
413
48
400
320
467
443
392
456
394
315
223
132
86
203
225
185
387
166
418
247
412
115
317
25
451
292
298
420
194
54
38
153
299
239
447
59
478
378
358
135
202
208
476
161
44
303
376
304
423
63
14
4
470
415
95
484
389
328
455
193
293
6
201
143
286
459
175
461
468
188
221
89
276
287
18
255
279
170
205
236
13
325
318
411
493
497
282
343
347
164
127
91
222
120
100
481
494
251
52
2
487
385
348
122
323
283
150
417
472
234
58
125
79
70
419
27
148
182
88
82
322
108
241
207
102
101
383
381
199
492
206
360
56
210
364
316
151
130
229
284
17
22
273
372
345
312
379
300
139
142
53
104
158
290
384
220
197
97
228
195
391
167
253
129
113
110
490
270
453
340
301
66
159
71
160
473
42
29
80
397
15
269
227
189
280
8
81
190
93
265
68
46
403
261
354
291
237
465
218
216
37
157
402
428
319
365
-1
EOF
