NAME : sim321.174133.tour
COMMENT : Length = 174133
COMMENT : Found by LKH [Keld Helsgaun] Sun Sep 16 03:08:07 2018
TYPE : TOUR
DIMENSION : 321
TOUR_SECTION
1
37
86
239
91
197
7
291
254
40
238
214
47
196
131
233
247
20
72
269
223
218
274
55
3
109
248
304
201
66
300
294
24
56
287
68
139
261
2
275
204
171
58
8
246
10
54
98
120
103
289
166
116
82
152
79
75
94
295
126
281
206
309
321
105
314
88
145
244
209
193
200
216
163
241
286
118
78
159
51
151
219
108
273
229
63
250
161
25
155
188
282
180
21
240
208
100
52
264
64
150
38
283
186
176
137
106
122
26
296
290
36
16
178
173
17
195
284
140
19
315
39
128
313
198
168
297
41
93
101
213
143
215
23
235
160
260
189
48
14
71
280
172
142
185
306
29
316
278
80
288
292
153
167
262
18
156
221
236
89
30
45
33
227
311
211
4
207
267
179
34
252
242
175
183
256
299
270
301
112
220
164
115
123
147
133
217
121
92
46
263
77
97
96
149
114
255
182
146
230
69
129
60
245
199
95
62
141
44
61
74
43
170
148
318
203
205
31
107
165
317
222
158
279
90
81
265
99
13
253
12
59
65
28
50
6
83
53
110
113
124
49
232
277
87
15
225
73
11
177
76
102
268
237
258
132
111
85
226
157
272
302
210
42
174
119
298
305
130
285
9
212
27
194
310
308
312
249
320
70
136
125
231
228
234
35
184
307
192
293
117
57
303
169
224
259
266
257
243
251
181
276
271
5
138
67
32
154
319
135
134
22
162
104
187
144
84
191
127
202
190
-1
EOF
