NAME : sim501.218082.tour
COMMENT : Length = 218082
COMMENT : Found by LKH [Keld Helsgaun] Mon Sep 10 21:32:20 2018
TYPE : TOUR
DIMENSION : 501
TOUR_SECTION
1
43
58
429
264
255
127
113
312
231
40
256
38
228
405
430
391
216
65
484
424
448
69
227
96
376
7
73
133
268
359
423
366
276
2
246
420
33
120
240
219
155
388
212
457
321
233
284
353
4
343
123
151
107
332
209
439
306
392
337
220
341
124
44
61
440
161
441
9
148
467
238
37
318
362
470
260
117
160
480
403
66
411
136
15
296
435
46
82
111
313
287
112
203
224
16
277
42
382
174
373
183
444
414
188
383
384
431
489
8
307
239
132
314
436
79
453
363
122
292
131
349
496
11
167
365
77
308
493
109
110
469
395
460
399
114
192
12
485
248
198
336
347
144
471
397
94
450
333
139
194
195
351
27
355
289
360
447
476
241
297
85
199
182
406
67
398
251
410
164
17
125
387
477
74
322
279
158
26
57
99
304
394
147
205
68
487
84
257
190
141
146
93
60
293
458
143
466
412
54
249
361
152
176
266
445
350
280
10
14
222
478
32
242
75
189
294
237
418
400
428
105
310
119
324
498
402
319
326
129
243
215
187
49
163
184
463
35
315
171
30
78
380
115
208
181
200
19
213
374
298
90
62
211
121
281
145
179
273
442
285
81
492
98
443
165
422
290
106
389
53
421
71
275
367
432
162
369
140
254
175
232
288
272
262
72
449
408
118
320
475
154
396
452
462
413
214
286
295
207
45
86
41
474
217
465
34
201
488
263
371
59
301
13
446
416
348
479
83
419
223
91
24
269
235
153
372
417
265
338
356
495
354
327
36
25
101
317
138
357
20
278
283
142
130
166
206
225
95
261
331
170
267
316
344
425
483
39
427
50
497
459
415
340
149
5
89
177
309
3
377
80
370
191
108
197
259
482
352
409
47
282
48
302
305
150
274
63
486
375
291
230
490
172
116
236
252
364
134
247
100
329
103
168
303
404
196
407
157
244
135
253
499
386
455
28
56
325
245
186
468
180
226
193
128
18
437
270
330
494
334
221
234
342
438
434
76
379
202
173
126
433
92
6
472
29
456
178
390
31
169
368
55
271
88
451
464
501
299
51
210
323
345
137
64
185
250
328
218
204
87
339
229
454
346
21
258
23
22
500
491
335
393
426
473
102
381
311
97
156
70
159
104
358
378
300
385
52
481
461
401
-1
EOF
