NAME : sim321.175353.tour
COMMENT : Length = 175353
COMMENT : Found by LKH [Keld Helsgaun] Sun Sep 16 08:13:45 2018
TYPE : TOUR
DIMENSION : 321
TOUR_SECTION
1
82
74
141
95
60
285
10
267
183
42
38
171
23
159
80
35
89
177
64
52
6
319
202
200
265
261
219
170
142
72
284
250
241
157
293
301
34
198
44
282
76
203
204
218
100
220
244
240
83
92
288
133
260
271
317
144
230
84
302
66
15
128
314
276
147
320
237
105
53
224
150
101
263
223
9
184
39
156
294
249
58
227
206
152
13
175
71
61
36
205
194
245
117
252
191
207
33
75
172
110
176
96
126
321
239
307
123
56
140
139
212
180
304
32
210
185
258
5
309
213
116
242
65
48
125
45
118
77
99
164
166
225
161
231
257
108
269
124
131
138
254
189
129
120
137
234
251
93
221
122
295
296
55
318
233
20
12
287
3
115
112
279
217
43
30
114
306
28
299
281
148
315
94
229
86
255
87
134
165
236
127
19
63
286
201
90
135
151
109
119
186
182
73
111
143
179
264
26
278
291
106
40
107
51
67
173
46
158
216
167
256
69
188
289
195
7
8
280
199
47
243
266
41
283
121
228
311
273
168
275
211
310
238
37
153
178
22
78
132
274
97
162
17
29
181
292
297
300
136
197
308
303
215
102
222
268
91
4
50
146
305
232
104
113
316
149
272
262
79
2
248
27
57
160
174
16
155
163
193
214
81
31
85
187
253
209
49
192
54
130
24
226
196
208
68
25
59
21
154
14
145
313
11
70
88
298
62
270
290
190
18
312
259
98
103
169
277
246
235
247
-1
EOF
