NAME : sim501.214419.tour
COMMENT : Length = 214419
COMMENT : Found by LKH [Keld Helsgaun] Mon Sep 10 22:15:25 2018
TYPE : TOUR
DIMENSION : 501
TOUR_SECTION
1
46
227
36
287
3
435
152
167
9
103
349
387
248
418
307
267
426
121
175
464
186
336
461
108
414
369
484
223
68
303
114
58
453
148
230
165
23
238
401
348
428
183
96
243
284
169
285
477
34
98
421
20
25
195
91
106
342
419
262
460
166
388
379
375
481
145
44
293
213
468
131
472
67
499
405
203
39
117
489
185
172
409
501
302
220
272
268
288
61
200
27
306
473
21
139
153
196
265
476
83
436
445
179
448
442
485
318
24
201
392
206
256
105
296
431
299
123
40
358
495
430
338
391
222
112
292
176
475
273
181
329
245
367
443
43
316
205
75
217
417
150
190
57
281
356
120
352
390
447
233
119
141
136
322
214
327
6
252
50
425
399
279
41
368
224
309
111
124
149
324
76
412
488
241
325
63
146
239
467
253
118
337
278
360
301
345
462
79
221
110
49
207
155
94
81
135
242
228
466
496
283
161
344
226
371
37
264
101
482
92
319
282
159
370
246
415
157
177
38
151
440
339
192
334
19
438
377
424
244
465
380
328
134
289
130
263
346
184
77
8
189
218
116
147
500
64
247
490
393
497
208
11
128
85
35
160
104
193
197
354
154
330
454
411
444
229
178
187
12
386
215
315
271
210
300
162
433
446
219
89
376
168
109
80
479
260
378
434
340
314
452
492
487
240
427
137
313
198
45
259
95
47
211
113
274
129
191
312
364
410
204
343
494
323
254
231
310
429
400
407
374
451
60
266
294
333
335
402
29
65
408
2
202
88
188
432
413
140
4
439
56
78
474
84
48
127
171
373
7
357
74
31
305
126
362
97
275
142
100
441
366
144
394
5
174
480
257
93
277
389
52
237
295
270
463
269
398
406
331
326
55
261
384
404
458
86
291
459
13
163
255
133
361
194
182
280
51
290
33
199
355
450
16
363
347
26
236
341
332
382
383
234
70
359
493
437
69
107
420
10
66
15
498
416
138
276
385
212
59
483
317
28
156
311
18
209
353
132
455
164
471
478
321
73
457
225
449
173
14
308
395
102
258
54
122
470
216
286
251
298
42
491
17
87
249
422
250
423
82
143
235
486
22
232
30
125
351
396
158
469
170
71
62
297
456
53
381
397
180
372
350
320
304
365
403
90
99
32
115
72
-1
EOF
