NAME : sim501.219096.tour
COMMENT : Length = 219096
COMMENT : Found by LKH [Keld Helsgaun] Mon Sep 10 22:29:29 2018
TYPE : TOUR
DIMENSION : 501
TOUR_SECTION
1
199
194
83
398
171
217
162
442
475
78
202
330
416
245
466
230
450
105
389
501
231
382
176
97
480
42
316
146
251
393
120
312
487
233
90
77
336
345
390
127
190
116
289
148
348
313
309
269
352
282
179
108
370
496
472
235
377
156
436
256
474
464
371
264
87
38
497
104
56
213
423
338
467
80
332
67
476
137
325
285
456
143
228
412
79
293
170
407
223
485
460
96
121
470
33
26
160
486
386
229
107
48
275
401
6
331
197
294
177
410
203
249
351
142
484
62
5
219
134
244
151
150
311
493
495
68
57
157
40
169
346
25
17
448
61
8
189
123
341
36
373
266
200
114
225
100
276
210
404
147
81
250
461
224
173
196
430
20
226
268
259
425
246
458
239
149
359
208
159
343
163
130
322
367
383
94
124
402
314
174
252
419
273
263
178
115
7
340
397
446
424
89
41
30
168
28
209
303
31
172
381
69
366
333
274
204
53
491
473
64
201
434
236
185
119
22
14
161
324
92
112
155
152
344
205
353
283
218
60
242
106
394
238
350
63
427
403
428
462
125
45
182
12
184
166
91
111
270
29
262
347
465
237
413
88
216
70
449
222
301
360
248
287
136
302
372
220
46
65
232
435
3
234
298
364
180
126
385
66
18
368
327
247
103
82
319
272
326
257
221
23
420
305
451
254
479
154
310
214
13
432
260
281
73
145
400
492
55
24
85
186
128
76
11
32
307
354
86
490
193
411
164
109
118
477
212
454
478
284
447
438
453
444
84
158
304
379
463
181
52
441
71
468
355
392
280
421
297
211
240
132
384
175
59
241
417
135
58
328
455
255
279
329
498
131
39
54
188
482
418
167
471
469
141
378
306
315
27
489
296
19
358
431
144
365
300
261
387
318
265
299
334
99
291
72
153
243
98
133
440
113
183
395
271
308
267
320
405
21
429
139
37
165
4
192
95
433
422
483
51
207
349
198
452
415
443
357
356
323
102
375
93
101
361
406
191
339
47
288
195
459
445
75
35
488
15
380
376
481
362
138
414
44
258
399
110
16
391
290
342
215
206
9
396
295
439
292
187
457
500
49
363
253
494
129
34
374
321
74
277
437
50
278
337
43
227
317
10
369
335
2
388
426
122
408
409
140
117
286
499
-1
EOF
