NAME : sim141.118375.tour
COMMENT : Length = 118375
COMMENT : Found by LKH [Keld Helsgaun] Thu Sep 20 03:49:39 2018
TYPE : TOUR
DIMENSION : 141
TOUR_SECTION
1
9
31
87
66
132
61
117
111
26
109
115
126
102
67
18
108
8
69
40
113
123
138
29
25
39
116
89
62
3
42
130
128
112
43
84
19
38
59
60
81
140
16
48
50
97
122
57
78
64
118
46
44
129
137
49
14
71
83
30
73
86
106
45
47
119
7
68
51
93
96
63
124
75
88
6
4
72
22
27
105
107
37
52
5
141
12
90
127
139
100
70
114
13
82
99
134
21
135
131
56
136
94
65
101
79
85
103
91
53
80
92
74
33
120
34
23
32
35
17
55
104
54
20
28
133
58
15
36
11
24
121
77
110
95
76
10
98
41
2
125
-1
EOF
