NAME : sim1001.308637.tour
COMMENT : Length = 308637
COMMENT : Found by LKH [Keld Helsgaun] Tue Sep 11 09:22:04 2018
TYPE : TOUR
DIMENSION : 1001
TOUR_SECTION
1
532
247
207
937
848
203
587
980
350
893
876
358
261
858
359
555
134
301
934
369
726
186
633
453
86
19
155
348
215
713
961
293
80
4
582
894
923
885
958
626
414
795
343
195
640
777
867
864
693
664
637
139
597
12
583
170
922
386
886
978
250
20
10
928
570
687
716
578
677
940
884
784
182
501
933
749
951
997
851
32
408
849
269
635
104
467
757
516
790
327
48
262
720
522
619
663
446
484
724
242
875
714
324
783
840
949
701
769
451
970
982
575
731
682
909
887
410
177
622
171
201
641
478
430
669
955
256
874
56
910
74
305
734
84
954
591
861
105
136
237
480
270
160
479
695
323
475
624
944
133
560
216
76
456
167
536
915
644
610
656
266
711
389
173
188
810
44
271
428
383
302
648
820
821
138
435
366
991
596
993
740
942
202
38
589
374
119
780
543
621
419
625
462
703
971
169
349
801
402
356
460
510
487
152
809
339
9
394
698
715
130
278
904
939
69
496
572
251
35
347
464
598
730
792
728
562
15
2
638
191
794
221
712
989
290
41
178
554
511
499
564
569
581
37
448
988
187
745
257
208
440
503
512
700
54
617
481
528
856
551
328
180
107
755
502
776
442
222
113
390
342
495
804
694
219
665
209
445
474
218
1001
823
82
953
899
534
950
135
588
297
70
979
417
326
943
220
836
391
361
148
668
272
371
249
847
439
264
881
416
634
240
43
381
26
75
370
918
768
274
832
183
229
7
500
541
941
101
387
426
321
368
690
206
365
906
332
311
963
691
99
239
519
639
77
210
432
409
862
436
984
225
506
337
437
830
973
214
647
258
592
126
526
829
253
329
90
753
643
93
599
839
401
600
932
151
277
197
931
938
39
172
23
902
854
744
850
735
844
217
692
429
646
66
642
233
175
843
841
878
891
132
747
444
424
234
8
198
108
817
775
425
723
945
98
190
863
308
882
717
947
141
649
59
318
5
825
196
65
396
595
127
527
865
159
601
140
212
857
604
662
952
235
83
422
827
676
345
491
211
785
529
505
335
469
267
860
213
920
623
95
957
789
567
33
629
612
987
42
189
666
613
925
680
831
137
6
29
661
685
773
260
360
303
96
525
131
983
16
476
759
112
447
317
109
935
786
400
802
808
88
741
452
739
459
313
103
265
248
17
449
738
710
903
725
900
732
822
455
344
463
145
413
889
316
929
477
367
538
761
166
585
331
336
845
992
306
630
379
760
924
87
883
767
498
742
986
605
142
299
919
974
584
45
147
835
468
994
765
916
946
244
124
62
697
117
415
553
125
890
13
571
431
837
914
818
896
226
811
586
357
813
535
756
897
659
606
603
320
423
288
128
911
388
57
286
609
384
800
292
508
521
224
67
675
798
89
540
492
721
146
962
55
833
563
905
149
158
658
473
243
750
291
34
58
433
972
672
373
579
520
392
121
927
47
61
678
655
494
871
120
79
470
100
652
547
533
330
25
454
312
154
580
174
751
689
507
574
791
681
307
485
14
287
819
892
116
772
577
185
280
778
673
364
263
686
969
304
696
557
397
683
252
276
64
781
488
967
707
72
549
418
873
275
60
846
704
122
736
73
438
999
398
231
50
671
558
352
631
796
31
667
411
111
227
908
372
514
333
161
709
18
546
486
129
565
650
688
614
518
552
310
708
284
912
144
377
537
205
868
341
548
51
40
282
788
559
85
168
466
30
699
995
504
513
353
636
11
295
590
812
729
289
762
771
238
722
153
702
907
524
869
921
966
870
118
718
176
351
403
91
404
805
399
852
959
471
866
509
838
539
24
530
737
315
123
114
976
807
165
143
230
490
774
743
964
52
627
956
285
996
49
298
241
362
576
106
651
375
917
968
296
393
803
895
199
550
816
334
412
181
78
872
888
63
787
441
46
561
913
472
611
679
259
192
434
985
616
764
28
156
163
380
779
309
68
670
545
853
975
406
97
593
421
340
628
483
960
376
36
752
815
806
977
654
92
523
620
194
407
458
607
232
799
279
948
758
489
164
162
22
273
705
355
814
901
1000
223
283
657
719
936
236
281
879
748
465
115
319
354
544
930
517
184
766
102
150
255
797
618
294
378
859
926
746
322
246
770
245
110
420
653
179
828
706
385
615
898
450
427
200
834
990
602
382
228
842
94
193
204
21
405
568
157
346
824
300
515
793
727
443
325
566
268
782
71
493
338
880
254
877
981
482
998
733
645
754
660
27
826
461
632
3
81
497
763
556
855
573
965
542
395
457
363
594
684
531
314
53
674
608
-1
EOF
