NAME : sim701.253805.tour
COMMENT : Length = 253805
COMMENT : Found by LKH [Keld Helsgaun] Mon Sep 17 11:40:10 2018
TYPE : TOUR
DIMENSION : 701
TOUR_SECTION
1
597
179
120
318
623
96
366
5
650
672
170
243
684
155
292
84
100
33
513
465
560
497
117
40
203
621
201
148
73
299
515
256
108
430
402
144
382
582
122
295
314
231
504
26
177
349
270
99
27
287
485
224
694
80
577
355
56
617
615
410
116
644
104
488
631
542
387
365
563
70
24
475
259
255
325
683
360
364
267
436
691
173
471
646
570
245
420
652
7
306
595
548
441
395
246
125
101
313
274
20
369
271
558
374
114
57
113
232
527
700
370
662
640
175
553
379
17
660
60
464
309
445
35
2
218
64
276
30
63
555
119
381
547
434
524
534
566
217
404
654
285
214
275
112
394
229
6
47
440
236
573
583
152
145
347
338
403
90
249
189
444
507
132
351
692
176
126
607
411
503
462
664
550
637
470
418
426
103
376
602
334
353
106
32
632
341
559
587
98
388
552
311
448
586
284
479
514
372
626
494
207
649
95
208
674
69
532
643
390
687
77
429
579
304
312
168
476
272
449
121
541
344
135
331
316
22
46
596
484
671
15
561
233
14
361
612
665
291
335
431
221
81
574
375
591
557
592
158
417
230
193
569
576
308
337
603
216
450
392
609
87
397
535
283
451
187
146
412
544
327
661
222
220
469
66
350
58
339
604
289
10
317
419
474
205
213
298
653
608
468
624
639
458
9
645
8
192
198
525
268
194
409
439
641
161
235
124
25
459
678
257
307
130
659
487
408
407
261
421
472
500
244
102
237
389
456
443
493
286
669
178
290
139
422
675
82
134
697
74
492
635
67
655
44
185
52
686
188
406
512
634
677
223
398
266
460
483
263
482
127
614
54
171
136
682
589
618
296
384
543
657
51
164
590
616
197
180
210
65
580
393
34
435
413
118
695
160
310
502
50
368
528
396
391
481
565
279
593
562
510
322
258
477
28
446
320
354
610
78
234
638
248
508
516
219
133
329
16
85
367
526
345
636
277
260
38
428
666
622
362
663
605
466
405
174
511
437
400
227
97
150
241
556
154
209
225
109
37
357
424
496
520
551
162
371
348
169
647
529
452
499
696
340
202
129
165
167
61
549
606
21
658
352
147
359
250
651
41
264
19
680
568
540
110
670
530
300
195
297
13
498
242
380
92
698
140
59
181
11
442
601
668
149
489
377
323
519
538
415
656
463
628
89
251
600
676
183
356
281
425
342
62
681
321
545
414
280
238
186
385
39
533
3
324
128
278
49
157
115
326
480
461
200
625
151
247
302
546
196
123
294
447
690
454
564
642
91
363
240
153
215
536
455
141
399
386
620
182
693
253
581
31
438
588
486
166
68
254
572
72
457
48
373
336
29
228
184
88
265
315
629
23
630
509
94
378
699
673
293
599
303
252
689
156
423
611
521
262
627
211
131
478
111
43
79
333
401
53
505
517
648
301
55
571
288
701
432
305
490
613
137
36
685
575
383
433
585
226
594
501
679
143
45
76
491
328
453
86
467
518
75
199
473
142
4
319
83
358
172
42
190
159
343
204
584
239
346
273
107
332
330
688
71
554
427
522
523
282
506
269
191
598
212
567
531
667
495
416
105
537
93
633
163
578
12
138
206
18
539
619
-1
EOF
