NAME : sim501.218338.tour
COMMENT : Length = 218338
COMMENT : Found by LKH [Keld Helsgaun] Mon Sep 10 21:47:42 2018
TYPE : TOUR
DIMENSION : 501
TOUR_SECTION
1
5
476
242
108
437
469
194
159
137
147
103
9
25
190
107
430
292
144
438
106
310
50
481
435
118
444
138
4
359
396
76
154
343
269
125
218
31
89
348
384
392
226
195
465
178
163
45
482
458
228
66
303
238
124
472
26
7
10
379
305
341
342
390
34
111
44
455
129
489
398
16
47
498
161
162
399
84
236
367
339
301
497
456
87
123
251
170
423
487
248
58
432
404
188
77
127
365
136
250
231
73
362
207
233
91
410
347
397
475
327
105
429
193
187
152
196
192
285
139
296
223
463
492
183
391
473
501
331
459
409
293
334
247
143
241
230
413
156
363
258
249
304
284
134
149
216
41
165
279
71
12
378
496
68
324
427
267
325
464
295
245
35
104
259
203
128
477
407
212
405
460
117
48
369
101
80
22
358
8
297
53
64
11
448
443
349
176
57
468
486
357
333
155
120
282
350
368
112
240
113
361
160
364
19
265
416
181
470
256
351
67
15
81
273
311
205
20
461
499
157
59
323
146
319
168
115
491
446
271
208
243
281
164
337
480
172
96
356
6
253
493
372
382
153
220
317
312
445
266
316
72
132
315
179
287
42
340
246
214
302
24
119
217
313
43
175
74
264
462
321
27
421
17
150
434
262
122
288
200
387
219
425
422
33
166
299
371
346
451
289
63
213
386
484
131
270
355
308
400
263
234
133
377
46
135
197
338
414
184
309
261
449
52
85
366
141
483
95
148
185
471
210
94
116
235
14
61
294
130
344
114
328
417
380
393
274
314
418
206
109
360
389
224
121
329
211
490
406
272
420
385
49
36
428
215
79
300
441
436
353
415
330
180
18
199
254
447
97
318
424
500
65
320
60
83
28
401
167
307
191
268
99
82
70
370
374
431
291
40
260
3
433
171
38
376
51
252
375
439
290
395
169
151
276
21
345
227
145
86
221
278
37
419
478
394
286
201
98
222
412
186
102
452
479
69
485
237
202
244
403
275
383
239
326
158
56
189
90
277
232
229
32
373
440
62
494
388
142
354
92
453
466
23
488
88
100
177
306
209
182
29
75
280
126
255
298
225
55
457
335
39
2
110
495
381
174
426
93
257
411
474
322
332
467
173
352
450
454
54
408
204
140
336
402
442
283
78
13
198
30
-1
EOF
