NAME : sim701.254538.tour
COMMENT : Length = 254538
COMMENT : Found by LKH [Keld Helsgaun] Tue Sep 18 01:46:23 2018
TYPE : TOUR
DIMENSION : 701
TOUR_SECTION
1
32
234
169
615
584
583
202
312
522
606
22
155
124
113
418
674
330
346
339
175
451
464
371
420
84
281
542
135
511
545
16
479
387
112
432
196
200
575
249
318
531
161
408
395
509
602
366
590
143
334
401
488
591
127
576
528
468
605
277
53
491
153
164
352
280
91
233
267
571
323
693
660
76
99
81
434
13
263
178
90
515
558
489
599
152
378
218
165
40
673
376
449
248
481
363
70
186
111
251
629
457
252
237
327
410
659
633
567
643
250
96
340
261
38
77
668
106
50
140
460
149
168
335
120
206
447
87
467
547
66
293
678
311
321
685
505
128
126
39
683
299
130
28
695
355
680
246
553
692
142
561
536
276
526
104
156
476
117
422
600
34
268
549
444
144
45
656
442
27
399
548
358
14
437
586
657
475
533
431
407
628
650
190
278
518
623
654
577
645
471
361
315
566
209
177
385
275
690
423
301
146
546
31
260
681
4
397
297
469
482
74
119
373
325
326
238
538
166
492
180
541
194
167
266
230
47
63
80
564
370
213
669
448
390
513
222
116
517
532
621
578
216
686
154
122
279
344
382
235
132
455
73
67
357
367
440
694
9
644
647
496
427
364
283
225
170
651
555
580
201
269
635
519
419
700
133
670
23
78
8
655
477
374
240
429
462
417
37
46
343
110
446
495
308
353
181
508
151
618
274
317
342
192
86
242
563
661
682
667
398
162
620
497
604
625
174
61
42
356
71
393
59
609
630
125
570
527
430
554
271
95
616
368
406
510
691
589
228
94
646
459
637
458
701
272
35
632
254
587
41
79
36
426
150
365
51
525
148
453
404
198
653
18
351
405
26
568
416
665
338
562
634
396
58
257
480
184
30
291
441
594
56
619
147
207
595
320
290
29
264
2
676
121
377
217
472
21
697
172
48
33
288
157
425
258
560
285
535
640
699
461
307
88
337
391
43
641
93
82
245
243
438
191
229
392
383
679
388
524
503
265
550
72
512
98
450
212
105
203
523
611
666
597
540
652
306
193
663
466
160
44
456
241
544
256
607
187
360
483
598
220
648
349
7
65
574
465
273
579
284
436
608
494
199
182
411
101
348
57
176
414
294
15
215
565
514
470
537
286
231
581
386
25
689
627
638
486
314
552
658
424
219
328
253
400
588
372
445
17
359
484
68
493
569
636
539
350
259
582
303
498
403
85
270
452
211
226
55
195
158
329
487
559
316
433
642
83
244
354
572
592
20
610
205
12
622
114
362
92
138
136
255
287
282
141
292
381
677
319
614
688
24
224
389
60
107
502
626
109
19
593
631
439
159
521
490
223
333
221
331
322
384
3
530
210
188
613
247
687
54
696
313
52
534
500
463
473
305
379
394
504
298
100
478
671
262
134
698
409
123
239
131
145
49
5
507
639
6
227
304
556
369
664
336
208
557
474
375
62
115
189
232
341
310
296
596
11
662
617
173
137
573
415
309
516
672
675
501
485
139
684
347
214
529
300
185
413
345
289
543
520
129
108
603
428
163
551
421
10
435
179
612
64
197
443
204
412
183
649
97
103
585
624
75
236
332
402
454
295
499
302
89
380
324
69
102
118
171
506
601
-1
EOF
