NAME : sim251.158933.tour
COMMENT : Length = 158933
COMMENT : Found by LKH [Keld Helsgaun] Tue Sep 11 17:24:53 2018
TYPE : TOUR
DIMENSION : 251
TOUR_SECTION
1
53
242
59
88
111
167
75
200
56
122
191
222
29
94
35
50
160
139
221
232
57
87
157
136
203
112
38
154
14
226
101
99
177
238
95
148
189
55
34
224
117
91
199
92
155
119
161
218
52
176
247
251
49
196
144
121
156
80
28
142
125
231
108
74
223
22
23
116
78
164
96
234
206
215
210
18
193
115
37
41
90
173
73
146
47
171
207
250
110
82
124
114
143
39
105
240
227
233
9
245
19
182
21
225
217
123
169
168
64
180
239
135
32
145
33
66
84
134
127
30
120
76
62
16
246
216
12
2
15
249
211
10
65
109
36
83
219
3
201
229
174
214
51
7
81
151
17
149
208
46
42
184
192
186
89
27
163
43
137
44
63
4
170
130
181
197
45
194
5
202
102
48
69
244
198
235
147
98
104
230
150
129
58
204
67
172
152
26
158
60
61
77
162
25
228
185
236
20
209
128
107
188
165
54
8
85
140
79
141
71
179
166
220
113
187
6
248
118
183
31
24
213
243
11
100
131
237
178
190
70
86
106
126
93
68
212
103
132
97
13
159
138
40
153
133
175
205
72
241
195
-1
EOF
