NAME : sim1001.310936.tour
COMMENT : Length = 310936
COMMENT : Found by LKH [Keld Helsgaun] Tue Sep 11 14:35:32 2018
TYPE : TOUR
DIMENSION : 1001
TOUR_SECTION
1
689
13
355
155
702
900
101
236
983
384
745
488
218
371
119
343
425
357
283
797
83
552
23
757
567
148
873
519
270
866
808
158
420
475
730
973
58
739
996
559
770
220
52
370
115
187
173
261
168
280
582
642
82
416
936
422
779
216
157
710
653
520
677
826
785
527
795
932
543
590
225
404
916
948
460
985
77
864
560
860
43
678
457
124
141
823
991
610
818
103
680
256
27
922
655
182
117
682
356
137
734
540
954
870
830
892
328
661
882
789
342
705
296
247
504
464
894
180
378
649
832
368
441
949
421
405
824
768
480
618
6
332
233
942
85
333
20
138
963
232
142
452
586
526
530
865
919
841
118
211
392
96
878
920
637
755
609
533
945
146
29
984
912
191
69
787
975
502
754
447
750
596
287
174
446
766
708
34
762
418
966
827
459
521
929
367
630
70
145
486
492
127
5
67
219
867
908
800
738
473
937
105
192
869
400
194
315
918
821
654
542
59
478
982
51
646
903
581
719
782
898
848
179
509
662
14
66
858
546
896
108
12
817
306
266
224
620
828
238
993
579
819
329
605
327
135
203
1000
262
439
941
235
835
21
207
102
562
587
318
600
250
632
831
198
643
48
402
917
169
303
752
150
200
481
308
87
154
724
131
515
313
511
765
373
875
165
657
423
293
597
89
703
56
162
815
456
537
354
166
239
311
483
545
476
16
576
888
484
733
712
886
410
532
791
554
338
758
319
17
339
214
281
989
28
879
967
176
213
310
986
774
440
433
602
604
799
273
81
461
390
501
510
424
397
563
196
911
228
740
314
386
474
406
778
784
377
690
607
258
535
78
337
136
742
695
688
541
507
71
229
970
593
175
751
728
925
205
906
958
2
110
868
987
91
336
572
178
151
716
718
442
68
756
998
855
557
358
580
275
594
732
706
979
901
806
525
107
39
263
181
359
956
959
393
947
487
374
773
304
921
65
463
321
144
7
810
933
722
84
968
812
939
935
409
189
955
534
323
611
54
837
809
914
290
549
221
217
904
74
335
672
133
380
33
568
50
628
294
990
25
692
729
577
981
454
893
257
241
626
360
857
861
79
847
652
566
412
479
267
411
383
524
282
634
816
500
36
913
513
244
274
564
35
227
651
633
160
951
645
859
814
455
997
190
272
199
889
694
279
88
289
796
398
49
862
548
351
210
379
737
684
42
120
183
62
417
496
94
369
490
19
297
629
249
717
197
230
288
3
976
248
152
467
75
927
128
709
764
508
255
499
184
265
522
259
834
331
771
140
22
715
222
701
345
114
741
387
781
569
965
350
665
731
493
517
164
125
885
700
226
928
760
648
503
123
842
624
285
964
853
206
38
589
627
126
780
553
638
365
679
340
134
104
924
960
193
353
934
106
472
130
147
691
883
988
899
45
641
625
555
978
47
606
777
656
90
112
943
962
905
923
895
116
992
76
63
348
177
143
295
518
430
284
73
170
720
95
72
372
531
167
721
658
772
498
234
388
209
711
595
635
243
322
31
584
382
636
601
840
843
591
188
890
347
727
10
891
482
615
902
907
698
427
414
714
775
767
489
242
669
871
495
435
838
736
666
254
798
251
86
683
599
697
575
811
408
786
453
685
113
617
240
833
391
647
245
407
305
909
361
749
506
514
938
344
668
877
428
60
401
977
852
149
46
505
675
26
468
346
316
268
41
699
551
788
471
366
623
325
307
644
466
431
352
673
952
8
820
616
953
592
92
477
696
807
37
291
53
849
631
747
403
93
277
438
650
132
793
931
309
208
98
434
57
805
994
735
376
30
271
681
231
856
829
301
944
585
881
836
961
614
558
980
426
292
713
185
621
671
761
915
704
723
163
940
783
538
445
660
437
686
429
897
529
364
201
946
664
470
139
839
544
926
64
802
550
171
759
436
111
930
556
172
880
971
539
450
570
458
385
578
4
11
876
619
854
887
317
574
121
746
395
790
803
99
999
608
269
753
744
844
389
846
726
302
399
659
253
995
443
109
612
237
449
1001
743
528
32
845
326
792
565
957
674
55
161
278
707
122
622
362
794
693
850
18
801
212
300
687
286
375
725
61
512
153
24
663
129
676
613
363
776
159
320
448
763
822
884
598
299
516
851
670
813
491
202
215
536
15
312
639
260
246
603
561
419
432
825
156
264
334
413
667
571
950
494
874
204
80
497
485
394
444
195
324
40
44
640
186
872
588
583
298
972
465
415
769
462
863
9
330
252
748
223
396
523
547
341
100
451
469
974
349
804
276
573
969
97
381
910
-1
EOF
