NAME : sim1001.305672.tour
COMMENT : Length = 305672
COMMENT : Found by LKH [Keld Helsgaun] Tue Sep 11 10:49:40 2018
TYPE : TOUR
DIMENSION : 1001
TOUR_SECTION
1
239
511
308
864
233
378
742
342
417
464
356
61
919
848
216
668
646
447
887
396
587
846
139
878
377
119
454
231
746
359
302
581
728
371
492
839
62
323
615
758
705
476
455
2
3
613
529
321
351
432
23
64
745
463
117
546
30
974
354
162
235
532
778
958
40
526
486
825
831
908
586
325
341
660
972
989
183
132
407
225
955
226
510
36
269
783
143
932
897
678
177
170
93
761
80
445
689
70
196
715
898
375
812
192
973
391
849
625
68
837
880
519
504
791
699
277
818
883
49
328
892
173
966
186
161
692
725
425
896
903
922
619
757
130
489
702
759
721
361
257
863
158
871
929
360
522
204
78
151
710
790
1000
719
885
809
253
35
580
220
259
711
842
279
13
307
551
641
227
126
502
545
501
534
223
389
336
280
792
169
214
804
115
599
19
446
993
886
616
667
983
768
991
311
821
514
508
627
598
34
521
31
402
92
392
569
164
485
449
954
868
353
210
319
673
894
373
364
493
952
234
612
350
244
284
525
5
528
274
650
166
236
408
734
618
802
713
928
329
134
494
775
682
129
730
782
278
862
997
697
850
905
332
938
6
374
866
621
727
289
120
427
575
209
506
904
633
184
591
882
665
347
324
333
101
362
480
72
15
428
448
385
495
109
313
474
282
424
178
767
987
85
784
285
914
122
157
318
644
639
287
924
77
943
986
250
688
867
17
306
852
628
536
959
517
264
123
211
945
202
921
124
923
717
601
255
749
106
556
542
671
900
964
690
902
243
651
310
512
663
133
104
467
488
888
933
610
79
605
252
771
707
957
8
426
37
658
372
433
254
419
841
212
946
557
733
355
642
592
553
910
700
468
245
140
137
413
180
833
877
472
338
763
475
28
484
11
99
750
815
222
679
772
423
9
18
982
696
74
820
595
860
819
56
560
631
956
535
154
268
91
201
309
411
114
729
947
676
58
858
152
69
471
834
854
388
927
571
141
500
266
144
441
967
415
589
807
652
620
554
564
859
797
865
891
422
520
823
635
265
869
181
322
701
872
303
788
400
394
296
437
286
811
718
442
653
256
906
383
950
327
686
505
762
709
459
847
462
39
583
961
698
822
951
516
168
539
979
523
732
498
826
978
937
272
893
666
483
261
335
490
985
26
824
925
112
694
395
153
416
291
632
25
247
420
248
237
550
90
208
916
737
55
65
461
681
970
760
540
800
835
176
645
856
600
977
314
751
776
63
565
381
12
339
608
965
496
604
271
418
435
487
60
808
150
42
881
626
262
497
617
743
295
52
934
912
366
50
722
352
466
315
963
901
664
175
397
643
655
382
67
949
275
622
672
752
648
414
128
913
438
53
781
548
228
995
281
320
290
393
764
828
88
292
330
787
89
588
276
299
607
409
573
95
527
503
538
836
160
669
654
754
51
603
22
473
297
544
614
624
348
909
263
845
926
939
337
777
481
578
567
405
714
199
98
190
968
246
135
543
401
215
953
765
857
638
568
636
219
930
301
398
805
182
755
675
623
54
611
785
915
218
649
585
412
832
171
197
602
305
241
870
918
996
258
81
136
726
187
547
988
149
720
94
107
558
584
948
570
687
249
439
830
105
482
984
803
944
97
344
340
990
747
100
477
706
907
138
452
813
647
879
1001
962
121
509
769
300
111
456
179
232
469
766
629
125
293
935
566
174
399
875
230
145
41
118
45
874
316
380
165
465
541
716
87
637
674
596
188
555
27
240
146
379
221
194
326
793
561
451
376
73
349
773
238
774
57
731
113
283
76
740
606
84
630
704
368
515
365
83
794
198
703
981
816
116
206
71
14
999
163
796
576
960
108
453
659
217
369
47
48
524
559
251
450
744
998
193
294
810
533
609
579
430
127
582
695
404
873
421
838
38
723
890
724
789
7
410
656
738
21
736
677
110
693
634
853
795
992
661
814
273
156
403
470
82
10
358
531
142
200
917
390
786
4
44
86
499
507
334
458
491
434
102
431
513
899
457
346
657
911
207
770
780
267
549
640
363
406
260
920
670
931
229
191
32
840
189
735
941
884
155
440
312
195
940
980
572
24
159
889
304
75
33
562
384
975
479
801
855
224
518
16
741
843
436
876
851
683
46
590
203
172
242
270
537
829
331
597
131
594
370
530
971
662
460
739
798
806
817
317
478
680
748
443
20
343
756
387
779
708
43
753
799
563
684
429
96
357
969
66
213
345
685
577
148
59
29
994
942
205
288
552
844
861
936
147
298
895
103
185
386
574
167
593
444
712
827
691
367
976
-1
EOF
