NAME : sim141.119990.tour
COMMENT : Length = 119990
COMMENT : Found by LKH [Keld Helsgaun] Sun Sep 16 09:33:27 2018
TYPE : TOUR
DIMENSION : 141
TOUR_SECTION
1
4
85
116
5
99
93
92
94
105
70
21
57
131
30
58
73
36
39
129
106
47
138
33
104
113
13
7
71
123
50
137
61
3
141
103
42
28
35
75
11
55
133
98
63
95
48
139
96
32
49
134
51
87
9
111
60
122
17
45
115
10
44
38
97
132
52
65
79
15
64
27
68
108
40
12
2
89
121
8
6
136
80
101
127
29
53
20
84
86
18
26
91
34
43
41
67
140
22
78
120
135
37
119
114
59
25
107
130
62
54
126
56
128
124
19
46
117
31
102
16
69
77
66
90
83
110
24
23
88
112
82
14
125
72
100
76
109
118
81
74
-1
EOF
