NAME : sim701.257425.tour
COMMENT : Length = 257425
COMMENT : Found by LKH [Keld Helsgaun] Mon Sep 17 22:37:48 2018
TYPE : TOUR
DIMENSION : 701
TOUR_SECTION
1
272
503
573
469
227
561
133
194
616
148
18
631
365
647
104
106
254
205
532
522
58
682
519
360
520
656
663
299
246
468
685
132
391
476
617
192
627
129
180
84
453
330
525
152
38
614
94
245
597
438
266
591
13
22
51
77
255
154
259
210
145
389
351
578
434
109
696
111
138
676
332
213
10
512
79
448
164
302
429
318
361
424
377
23
169
6
697
498
171
626
203
292
333
491
659
613
608
650
45
220
127
384
589
488
122
90
336
640
527
366
681
55
450
225
506
40
196
229
486
60
216
417
446
674
170
487
584
340
258
482
328
511
462
484
72
235
466
67
382
538
559
102
179
248
433
267
288
166
700
481
585
123
185
463
173
191
397
568
436
620
524
531
419
262
39
637
118
218
374
16
593
477
670
691
655
623
65
550
34
69
533
465
278
53
186
298
660
232
8
580
454
316
651
639
507
693
357
393
141
113
121
612
74
672
25
557
28
516
99
339
413
147
669
159
588
603
11
59
683
427
690
92
638
198
500
208
193
116
572
95
517
222
610
49
396
422
249
441
661
301
15
101
250
223
490
649
530
406
587
276
675
439
379
437
239
238
107
602
135
62
285
172
699
574
679
582
548
217
82
552
408
564
31
345
543
542
139
352
590
296
657
430
501
237
287
43
701
294
311
461
93
452
394
153
315
547
9
230
320
678
125
499
388
395
442
358
120
662
184
177
233
149
563
97
251
260
458
188
283
370
206
144
337
215
381
609
492
666
71
110
163
635
546
404
201
140
432
24
372
290
579
128
75
368
375
70
376
324
583
523
478
221
321
291
35
114
150
369
247
325
263
359
409
158
399
658
131
688
21
342
348
665
66
143
88
242
103
411
598
44
151
30
165
622
553
156
534
182
42
26
319
431
199
629
654
607
449
479
331
117
386
575
240
555
444
279
344
545
445
695
392
594
86
686
537
87
228
46
502
677
48
576
443
264
566
373
459
513
687
355
456
57
273
440
570
105
327
541
307
581
592
181
601
421
349
425
19
174
505
535
508
12
284
457
277
565
119
567
160
451
414
126
341
621
224
137
435
162
611
625
509
569
600
338
633
493
356
47
420
347
32
514
554
528
474
85
504
684
167
197
271
664
231
124
371
473
606
343
2
653
560
385
630
190
475
257
241
304
694
207
605
418
282
641
189
521
202
447
380
329
274
335
212
540
539
115
76
526
632
515
314
646
363
36
313
353
310
63
261
428
472
367
265
244
595
619
29
618
89
416
496
14
306
112
5
234
322
303
467
252
334
100
253
645
27
4
305
483
142
226
268
680
636
157
403
175
176
401
56
155
195
33
50
544
7
423
64
362
275
136
281
317
309
37
471
628
80
596
398
402
256
350
470
146
464
289
673
549
485
494
689
495
270
586
297
405
286
96
68
17
529
558
644
577
308
692
312
61
346
455
668
41
412
269
497
236
648
378
489
130
20
400
480
652
168
390
671
387
243
642
698
643
624
219
134
562
615
81
108
634
78
183
52
599
214
83
73
410
571
161
354
187
407
54
98
460
300
551
364
91
293
667
280
3
536
178
204
323
518
295
604
510
383
211
200
415
326
556
209
426
-1
EOF
