NAME : sim1001.308139.tour
COMMENT : Length = 308139
COMMENT : Found by LKH [Keld Helsgaun] Tue Sep 11 15:13:30 2018
TYPE : TOUR
DIMENSION : 1001
TOUR_SECTION
1
216
190
549
650
54
433
580
209
830
539
587
726
228
155
687
693
402
947
916
141
948
593
570
506
843
17
215
327
945
651
185
231
666
297
901
125
735
251
220
950
108
679
724
455
676
447
361
808
156
960
71
316
461
510
583
646
513
315
484
512
83
437
856
340
309
460
604
307
53
922
896
532
126
470
854
438
784
367
301
393
432
396
531
716
781
975
825
81
44
869
395
560
258
356
954
391
530
787
43
576
142
398
951
889
966
318
63
972
143
450
941
244
29
39
159
904
771
519
320
358
608
312
162
499
70
712
154
195
69
348
170
76
102
816
537
473
311
909
206
49
289
366
765
659
795
967
245
480
47
851
749
160
339
994
794
249
89
581
330
877
683
616
20
139
326
602
442
152
732
230
174
783
115
746
936
495
247
684
299
582
459
814
717
832
172
579
337
533
900
974
859
961
423
427
908
841
58
62
106
325
998
844
677
820
618
601
323
802
748
625
982
482
90
927
750
688
710
728
987
812
619
370
347
722
14
419
791
622
857
119
334
51
148
290
541
336
819
815
561
464
885
261
130
689
917
50
938
925
440
617
354
424
494
644
634
308
828
883
350
827
956
411
166
111
879
752
573
375
86
360
388
800
267
620
875
686
868
991
850
9
690
349
813
711
887
535
797
204
13
798
105
458
487
104
208
594
776
93
236
382
640
268
153
865
723
894
303
962
670
566
137
804
380
516
452
1000
807
57
538
265
534
652
731
862
254
626
23
233
788
463
949
501
736
426
140
845
384
56
758
793
703
229
292
8
400
415
959
660
913
121
680
522
546
858
454
754
19
16
239
441
981
24
607
822
759
263
700
980
77
598
271
903
699
969
555
545
496
575
435
128
637
891
520
145
88
507
995
333
335
760
476
708
847
198
328
456
855
971
694
536
4
803
246
565
952
542
665
725
79
653
893
485
942
117
288
774
6
870
191
623
199
550
999
503
298
35
378
674
551
866
416
222
187
502
332
92
196
234
574
103
451
740
871
177
2
527
559
627
639
928
341
410
469
178
42
48
785
645
673
571
41
11
277
934
979
404
193
898
467
578
15
528
524
30
446
405
840
272
342
860
638
431
21
214
741
390
986
1001
293
171
965
873
826
810
612
766
500
973
930
300
359
173
764
80
912
600
641
786
264
691
853
227
615
568
55
355
84
253
224
923
863
161
479
232
255
586
210
200
768
409
99
434
809
87
554
72
381
526
276
599
202
197
61
806
281
27
678
364
46
884
344
929
338
486
133
829
984
953
343
631
958
158
34
131
926
124
10
654
782
150
399
606
241
444
544
596
767
274
345
118
379
658
491
946
937
213
252
761
324
681
647
523
219
557
663
368
201
129
801
796
762
649
273
672
94
319
547
113
955
590
632
221
940
515
914
738
562
881
701
175
592
867
376
543
37
628
443
790
428
445
769
514
436
422
943
734
589
977
823
169
218
226
897
935
648
707
613
295
497
838
157
478
848
429
68
799
331
713
205
558
242
932
842
282
59
772
624
394
745
756
529
656
475
983
346
278
911
38
876
248
989
179
737
988
890
32
905
74
483
403
60
518
421
414
755
313
135
567
633
907
892
705
964
144
112
45
910
805
401
709
392
770
372
556
668
357
878
223
630
67
97
351
836
811
65
192
418
662
667
305
992
22
425
408
439
73
743
212
186
603
477
188
818
284
237
465
287
449
508
655
36
976
96
18
420
521
834
256
317
412
588
101
657
147
563
189
26
362
270
696
75
902
729
31
296
569
861
490
895
98
7
138
100
321
114
584
25
306
993
915
397
353
733
85
377
874
33
839
837
310
12
387
824
595
165
304
919
540
924
835
257
374
238
564
605
294
918
91
5
611
621
939
262
386
314
669
864
352
906
240
517
968
985
498
28
385
553
369
872
457
504
182
489
846
899
698
886
610
95
203
283
207
692
481
591
122
134
642
448
747
269
66
164
957
931
585
643
468
417
727
763
744
363
661
720
505
635
697
695
365
389
920
413
921
260
78
751
572
291
151
250
852
880
597
127
944
167
383
675
833
466
775
780
753
719
525
704
136
509
107
779
163
970
671
109
990
792
225
996
235
721
474
266
168
778
488
472
285
82
430
817
730
609
888
471
40
978
777
715
302
882
211
552
279
181
773
110
194
275
453
492
511
685
149
997
493
636
849
52
120
682
406
963
789
176
714
217
629
64
614
322
407
180
329
373
243
280
116
739
371
259
146
821
184
718
183
3
548
742
933
706
702
132
664
286
462
123
831
757
577
-1
EOF
