NAME : sim501.219629.tour
COMMENT : Length = 219629
COMMENT : Found by LKH [Keld Helsgaun] Mon Sep 10 21:10:57 2018
TYPE : TOUR
DIMENSION : 501
TOUR_SECTION
1
59
230
278
346
365
441
38
137
6
340
435
382
26
487
93
458
225
18
114
43
493
333
105
291
368
413
357
237
283
61
351
76
79
175
270
243
314
119
288
418
177
448
77
483
117
394
298
265
111
238
209
405
319
29
492
447
53
267
101
215
253
188
292
97
192
142
407
153
224
329
372
51
328
277
223
389
422
263
450
159
55
236
264
497
15
411
371
244
95
410
102
356
57
442
30
228
44
388
459
282
85
34
280
374
107
325
397
299
92
344
91
81
251
335
381
387
16
342
240
396
354
376
496
363
293
424
47
207
438
229
445
182
20
457
123
198
216
3
178
254
129
214
250
233
480
361
108
476
322
462
426
323
300
124
377
276
133
334
297
474
70
189
427
213
446
317
135
88
495
155
461
40
205
469
13
239
12
185
96
284
501
168
364
324
349
211
8
260
179
336
305
399
52
158
36
241
308
452
122
64
23
180
33
330
248
163
490
42
82
362
318
110
285
187
24
393
48
439
478
39
69
455
176
257
312
50
173
242
218
75
259
84
486
491
201
94
245
217
2
31
432
403
196
385
360
118
395
352
145
373
467
420
485
369
321
481
227
290
246
113
103
128
332
143
296
479
49
199
262
54
370
106
337
56
488
9
184
161
208
65
453
87
234
347
204
83
130
112
311
327
80
150
444
498
89
343
475
391
460
116
359
73
121
309
294
99
482
350
451
66
10
383
37
417
210
345
473
428
398
456
419
269
348
109
221
301
68
90
72
183
449
140
190
58
86
423
152
425
104
484
266
172
14
138
255
341
4
132
144
126
32
331
219
310
286
268
202
28
401
148
235
157
416
186
353
197
5
147
366
169
355
379
433
315
45
414
440
494
287
194
131
193
74
378
320
430
134
167
100
477
125
302
279
429
232
273
271
136
408
146
384
489
98
127
35
120
434
21
415
471
421
465
338
154
174
261
171
249
400
326
67
203
19
164
281
274
307
160
247
60
406
256
390
220
7
11
404
151
436
358
149
252
375
22
464
181
472
339
409
303
437
392
454
27
258
170
380
222
25
231
367
195
412
71
500
402
466
78
463
499
443
295
139
431
468
46
17
115
272
41
166
226
289
316
63
313
304
306
386
470
165
212
162
275
141
156
200
206
62
191
-1
EOF
