NAME : sim501.219457.tour
COMMENT : Length = 219457
COMMENT : Found by LKH [Keld Helsgaun] Mon Sep 10 23:10:54 2018
TYPE : TOUR
DIMENSION : 501
TOUR_SECTION
1
238
67
107
53
379
415
258
168
98
110
349
194
4
386
269
220
414
31
182
77
350
411
451
377
191
264
479
366
215
485
394
95
93
464
171
320
48
273
257
211
148
399
205
71
164
272
208
473
138
279
181
460
120
163
444
25
135
293
430
346
179
335
169
94
30
188
218
476
432
294
450
103
16
305
250
233
242
185
51
58
193
271
389
470
153
436
46
237
424
396
6
112
457
459
57
370
480
482
352
111
201
78
427
445
302
435
484
391
292
230
80
369
100
226
132
105
493
64
166
469
183
35
354
501
384
382
267
341
22
147
113
462
447
373
277
496
244
439
338
89
260
127
420
364
52
319
128
275
333
278
88
367
356
55
239
309
500
375
8
452
304
160
44
123
363
149
59
499
45
27
228
262
60
170
24
348
177
247
63
316
173
85
404
478
453
274
358
116
419
122
298
136
392
418
212
324
283
240
223
405
463
310
62
121
75
284
87
441
291
406
489
288
192
84
347
61
410
90
416
466
334
197
261
161
253
395
312
172
280
137
256
142
12
434
152
318
143
376
18
252
342
217
7
145
467
70
290
315
329
106
108
209
34
231
287
195
385
295
40
340
381
387
311
448
81
426
314
281
353
412
408
454
176
19
365
413
56
73
327
255
32
472
140
488
175
461
428
286
299
328
219
180
351
158
303
471
117
393
289
114
203
400
187
368
210
437
425
360
21
282
29
307
225
336
390
344
214
118
325
468
15
361
68
2
200
455
243
204
401
184
133
42
43
241
492
167
189
165
227
475
245
443
83
3
433
126
96
306
403
313
11
251
102
268
355
429
308
421
259
156
69
297
91
423
26
371
465
301
263
440
157
202
154
109
131
178
213
486
497
490
222
104
380
449
388
74
190
276
97
196
431
159
337
254
206
66
65
332
36
498
456
199
129
9
343
144
186
20
92
331
477
339
345
17
374
33
323
474
99
23
38
134
139
491
54
495
417
229
402
115
357
398
458
235
50
174
162
14
266
232
300
76
409
483
82
28
442
330
155
321
130
372
234
49
407
101
37
248
198
39
151
141
422
125
119
265
221
86
397
362
246
285
124
481
224
296
146
79
378
41
326
236
207
359
322
5
487
494
438
383
13
446
72
47
317
150
216
249
10
270
-1
EOF
