NAME : sim1001.306803.tour
COMMENT : Length = 306803
COMMENT : Found by LKH [Keld Helsgaun] Tue Sep 11 02:13:26 2018
TYPE : TOUR
DIMENSION : 1001
TOUR_SECTION
1
38
73
969
860
185
216
403
638
197
828
997
998
653
290
61
469
868
112
331
945
758
802
994
201
155
438
664
453
762
490
21
772
710
512
305
831
464
3
26
589
971
436
341
487
346
327
276
566
593
214
557
827
211
240
234
173
441
909
431
888
136
236
5
783
298
309
252
388
235
532
22
686
928
218
33
1001
354
781
877
31
505
835
356
718
970
420
921
9
238
295
534
461
924
642
245
844
935
891
281
801
778
223
981
338
544
612
693
446
285
502
110
104
906
20
500
369
111
975
81
863
299
645
601
428
804
967
363
242
221
527
91
144
636
470
124
846
29
618
448
396
809
1000
547
570
785
796
513
635
422
89
294
978
36
474
805
719
704
692
744
933
904
894
889
572
433
439
246
434
397
334
939
292
680
849
767
683
227
170
357
62
944
746
481
598
663
621
899
657
411
838
147
339
771
875
79
167
16
932
757
993
688
709
131
337
712
701
413
269
257
766
139
261
14
934
862
713
460
101
564
107
530
166
108
71
342
669
966
430
955
533
679
885
395
605
614
684
361
479
4
237
489
426
212
143
130
770
736
528
992
253
788
379
49
711
408
586
908
592
368
12
248
963
792
496
466
761
907
225
560
93
999
314
232
230
347
568
477
405
735
858
74
250
122
205
880
189
752
328
349
366
367
165
661
415
600
220
611
383
468
865
268
733
48
961
545
498
273
373
317
206
615
776
313
549
358
727
674
609
540
418
764
870
435
475
734
797
315
738
409
972
715
400
836
581
402
542
134
333
841
624
730
146
873
164
65
573
947
847
499
288
613
376
584
427
231
595
655
940
666
471
115
837
28
67
915
88
853
344
44
741
186
606
526
833
266
769
129
671
625
70
964
675
293
851
949
842
45
352
643
203
200
390
672
682
641
558
699
442
942
360
210
819
463
567
681
429
353
918
297
900
169
695
34
989
307
775
651
608
444
380
102
861
911
176
58
123
312
190
859
87
640
855
35
204
84
631
254
717
829
602
370
41
807
158
419
866
628
543
793
637
72
790
518
578
529
739
721
343
930
728
763
826
350
742
820
575
142
525
289
523
824
927
723
596
957
574
890
531
536
116
332
456
24
174
319
151
798
765
375
580
308
140
27
590
377
32
82
133
685
228
335
756
310
854
840
458
983
979
440
135
816
68
503
145
378
119
610
872
287
410
77
538
948
152
258
514
626
141
784
75
912
301
40
876
660
401
137
279
182
563
588
659
472
561
351
800
247
902
630
224
517
244
871
990
345
25
950
54
516
321
7
988
187
175
384
522
644
172
103
619
270
114
867
183
521
996
76
60
454
447
822
117
300
491
202
794
980
39
209
132
19
348
917
832
282
627
109
450
359
850
985
632
69
272
407
724
954
759
591
398
649
705
914
17
647
485
556
673
551
571
813
465
330
953
412
150
262
493
553
818
882
171
138
884
296
192
199
897
886
291
265
404
280
207
486
163
662
329
284
168
936
243
576
8
968
881
587
751
482
720
658
494
267
251
399
488
52
817
879
874
476
306
620
229
13
690
178
725
249
603
326
501
382
654
391
806
6
241
791
56
577
121
443
646
698
760
976
702
706
667
275
929
196
973
852
839
905
148
222
604
365
507
677
519
943
687
639
340
154
277
406
594
191
703
95
887
548
623
162
263
962
99
689
965
779
386
394
864
825
916
437
179
814
808
696
830
554
85
920
66
156
159
539
753
462
255
160
694
302
325
510
381
977
37
745
371
393
506
780
555
105
622
773
616
219
97
597
960
895
986
956
324
271
509
127
582
432
118
946
795
732
311
452
748
389
55
931
421
59
184
648
194
113
480
318
90
726
195
181
520
92
856
991
903
823
153
984
18
982
322
449
484
188
120
633
126
607
445
303
78
579
691
898
10
821
697
599
11
260
810
634
774
922
416
815
665
362
670
198
707
700
629
559
958
848
925
747
743
926
974
893
215
63
2
30
180
256
467
83
98
193
896
869
937
919
959
457
86
283
208
585
64
617
417
883
749
364
483
94
878
239
941
385
803
213
910
23
459
541
901
787
535
676
57
913
15
755
786
336
106
716
892
722
952
372
316
789
128
323
233
387
550
857
414
552
161
546
995
304
511
497
455
524
843
811
583
750
951
537
923
562
451
423
355
51
569
226
650
768
374
217
777
259
125
100
678
782
740
754
264
652
845
731
668
987
50
737
515
42
274
392
177
565
96
812
495
508
424
320
656
714
47
492
278
53
425
938
473
80
708
157
504
43
799
729
46
834
149
286
478
-1
EOF
