NAME : sim251.160977.tour
COMMENT : Length = 160977
COMMENT : Found by LKH [Keld Helsgaun] Tue Sep 11 17:13:20 2018
TYPE : TOUR
DIMENSION : 251
TOUR_SECTION
1
192
158
239
225
15
156
177
11
114
7
109
213
245
154
23
75
100
218
40
229
123
84
118
122
4
249
152
107
42
220
243
48
39
205
18
230
146
53
198
161
46
135
216
234
45
116
186
70
47
55
191
93
170
35
58
195
105
52
62
99
126
92
250
190
155
232
209
119
137
74
176
219
113
175
117
207
179
38
80
194
30
130
138
86
101
196
44
165
60
112
65
142
150
125
85
21
49
64
8
61
66
89
166
26
247
115
172
193
181
104
145
183
160
188
98
139
227
173
169
59
31
36
233
164
2
72
103
54
248
223
5
127
144
134
76
212
214
180
69
102
131
68
140
110
185
106
162
27
235
67
149
33
51
111
16
63
187
79
32
168
13
210
9
14
199
182
29
17
24
124
221
151
217
78
251
95
28
153
189
226
50
34
83
57
82
184
96
246
136
12
238
167
236
200
240
91
242
148
25
108
22
204
37
97
171
157
208
121
202
174
71
6
237
224
159
41
211
178
203
87
20
241
132
77
88
231
120
128
147
215
206
201
19
94
141
10
81
90
222
163
56
133
129
43
244
143
73
3
228
197
-1
EOF
