NAME : sim251.151409.tour
COMMENT : Length = 151409
COMMENT : Found by LKH [Keld Helsgaun] Tue Sep 11 16:48:52 2018
TYPE : TOUR
DIMENSION : 251
TOUR_SECTION
1
2
104
83
95
161
196
69
218
157
34
128
244
143
59
35
153
77
155
234
136
23
209
36
159
116
216
235
129
190
142
242
191
58
211
68
41
16
27
31
65
21
188
179
114
229
78
187
145
131
231
134
39
113
96
111
175
80
44
162
24
201
246
170
222
200
156
52
146
29
4
158
50
139
100
74
144
37
122
247
124
76
51
7
118
230
121
126
237
204
228
217
84
168
225
56
174
99
3
213
14
10
214
61
47
203
173
49
195
57
186
172
91
180
86
67
241
224
11
138
117
115
119
125
148
110
238
109
251
90
92
185
227
207
62
105
215
199
176
20
15
13
70
250
25
223
55
240
12
221
103
106
72
85
198
81
63
236
141
101
98
33
177
208
5
108
123
160
239
135
226
88
163
89
19
189
18
194
133
149
82
73
30
112
184
178
130
151
210
87
54
166
205
28
93
202
79
137
107
45
181
94
206
150
48
40
6
243
249
102
154
75
60
22
132
53
169
183
127
164
245
233
8
212
171
26
71
197
43
38
66
147
152
219
193
248
220
232
167
9
182
140
192
165
17
32
46
120
42
64
97
-1
EOF
