NAME : sim701.259290.tour
COMMENT : Length = 259290
COMMENT : Found by LKH [Keld Helsgaun] Tue Sep 18 12:58:20 2018
TYPE : TOUR
DIMENSION : 701
TOUR_SECTION
1
232
360
243
160
246
126
642
671
499
152
562
637
306
196
393
643
565
198
107
522
177
137
535
54
166
549
566
51
143
203
3
390
89
699
50
280
78
247
38
479
94
309
93
514
635
456
368
381
575
6
60
448
588
672
455
623
627
5
466
428
688
195
608
577
604
97
387
523
398
323
308
650
668
388
222
255
544
130
521
690
2
221
113
129
36
524
585
121
363
202
305
614
512
339
43
120
554
111
304
172
86
540
695
438
510
516
436
403
520
441
505
87
344
546
369
345
451
392
536
447
64
181
636
465
426
657
358
330
205
207
631
458
337
377
84
452
108
582
370
406
374
485
660
327
312
574
579
341
284
288
59
303
362
622
417
228
40
460
615
462
10
313
364
119
553
701
353
106
33
240
270
37
201
389
419
396
174
114
134
25
557
271
182
511
283
199
183
624
576
399
254
517
607
268
457
503
556
29
70
224
31
258
46
401
291
301
158
563
645
464
550
567
96
74
132
570
56
200
326
274
340
638
352
477
62
564
262
128
391
321
597
659
639
486
674
295
687
190
407
408
48
266
253
355
338
4
68
161
693
573
359
434
101
230
22
212
348
229
494
379
150
420
489
318
169
133
429
425
542
476
442
175
498
581
69
386
473
415
385
526
184
519
154
197
39
561
700
277
53
122
167
630
41
625
227
551
342
394
125
116
692
204
115
85
509
118
23
504
620
469
185
145
529
187
351
310
193
440
446
49
538
641
655
601
180
34
147
357
334
238
378
336
322
214
649
681
47
427
138
142
82
439
237
472
76
17
307
12
490
27
61
105
559
13
217
470
508
235
15
354
633
20
600
148
484
263
541
178
673
189
444
57
492
422
287
315
42
371
155
662
83
236
373
188
685
30
290
647
483
586
251
350
437
66
276
165
694
430
495
606
697
680
123
366
278
216
72
45
471
646
678
584
248
658
146
539
583
676
231
261
481
279
186
533
501
151
139
691
241
589
316
603
443
507
621
463
568
67
560
191
79
91
683
679
416
609
402
289
264
220
80
667
282
534
632
179
314
598
52
259
100
656
435
653
634
226
552
127
156
110
670
245
299
95
698
587
346
497
211
213
219
112
410
163
292
684
73
525
664
317
343
164
293
590
532
98
506
395
257
412
449
689
225
267
242
81
686
518
28
233
286
206
459
675
176
124
602
644
162
661
651
335
592
433
502
475
256
482
249
591
8
491
405
543
35
383
453
558
629
367
71
300
347
298
572
9
365
324
297
626
44
21
149
663
515
580
478
131
537
527
594
666
397
531
325
14
135
333
170
319
329
593
431
414
328
117
136
424
153
571
595
244
273
331
696
599
596
58
409
610
171
445
210
215
99
269
375
102
578
617
159
548
77
141
493
209
628
63
285
272
16
361
234
382
311
468
218
682
547
480
26
194
616
400
208
356
250
104
423
140
103
545
488
384
487
404
168
294
90
332
467
239
669
418
450
32
421
302
618
677
18
640
281
619
144
432
500
454
411
612
413
349
7
173
528
19
380
55
109
648
24
223
192
611
275
652
260
513
605
296
88
92
530
157
372
613
65
496
461
252
75
569
654
474
376
665
11
320
265
555
-1
EOF
