NAME : sim701.255647.tour
COMMENT : Length = 255647
COMMENT : Found by LKH [Keld Helsgaun] Tue Sep 18 06:11:17 2018
TYPE : TOUR
DIMENSION : 701
TOUR_SECTION
1
389
337
489
533
365
594
435
518
693
269
388
409
668
65
433
320
246
2
638
195
231
60
565
504
324
25
106
160
20
250
52
226
165
76
281
679
439
207
360
390
561
486
682
688
132
49
147
460
428
587
663
35
162
516
33
344
532
408
93
555
116
422
28
476
191
485
91
118
249
139
553
550
666
669
500
581
658
442
204
196
211
209
425
585
651
557
372
319
223
614
446
686
26
456
283
534
498
377
92
654
217
597
260
66
645
56
484
23
634
570
660
562
396
364
108
627
576
641
652
381
163
467
275
497
687
524
38
39
16
559
341
603
482
314
398
134
505
292
144
78
198
41
445
465
50
590
212
287
177
670
453
73
183
107
549
15
316
18
253
369
89
349
143
142
646
338
155
299
427
284
564
176
458
27
392
452
59
21
317
649
222
352
529
517
380
589
607
407
243
290
421
542
492
624
354
602
530
31
697
402
438
271
104
328
527
216
213
47
395
105
37
120
110
112
149
257
507
623
631
309
178
46
351
617
268
185
548
180
558
311
410
469
642
513
83
238
128
355
414
387
573
136
53
538
608
477
229
487
203
640
130
95
101
151
647
40
611
593
479
194
412
221
426
531
4
657
138
8
103
546
34
200
81
251
520
481
302
537
29
276
483
636
202
601
241
262
164
403
539
391
84
361
411
278
400
473
447
578
685
503
19
318
605
22
384
219
9
628
418
245
671
48
600
154
691
571
336
393
394
472
681
267
363
71
457
536
569
70
419
699
87
170
279
622
556
358
521
307
582
552
680
595
159
618
461
415
99
397
218
405
74
111
186
62
632
551
331
188
94
259
72
201
606
488
592
340
535
114
342
459
187
215
270
69
214
525
432
326
121
508
230
677
598
254
98
67
431
577
667
301
586
599
350
596
588
190
325
429
300
664
650
591
474
64
502
157
615
454
100
137
416
430
232
375
323
261
644
148
584
620
662
684
224
519
401
234
54
672
335
252
135
181
235
491
494
129
113
676
274
698
166
303
579
572
701
383
102
294
610
329
286
141
184
124
115
378
321
423
541
689
583
133
437
661
443
117
291
17
633
43
277
370
161
334
357
330
463
146
61
315
30
353
88
51
625
368
544
306
665
173
145
3
85
475
304
273
193
79
126
512
545
265
675
189
413
192
424
547
678
440
227
332
123
288
630
42
158
44
371
653
14
248
626
263
140
298
612
282
272
480
345
179
75
310
523
528
629
554
168
172
96
356
32
495
266
616
690
343
362
239
45
464
566
119
150
399
455
174
444
333
563
496
109
449
312
568
466
199
322
236
490
451
244
404
673
264
621
694
367
448
499
57
574
695
153
493
347
247
436
90
366
609
450
36
648
6
205
637
643
339
208
210
7
635
285
220
24
156
206
242
295
167
169
374
327
289
580
462
656
225
511
659
567
683
256
515
613
233
639
82
258
171
575
77
13
441
655
510
175
526
127
604
5
293
509
382
514
296
348
240
80
58
506
379
359
478
97
376
674
471
152
313
280
125
434
700
470
237
10
68
501
131
522
122
11
228
63
305
373
468
12
543
540
692
86
696
55
417
560
197
255
346
182
385
420
308
386
297
619
406
-1
EOF
