NAME : sim501.220590.tour
COMMENT : Length = 220590
COMMENT : Found by LKH [Keld Helsgaun] Mon Sep 10 21:56:32 2018
TYPE : TOUR
DIMENSION : 501
TOUR_SECTION
1
236
136
158
191
269
433
432
110
28
388
445
160
418
41
374
412
30
96
51
446
31
114
437
222
330
156
417
178
40
367
485
212
168
480
377
438
189
215
298
188
387
3
108
267
91
301
250
467
295
94
77
35
462
466
291
501
404
391
65
456
343
448
7
347
305
409
92
327
272
476
311
423
115
47
100
449
496
279
375
337
299
95
325
499
494
165
219
142
260
89
459
263
306
206
12
179
376
130
421
150
390
242
152
276
49
481
282
184
164
81
145
32
111
492
472
54
27
245
455
333
98
80
368
202
324
71
105
237
220
249
235
43
173
119
246
307
176
302
473
369
124
22
401
460
73
230
394
125
218
278
74
121
436
382
326
425
251
123
281
271
224
406
471
309
238
259
451
199
344
182
155
196
256
53
275
118
490
444
45
37
18
386
345
474
349
484
210
101
11
211
335
104
415
283
109
287
363
489
383
68
24
380
52
416
334
422
348
429
463
228
493
132
346
339
103
482
483
137
82
461
44
140
192
162
102
321
83
389
229
214
285
361
478
227
317
26
20
258
355
232
392
10
252
320
139
221
292
86
486
29
357
244
253
407
424
205
201
255
385
469
479
87
154
138
21
151
288
341
443
163
465
431
13
131
488
97
360
340
175
453
63
319
304
399
402
133
475
257
419
414
454
447
464
370
172
266
186
358
39
141
213
134
61
233
280
14
33
117
6
161
2
420
171
55
62
187
440
395
296
166
243
9
350
159
58
128
50
198
323
112
8
90
293
277
56
338
167
17
442
208
107
120
185
381
70
430
204
149
322
15
274
216
248
169
289
42
261
470
48
190
262
400
500
147
148
310
364
126
254
366
452
426
441
410
397
143
268
93
351
342
209
69
356
362
332
336
316
264
60
174
286
127
331
477
314
468
78
84
434
408
75
498
231
181
372
200
99
194
435
116
353
427
428
313
72
135
23
180
57
113
359
223
297
46
76
373
226
34
106
308
197
403
495
354
66
329
384
328
491
16
240
312
157
270
4
38
122
290
318
146
170
5
64
265
284
365
195
379
217
371
497
67
247
193
294
487
273
439
144
405
241
203
303
413
411
25
79
85
458
183
300
234
398
59
36
177
19
378
393
225
239
207
153
129
396
352
457
450
88
315
-1
EOF
