NAME : sim501.216425.tour
COMMENT : Length = 216425
COMMENT : Found by LKH [Keld Helsgaun] Mon Sep 10 22:16:08 2018
TYPE : TOUR
DIMENSION : 501
TOUR_SECTION
1
58
406
362
238
42
316
46
77
131
186
482
489
69
293
25
161
348
448
89
457
385
415
45
95
264
78
20
111
313
341
451
26
360
33
157
182
232
171
298
6
277
392
480
32
441
388
269
355
230
239
177
87
108
118
22
322
500
256
367
483
279
208
124
330
333
370
37
332
138
295
187
169
63
119
190
183
223
191
459
10
439
130
167
446
105
184
352
74
160
470
234
134
27
260
100
456
79
429
299
342
450
163
196
354
302
207
491
172
151
99
43
174
54
285
34
272
393
310
435
479
472
363
40
129
5
349
314
148
121
67
292
467
142
477
411
198
103
410
365
331
249
321
343
315
440
213
338
127
175
41
49
361
75
401
193
68
199
224
206
350
126
13
200
48
474
120
128
59
247
284
437
168
203
413
286
66
453
386
241
372
484
356
300
495
165
462
261
44
374
497
255
52
473
478
486
125
409
246
35
492
490
466
70
346
447
373
8
496
154
335
405
164
97
214
158
460
389
308
106
36
381
290
326
133
481
9
226
39
215
427
71
396
485
347
262
454
400
218
62
47
83
258
364
104
270
421
30
225
50
499
318
382
336
112
114
383
369
220
465
149
123
61
463
221
65
375
432
425
233
140
280
88
325
424
368
117
267
328
31
398
387
434
159
278
80
211
86
475
399
287
91
281
301
145
15
391
155
96
276
317
366
94
444
82
242
135
28
324
56
250
494
334
110
311
422
179
92
464
414
7
222
337
235
376
227
38
339
476
176
351
248
144
358
156
18
73
288
11
205
197
323
212
266
394
294
390
139
60
84
98
461
397
150
320
430
102
166
57
53
340
243
412
265
384
132
101
210
452
51
309
274
305
306
81
296
21
426
180
2
229
254
345
438
195
257
231
403
113
153
204
19
304
181
189
344
3
236
458
192
359
162
141
380
72
228
319
116
423
419
378
185
29
445
307
17
402
245
137
23
76
152
202
259
371
291
469
404
431
209
201
327
273
217
178
55
329
275
237
493
303
107
194
377
253
64
408
93
24
407
219
16
417
240
395
443
268
109
433
428
487
147
188
471
379
353
271
468
146
449
263
14
420
297
244
4
289
283
436
170
251
455
282
173
90
85
115
12
252
122
136
216
312
416
143
501
498
357
418
488
442
-1
EOF
