NAME : sim1001.302889.tour
COMMENT : Length = 302889
COMMENT : Found by LKH [Keld Helsgaun] Tue Sep 11 05:37:28 2018
TYPE : TOUR
DIMENSION : 1001
TOUR_SECTION
1
285
891
361
15
267
864
558
166
760
459
53
928
116
849
851
373
617
366
484
238
385
893
964
344
368
840
556
987
572
178
334
232
563
634
611
121
407
945
915
699
745
806
199
14
518
940
673
102
382
917
798
416
959
555
650
766
926
774
250
125
18
122
255
579
777
43
133
185
19
327
916
574
984
972
681
89
227
274
256
355
982
983
306
418
108
284
411
692
454
187
107
543
911
822
593
626
183
395
363
641
485
899
826
929
296
613
412
235
503
694
453
853
28
948
860
247
228
386
321
79
9
793
392
559
441
326
792
768
731
532
174
93
57
685
577
242
629
275
194
829
671
153
682
778
884
921
31
141
713
280
810
584
179
444
324
772
688
3
852
98
216
221
505
463
879
163
844
930
950
720
870
937
999
765
127
598
16
590
217
980
123
527
949
808
714
663
118
105
856
509
349
925
335
402
165
278
515
82
431
807
391
189
62
351
341
120
291
887
100
85
796
576
707
850
294
947
955
94
492
914
313
124
55
49
181
578
196
977
474
328
622
912
963
684
630
47
279
282
50
507
491
110
312
723
430
130
448
743
805
552
452
674
672
837
249
77
653
188
329
523
500
538
788
664
763
270
667
996
389
193
489
676
128
246
880
842
68
967
910
323
476
974
954
138
466
434
52
906
231
638
718
171
67
889
338
487
569
390
461
201
951
907
59
855
854
152
347
362
544
13
223
815
30
843
7
78
146
775
114
342
701
340
80
783
39
245
562
20
6
11
530
184
804
264
857
151
468
160
633
317
965
212
534
821
315
218
975
310
272
900
439
316
471
406
670
470
451
706
29
257
734
61
825
797
615
771
5
759
962
845
467
205
668
616
177
724
44
978
886
103
475
920
931
531
401
652
424
164
520
469
524
95
190
609
735
781
881
779
608
319
239
415
868
753
662
791
63
637
789
375
738
913
581
749
833
814
588
81
213
730
222
705
636
648
683
869
305
233
680
665
145
834
96
182
148
516
697
846
276
497
404
819
464
254
568
432
318
871
336
379
139
369
536
703
628
357
522
97
575
715
876
330
211
754
289
450
273
425
564
517
553
140
892
966
372
675
129
220
376
234
874
782
710
656
136
435
969
314
657
359
592
45
547
690
203
583
946
58
708
191
150
691
551
992
237
413
790
87
506
56
292
787
488
741
651
898
35
998
934
567
465
207
54
561
709
717
27
594
632
387
669
909
678
297
472
526
206
24
979
751
287
935
606
167
923
905
383
84
137
214
589
528
839
155
752
655
398
268
624
732
986
241
70
135
756
143
12
48
924
726
253
533
176
421
604
938
437
172
875
99
304
8
902
417
403
502
767
490
332
944
601
646
333
350
442
607
993
991
712
554
192
550
997
976
32
658
157
419
830
447
352
64
200
73
396
65
666
210
727
356
603
486
109
186
605
748
885
197
180
408
224
495
761
481
219
596
786
25
36
229
721
557
862
863
686
784
941
679
936
537
762
643
76
848
92
446
757
371
785
971
21
504
820
496
428
142
293
195
170
60
922
585
226
794
479
370
896
695
957
988
818
973
295
535
861
566
841
117
283
269
259
345
126
828
400
780
739
477
736
498
501
927
482
455
660
661
168
747
173
823
1000
436
299
215
456
529
755
698
549
106
560
995
1001
300
540
42
958
827
744
209
91
438
644
600
458
86
877
290
614
113
409
740
795
374
994
265
367
799
462
510
888
225
2
903
380
325
34
565
882
960
360
132
573
513
677
838
240
591
88
878
582
704
302
545
702
169
388
66
480
40
586
161
74
337
266
750
158
968
847
258
365
639
571
711
271
627
243
236
72
427
587
599
725
397
156
649
716
83
812
895
399
147
689
961
985
252
831
897
809
647
742
813
776
309
277
610
746
473
159
953
308
817
816
733
90
26
131
499
894
144
331
890
38
46
770
700
494
354
303
378
901
33
71
539
346
364
859
119
483
381
426
625
773
542
348
322
22
154
445
640
952
939
198
548
602
301
728
511
134
261
204
23
414
244
111
162
512
260
230
981
919
858
514
769
623
17
4
405
883
521
101
478
251
943
687
801
758
208
353
460
343
737
311
719
990
420
377
525
112
339
811
620
262
320
835
619
519
866
908
41
37
69
904
836
394
800
104
149
443
942
75
956
867
358
873
457
263
508
570
832
115
175
286
546
248
433
970
865
618
612
595
51
493
422
696
693
410
635
872
729
298
288
393
440
281
631
764
932
449
202
384
307
802
642
429
803
580
659
654
824
423
621
918
597
10
541
989
722
933
645
-1
EOF
