NAME : sim321.175818.tour
COMMENT : Length = 175818
COMMENT : Found by LKH [Keld Helsgaun] Sat Sep 15 14:09:29 2018
TYPE : TOUR
DIMENSION : 321
TOUR_SECTION
1
97
176
255
71
43
296
250
199
153
108
69
206
114
78
267
306
287
3
33
84
207
229
31
123
96
53
10
193
88
6
169
76
282
215
315
178
7
27
273
73
170
182
297
38
307
57
12
22
122
5
237
61
131
302
158
141
266
198
233
156
301
81
128
279
83
100
91
94
66
210
174
318
243
173
192
240
107
228
219
126
8
312
293
104
202
204
185
256
124
295
105
50
191
144
149
135
113
24
4
260
112
205
19
155
62
258
180
161
230
160
70
133
16
225
183
25
217
316
37
125
101
110
188
18
281
311
90
163
56
23
138
208
175
129
269
275
44
222
220
272
28
165
106
14
227
200
257
102
238
226
115
289
213
64
109
305
259
189
246
166
187
244
89
314
35
67
186
40
211
286
147
264
132
118
276
143
127
310
117
32
15
196
137
190
242
164
139
248
79
300
130
313
121
265
146
134
34
29
95
197
168
292
216
47
93
271
236
221
309
65
179
298
261
320
285
151
63
2
283
171
159
9
11
157
234
111
150
74
212
284
98
201
252
20
142
268
195
223
270
86
46
253
77
263
254
177
99
140
13
299
280
68
304
49
235
245
21
148
231
224
209
145
17
136
239
39
82
75
59
194
288
291
154
92
85
36
319
249
278
290
26
172
152
251
321
274
303
58
120
232
214
167
308
60
277
72
184
119
241
116
55
51
87
103
262
317
247
48
52
203
42
54
162
80
218
181
45
41
30
294
-1
EOF
