NAME : sim1001.307462.tour
COMMENT : Length = 307462
COMMENT : Found by LKH [Keld Helsgaun] Tue Sep 11 01:41:52 2018
TYPE : TOUR
DIMENSION : 1001
TOUR_SECTION
1
200
589
790
783
504
345
527
997
846
305
161
473
899
606
38
906
9
627
303
212
618
689
665
81
680
709
679
404
838
882
713
670
246
612
647
636
103
659
752
206
834
669
402
968
651
135
600
650
759
800
904
698
447
890
840
3
408
524
19
323
48
331
999
424
163
575
148
947
157
53
56
181
55
182
226
468
362
772
933
364
105
478
550
90
986
605
624
549
667
934
357
820
50
95
769
578
13
207
291
36
958
296
629
89
221
441
888
507
250
517
470
558
879
645
532
52
910
286
179
467
116
108
537
809
634
677
726
678
178
541
156
310
228
209
237
940
391
561
64
67
876
26
66
938
372
328
509
708
119
217
512
529
992
611
616
994
491
360
46
437
548
475
912
378
503
587
948
253
872
216
68
734
877
649
471
505
484
302
979
278
409
536
242
663
852
170
243
844
84
672
166
299
427
324
712
164
570
72
564
435
353
238
598
990
951
86
141
375
978
848
421
853
781
425
815
593
401
233
869
658
868
812
69
271
836
85
124
733
230
688
97
535
93
273
807
881
279
785
706
180
761
823
322
949
900
365
690
458
661
583
676
935
400
967
456
937
993
436
639
160
567
843
704
496
390
581
311
559
380
824
318
167
642
576
641
518
885
350
202
623
725
811
65
384
106
73
953
335
555
208
565
431
317
60
857
731
159
247
805
254
96
220
337
883
452
909
388
147
252
697
71
542
901
316
174
777
94
810
272
398
974
479
343
293
327
864
755
615
804
382
21
499
753
414
749
406
127
727
88
681
982
830
258
203
173
241
102
334
657
760
961
716
110
281
945
604
941
973
44
476
101
210
346
554
410
835
219
235
142
795
369
260
608
130
668
454
878
675
801
59
394
265
506
870
482
501
808
263
444
538
295
905
374
966
490
928
735
510
194
349
236
730
175
728
70
249
274
970
818
981
705
43
770
385
738
533
500
307
275
530
847
376
765
603
325
433
213
494
416
609
75
80
660
76
691
396
531
176
168
4
683
277
125
489
515
791
198
898
516
87
294
354
932
922
692
430
128
779
762
724
465
596
514
151
894
487
255
137
440
547
165
714
280
907
630
862
502
816
154
282
739
756
875
975
49
655
462
223
492
995
172
344
169
969
355
849
959
191
924
579
710
74
865
481
916
6
224
718
288
617
960
338
218
24
552
764
972
15
813
445
628
326
287
30
204
27
631
145
674
720
802
171
607
763
461
767
133
927
746
664
522
817
984
138
699
54
717
189
267
186
776
442
939
534
789
368
469
289
104
122
143
867
449
192
696
262
199
803
495
610
821
845
419
411
58
187
63
943
546
5
114
768
798
721
205
571
197
304
913
956
572
11
446
341
10
309
451
136
754
775
23
276
569
819
82
466
123
640
920
892
389
314
134
557
8
586
232
330
12
788
996
633
991
474
477
229
784
584
574
387
971
591
873
91
363
590
79
162
77
113
149
893
520
638
827
832
188
300
486
493
17
543
464
525
51
666
359
153
245
41
551
693
566
553
889
694
472
826
796
112
422
921
283
211
25
340
833
348
270
285
923
463
925
930
626
361
321
109
786
381
158
420
339
950
483
662
18
856
987
35
896
585
428
886
778
831
131
684
34
751
377
528
146
722
33
952
16
264
261
799
619
190
336
748
405
545
719
320
780
622
858
946
594
632
439
7
225
251
2
139
99
582
793
695
908
787
887
918
453
682
544
61
758
902
284
771
850
155
292
393
740
673
601
256
485
498
429
729
842
301
129
957
234
625
443
860
773
329
519
266
701
931
797
871
977
214
861
707
911
45
774
577
839
747
828
919
954
227
822
356
806
383
268
643
432
42
215
621
193
460
687
620
20
347
914
231
613
825
195
39
352
83
757
929
526
782
244
686
370
711
448
648
942
480
985
115
28
513
614
459
269
637
736
312
457
403
732
794
866
196
177
185
140
201
841
884
592
654
298
373
597
333
955
371
988
78
652
29
700
560
313
1000
1001
965
792
450
859
915
62
891
750
976
895
743
737
120
342
702
521
111
415
745
723
438
998
315
306
297
319
562
568
426
332
31
144
715
358
599
508
40
418
239
926
150
635
685
880
511
118
989
57
829
132
837
98
563
980
741
602
917
248
183
962
413
290
588
240
392
22
851
646
573
407
395
107
874
653
863
412
556
814
455
47
423
644
397
126
903
351
983
386
497
37
367
897
259
222
656
944
308
523
14
257
964
184
539
32
92
855
766
117
854
540
595
580
100
744
488
703
417
379
121
963
742
399
434
152
366
936
671
-1
EOF
