NAME : sim1001.304661.tour
COMMENT : Length = 304661
COMMENT : Found by LKH [Keld Helsgaun] Tue Sep 11 07:02:23 2018
TYPE : TOUR
DIMENSION : 1001
TOUR_SECTION
1
80
113
446
929
477
573
945
613
696
94
486
806
770
904
619
873
524
65
763
846
819
645
919
541
104
402
759
426
75
57
109
207
490
209
853
309
440
506
61
401
920
373
29
272
593
264
452
445
290
22
441
971
554
825
893
260
500
359
3
327
710
122
189
453
712
995
58
883
922
333
447
164
917
269
679
550
473
630
827
190
338
339
551
896
800
357
731
85
560
262
40
504
835
804
450
637
395
784
208
815
539
600
246
650
231
114
39
940
481
949
754
654
286
278
184
661
374
705
328
866
930
62
740
566
858
802
585
642
760
823
914
984
230
626
149
944
516
291
226
123
956
340
322
428
390
851
198
844
354
807
880
736
404
371
219
581
108
935
68
146
905
101
13
375
741
664
864
90
130
703
597
476
133
606
45
192
837
556
244
336
383
840
32
871
325
857
708
418
695
218
488
743
261
255
798
126
252
439
592
277
993
890
403
5
969
337
558
805
463
416
622
698
131
318
308
334
671
938
638
475
293
28
451
821
487
643
503
934
467
709
906
968
242
112
254
53
854
97
312
839
382
507
299
73
528
867
865
77
99
499
901
165
512
60
388
66
250
472
523
616
992
618
872
602
921
89
294
739
941
364
574
128
863
724
746
644
680
14
429
576
778
960
35
669
367
422
124
427
493
247
526
955
25
718
651
869
876
885
38
811
301
329
682
986
305
105
52
663
18
103
954
458
674
171
317
204
713
86
720
399
683
843
115
719
838
617
491
694
205
946
633
326
639
894
4
121
380
908
546
538
431
775
582
967
536
138
652
84
168
496
214
464
1000
505
544
511
424
23
590
789
678
267
342
755
470
783
623
489
287
143
188
176
21
203
87
943
384
232
796
677
545
480
714
924
915
964
777
50
881
672
907
240
774
861
238
521
790
302
868
303
976
417
386
34
37
156
494
598
974
542
659
983
980
879
289
268
681
912
71
791
559
307
381
201
292
10
212
656
213
963
899
666
152
951
828
412
766
782
525
154
855
140
397
895
195
646
237
366
172
106
725
608
76
41
749
462
48
792
738
245
655
413
502
676
78
495
767
687
56
781
841
310
975
918
91
206
100
46
756
531
432
900
234
697
583
927
344
850
887
17
482
653
555
379
435
596
675
235
948
662
142
320
820
288
396
614
351
601
892
243
183
727
530
356
612
565
273
780
685
989
217
141
670
220
978
648
953
629
625
897
160
197
330
898
369
824
757
132
972
229
958
548
985
347
533
438
700
456
63
748
468
584
814
933
8
635
483
513
510
423
257
185
102
631
233
832
313
389
298
79
925
474
263
391
959
842
265
110
1001
518
129
69
95
981
471
928
248
98
151
977
448
957
552
721
547
962
162
859
809
580
9
836
771
485
742
259
81
363
304
200
222
732
829
161
822
988
239
803
716
370
137
808
216
479
562
540
484
575
221
150
300
729
153
223
349
657
734
786
794
279
393
241
147
609
973
321
47
587
139
331
982
745
579
406
227
916
615
769
733
442
407
688
136
70
699
704
224
849
394
690
692
43
628
107
932
817
830
640
939
909
684
51
457
362
514
520
306
875
285
568
199
715
225
706
761
570
177
788
888
903
274
343
818
266
779
845
134
186
950
826
667
994
20
158
691
673
194
987
415
179
42
211
258
83
455
942
361
281
595
72
49
295
577
856
181
571
753
594
196
515
148
173
372
723
59
414
324
765
535
332
346
275
405
411
88
891
19
282
67
833
795
96
498
564
519
365
752
44
852
311
911
889
801
813
64
492
398
588
7
762
182
589
937
549
436
605
24
236
54
537
352
966
163
33
758
120
12
947
522
449
410
534
816
215
620
116
315
387
368
970
385
280
785
378
773
253
314
296
776
31
400
578
686
127
689
409
341
6
276
797
604
996
155
563
632
159
419
117
297
27
722
926
430
92
465
111
882
647
693
848
210
728
166
11
726
649
178
965
36
283
353
793
358
931
466
345
508
599
517
735
658
271
202
527
348
999
187
886
145
717
444
175
144
118
174
167
469
610
636
812
228
249
711
878
847
256
737
93
82
764
877
884
169
603
497
923
392
624
607
191
119
701
180
997
30
376
16
437
135
641
862
591
425
319
668
434
902
998
936
454
707
952
157
834
270
990
979
26
443
355
420
460
751
572
787
532
529
621
335
768
910
874
557
2
15
799
702
831
747
193
744
421
611
55
810
433
553
660
125
627
561
991
567
586
408
870
730
961
360
478
634
323
665
569
501
461
251
772
860
913
509
750
74
377
284
543
170
459
316
350
-1
EOF
