NAME : sim1001.307132.tour
COMMENT : Length = 307132
COMMENT : Found by LKH [Keld Helsgaun] Tue Sep 11 10:08:21 2018
TYPE : TOUR
DIMENSION : 1001
TOUR_SECTION
1
27
384
527
559
355
640
774
641
59
93
619
507
829
878
421
975
628
761
289
806
710
712
915
593
645
917
919
794
764
807
905
709
133
795
673
80
869
855
888
275
879
493
610
292
422
257
205
191
222
327
139
136
981
575
971
295
439
287
955
245
103
494
658
294
918
72
42
241
894
19
755
283
132
705
541
691
303
655
246
991
959
589
148
62
6
961
502
906
899
140
887
407
247
642
582
41
193
147
377
188
325
342
124
333
271
696
574
851
285
679
977
926
501
791
776
677
816
683
616
556
539
143
146
117
9
954
938
839
447
692
678
611
604
366
978
760
472
939
783
225
608
90
201
797
446
850
725
525
864
914
644
784
706
751
689
813
910
930
665
690
542
657
798
715
256
164
235
684
311
397
564
262
514
920
451
638
577
432
717
111
182
481
258
334
278
868
81
359
576
426
909
97
598
452
371
843
908
24
160
945
200
830
3
988
335
466
87
376
960
453
925
155
21
119
704
75
363
66
46
849
546
273
631
435
720
815
834
251
214
385
375
943
523
96
993
633
972
963
731
4
92
302
766
531
145
499
996
23
836
401
373
372
442
950
748
427
694
743
949
95
627
931
418
621
37
105
293
399
123
420
512
875
465
872
13
17
290
891
780
40
652
172
368
730
441
229
714
497
858
458
643
904
386
459
660
389
304
288
654
449
912
861
365
71
14
213
237
620
685
785
570
624
431
85
220
903
982
832
994
884
789
282
853
809
648
601
997
443
498
398
125
2
505
883
890
796
296
548
844
20
933
130
871
962
801
913
666
867
567
82
554
157
519
737
529
826
617
217
32
301
805
69
379
881
980
166
983
44
428
1000
413
170
824
672
346
307
345
474
64
43
408
998
985
680
326
937
406
697
859
976
802
356
613
266
185
562
536
590
167
873
686
928
606
121
781
947
485
876
569
329
889
838
800
736
669
94
467
967
238
773
412
190
974
671
772
513
144
417
234
549
952
116
374
895
284
102
695
11
837
588
848
113
101
489
29
463
209
687
171
51
788
299
637
615
5
656
566
533
508
181
833
471
393
735
358
67
68
708
561
58
846
107
810
151
877
777
52
156
831
758
595
254
34
506
402
135
482
793
682
907
727
580
526
276
732
253
33
632
626
277
948
134
138
597
198
177
688
609
53
522
228
814
91
911
173
434
790
306
517
946
332
935
812
551
469
900
746
951
592
184
470
545
350
473
194
349
719
265
555
940
31
270
440
811
747
553
219
178
932
763
242
419
674
503
70
343
98
445
114
921
35
396
650
852
614
488
916
60
390
159
54
647
450
701
315
534
491
321
745
169
308
162
538
902
602
605
965
516
560
314
571
528
55
357
232
141
941
233
587
670
416
668
594
543
629
381
12
186
649
718
762
74
622
280
625
510
352
550
391
243
585
337
486
563
112
540
26
305
787
518
885
882
820
263
231
898
886
922
936
984
927
180
202
842
255
863
724
750
819
989
224
464
958
924
403
199
823
210
973
57
992
122
537
987
260
749
226
476
462
699
83
986
786
607
65
661
586
8
827
73
192
630
676
203
552
415
693
115
218
767
176
444
347
711
211
195
331
104
515
56
281
318
841
880
757
639
944
430
150
244
968
478
433
423
10
405
1001
344
479
30
702
874
394
634
664
929
544
756
378
457
45
856
261
47
818
934
25
698
291
752
313
581
369
828
323
572
298
297
268
600
923
168
330
158
779
204
236
388
240
892
414
584
129
821
110
535
36
341
404
521
189
128
782
183
267
161
279
738
573
174
484
769
392
272
953
480
583
99
840
557
723
221
230
721
547
799
165
713
475
866
847
312
591
84
436
778
520
825
410
48
956
862
448
61
239
86
734
49
39
804
137
477
487
197
599
88
320
152
250
455
662
636
340
653
79
316
437
659
579
400
870
901
957
382
703
530
770
63
753
495
663
865
524
216
490
351
16
387
175
163
425
612
754
716
309
339
89
509
454
558
208
635
76
100
50
565
742
126
722
383
274
995
681
264
227
651
259
739
324
966
109
142
461
741
187
310
775
108
618
153
511
492
942
38
438
744
969
483
354
771
532
817
897
792
18
990
28
893
803
370
249
979
429
646
15
286
248
409
154
496
596
300
106
361
460
845
353
360
623
77
964
179
212
411
667
364
896
578
127
22
857
7
835
348
319
808
118
568
740
999
728
207
765
456
424
468
395
700
336
380
196
367
149
500
120
131
729
252
822
854
338
322
269
317
215
675
603
206
759
504
726
707
733
768
860
328
78
223
970
362
-1
EOF
