NAME : sim141.115504.tour
COMMENT : Length = 115504
COMMENT : Found by LKH [Keld Helsgaun] Sun Sep 16 09:26:10 2018
TYPE : TOUR
DIMENSION : 141
TOUR_SECTION
1
6
52
33
24
92
5
2
121
42
11
120
133
101
72
18
51
10
65
109
37
56
13
63
3
103
38
69
130
129
47
139
76
79
50
36
15
41
106
68
62
131
32
4
34
74
104
55
29
134
97
43
110
16
64
96
30
99
81
107
86
31
22
87
102
126
132
66
58
84
45
83
25
138
127
14
111
85
113
12
98
44
89
77
128
125
141
27
19
117
95
108
118
21
115
140
75
93
80
61
123
20
23
9
73
100
35
49
8
39
82
105
124
70
116
90
26
60
88
137
135
71
46
17
28
136
40
112
91
59
94
53
114
48
67
54
57
7
78
122
119
-1
EOF
