NAME : sim141.117246.tour
COMMENT : Length = 117246
COMMENT : Found by LKH [Keld Helsgaun] Sun Sep 16 03:08:59 2018
TYPE : TOUR
DIMENSION : 141
TOUR_SECTION
1
13
20
92
70
64
106
12
123
112
63
102
138
17
129
68
37
130
7
83
72
103
88
62
86
75
51
137
30
116
136
11
115
76
33
40
61
58
56
19
79
73
128
132
113
101
42
32
65
119
49
98
81
96
41
97
94
34
95
109
10
43
35
84
107
4
89
85
66
3
78
69
82
77
53
60
57
46
74
111
9
25
6
90
26
52
18
38
31
105
114
118
71
23
124
67
59
100
87
125
140
8
27
110
55
54
22
133
36
80
139
131
50
120
141
126
134
14
21
93
48
127
24
135
15
39
121
44
28
108
2
45
47
99
29
122
5
104
91
117
16
-1
EOF
