NAME : sim251.155181.tour
COMMENT : Length = 155181
COMMENT : Found by LKH [Keld Helsgaun] Tue Sep 11 16:46:30 2018
TYPE : TOUR
DIMENSION : 251
TOUR_SECTION
1
196
34
31
69
188
203
227
98
29
43
35
18
40
245
116
247
117
58
210
66
79
191
230
83
17
219
4
103
7
28
135
51
168
92
192
42
125
101
44
183
251
122
148
73
123
21
63
211
207
71
205
198
154
157
38
53
155
81
147
182
9
68
136
161
248
2
139
137
112
61
26
89
124
153
100
16
37
145
106
190
189
218
213
231
152
91
62
105
39
128
220
115
47
229
235
94
110
138
187
150
156
172
50
208
129
233
146
195
20
8
141
228
177
175
149
15
171
180
104
70
242
97
30
93
249
25
163
49
217
222
87
224
221
179
206
23
46
95
45
214
165
200
185
169
176
75
11
215
232
72
223
234
118
243
14
184
209
142
67
178
84
216
114
244
212
102
158
107
27
126
3
186
13
143
56
109
160
59
32
237
250
144
19
12
121
41
204
151
130
65
5
120
78
166
111
199
134
170
74
132
131
181
52
86
33
6
238
113
140
22
10
82
88
239
96
173
80
164
64
241
76
57
159
167
55
48
36
54
133
226
24
85
240
202
194
193
162
108
246
60
201
174
127
77
99
119
197
236
90
225
-1
EOF
