NAME : sim1001.307980.tour
COMMENT : Length = 307980
COMMENT : Found by LKH [Keld Helsgaun] Tue Sep 11 13:46:59 2018
TYPE : TOUR
DIMENSION : 1001
TOUR_SECTION
1
29
766
817
943
284
63
160
368
676
267
614
339
874
724
214
456
836
827
794
902
128
476
757
896
666
994
165
159
774
290
834
860
479
288
121
366
438
486
407
136
361
294
223
783
652
124
808
453
921
375
872
688
376
569
244
198
371
839
70
562
646
3
10
109
704
95
492
883
265
86
752
725
260
915
810
220
556
336
895
35
26
464
826
193
138
597
736
300
578
658
755
697
405
821
703
494
327
67
931
897
837
861
939
645
665
78
313
780
572
589
51
730
468
956
739
519
226
241
859
451
68
55
871
722
335
64
990
574
434
696
618
27
483
433
369
390
443
512
741
503
545
145
898
350
809
533
549
422
850
137
964
182
36
385
472
354
575
873
229
855
900
818
266
466
318
629
525
966
234
520
348
379
190
174
965
734
103
529
33
911
296
88
382
308
719
205
933
126
212
608
554
605
564
705
843
436
644
490
679
299
661
633
346
591
972
740
211
365
256
393
112
887
307
758
768
662
195
102
927
311
324
568
761
526
779
430
231
452
130
607
763
626
847
432
240
670
775
899
162
845
884
42
49
263
967
204
48
447
998
132
415
664
355
726
287
904
524
991
566
798
71
923
782
218
706
87
838
106
386
69
594
718
720
173
342
925
893
467
281
338
285
293
659
330
152
742
334
228
922
225
445
239
557
599
707
914
973
708
1000
140
246
107
175
772
509
139
926
737
401
505
157
250
446
413
773
559
387
304
320
957
853
747
567
319
251
880
947
404
863
184
627
61
177
910
7
347
728
325
321
580
546
778
655
930
677
91
221
340
488
196
600
291
450
60
959
698
714
187
57
647
762
62
917
328
712
869
449
694
301
603
261
819
611
689
527
357
721
397
617
681
748
723
878
583
864
913
993
392
787
638
40
749
523
201
440
254
344
534
143
789
909
374
793
155
543
643
996
651
459
833
411
795
767
711
530
976
242
831
842
938
427
862
406
673
209
448
172
857
435
21
588
332
918
46
746
945
93
417
952
457
699
208
202
535
510
765
716
364
99
331
552
648
5
539
506
381
119
515
118
44
216
802
507
210
134
115
295
744
6
52
399
402
316
635
31
551
289
367
601
309
656
11
830
812
513
906
563
333
693
657
889
573
403
668
875
604
171
955
360
815
395
616
76
471
94
388
841
394
576
660
735
380
378
649
919
516
97
39
751
278
570
416
695
458
454
825
908
481
754
92
876
163
500
894
306
907
544
632
135
362
455
678
478
592
615
280
292
582
351
760
90
142
641
47
581
441
622
499
776
80
631
224
824
141
518
32
975
521
271
729
473
372
283
477
23
538
54
9
672
612
337
548
901
630
558
640
480
81
561
98
691
620
979
759
15
596
20
702
237
85
501
176
8
409
753
992
811
777
769
180
352
623
185
264
823
807
713
168
797
978
43
77
865
442
206
100
717
493
356
298
733
370
684
460
540
384
613
987
806
16
784
701
252
38
373
232
17
547
255
269
687
832
788
53
153
814
463
257
200
498
462
421
4
637
800
579
148
213
858
974
942
247
279
484
18
937
685
852
667
275
105
169
341
101
764
391
197
149
178
179
297
586
671
731
314
108
962
131
66
45
980
238
398
997
963
968
423
50
302
424
167
412
203
13
988
999
792
828
222
496
79
410
495
227
482
133
58
235
282
928
541
675
848
929
426
628
849
24
286
682
669
323
30
312
161
829
114
485
954
56
924
236
835
273
799
83
867
25
345
59
253
84
191
934
674
692
96
414
634
624
259
489
970
879
22
158
72
710
377
877
985
891
474
885
75
532
866
1001
804
536
418
419
781
727
248
920
207
268
469
429
882
89
636
663
183
916
511
840
571
642
903
610
936
194
151
948
961
444
522
120
870
217
953
881
245
491
470
892
715
199
977
431
650
186
816
2
305
188
593
553
984
74
111
129
425
166
192
785
475
439
502
437
639
408
932
801
41
790
315
555
528
686
946
363
550
868
786
322
654
912
770
598
262
12
584
756
28
619
14
969
905
950
537
276
164
73
941
317
888
590
303
272
958
587
854
123
504
606
986
609
803
982
732
595
995
34
602
147
822
310
771
181
846
743
738
750
326
813
219
944
989
745
353
951
981
343
508
150
621
215
230
940
680
117
796
542
65
709
820
565
359
277
531
116
383
517
110
19
585
487
690
127
170
960
329
146
37
389
700
125
949
971
270
577
428
851
514
683
844
249
560
82
233
461
144
625
983
465
189
122
856
154
791
358
886
104
243
420
497
396
653
258
400
349
805
113
935
156
890
274
-1
EOF
