NAME : sim251.156967.tour
COMMENT : Length = 156967
COMMENT : Found by LKH [Keld Helsgaun] Tue Sep 11 17:28:14 2018
TYPE : TOUR
DIMENSION : 251
TOUR_SECTION
1
80
199
21
104
247
10
218
122
237
27
186
166
28
59
177
120
149
19
90
154
144
164
225
171
114
44
91
236
213
232
216
150
194
210
40
231
119
178
240
175
102
245
6
151
50
183
207
107
135
219
136
142
229
38
29
205
124
14
45
35
187
204
89
134
185
26
32
96
24
228
239
92
88
206
13
17
145
215
43
100
4
235
2
76
208
212
179
170
109
131
196
188
9
202
174
82
238
64
47
157
148
57
106
143
173
94
243
105
201
11
127
115
230
22
49
99
16
71
61
121
108
191
133
250
197
211
147
55
242
30
217
130
168
86
141
163
224
5
36
53
87
160
203
83
181
241
176
169
52
118
98
60
167
249
84
129
31
111
161
101
132
81
200
110
128
23
158
63
220
48
85
184
214
117
79
180
246
153
66
73
146
189
233
3
77
251
222
74
42
125
72
165
37
93
7
140
8
18
182
172
78
244
97
15
62
192
137
159
25
39
152
190
46
198
139
54
155
68
56
20
95
248
75
113
138
65
193
123
12
34
223
41
126
234
112
69
162
67
209
116
227
221
33
156
51
70
103
58
226
195
-1
EOF
