NAME : sim1001.308156.tour
COMMENT : Length = 308156
COMMENT : Found by LKH [Keld Helsgaun] Tue Sep 11 02:55:04 2018
TYPE : TOUR
DIMENSION : 1001
TOUR_SECTION
1
792
157
761
804
746
484
928
143
515
231
839
575
406
5
958
501
111
430
422
494
247
745
410
850
298
676
942
801
879
118
78
699
635
220
514
67
462
708
477
465
980
456
788
168
633
885
655
398
491
602
6
608
39
913
213
852
238
838
177
987
829
684
936
672
196
821
737
445
909
983
2
364
919
433
523
658
690
408
347
293
339
335
795
70
875
344
812
243
285
923
376
244
382
358
678
947
310
438
44
698
222
543
783
381
973
152
951
404
397
355
166
43
545
151
286
841
585
332
937
255
219
964
280
631
302
994
33
184
505
479
253
988
306
473
205
639
978
324
807
412
834
518
906
487
755
811
446
640
387
872
643
563
833
818
259
323
911
9
705
415
57
667
592
622
95
675
214
466
17
25
63
753
38
352
331
883
922
574
948
552
99
784
797
981
992
996
267
49
474
507
216
562
426
759
432
932
663
969
799
830
832
59
84
262
820
813
68
588
644
532
938
482
413
727
47
712
368
133
175
416
539
122
828
461
982
411
648
472
130
314
724
825
604
156
470
401
40
499
1001
929
349
385
873
728
848
551
435
547
528
886
270
190
260
174
109
37
489
346
800
779
237
946
374
138
860
786
696
777
642
629
76
380
776
768
4
250
573
721
141
8
504
30
149
287
171
546
966
921
115
739
223
121
444
941
20
686
326
985
41
318
979
968
258
79
659
274
822
460
189
467
468
521
232
311
693
148
859
646
817
826
957
553
45
203
890
717
896
34
747
420
949
160
92
503
197
13
55
391
303
419
688
424
858
463
312
726
471
353
86
403
715
236
520
509
10
22
891
901
660
199
955
273
414
343
73
710
64
137
956
930
125
188
342
256
803
252
36
485
21
297
516
555
844
193
42
943
91
129
782
554
94
619
702
371
541
974
918
752
321
155
935
578
863
383
529
990
884
959
630
991
359
271
394
393
56
96
254
294
723
372
718
278
567
108
513
7
610
245
437
423
110
519
570
16
161
767
289
508
878
568
15
327
589
85
215
611
810
87
208
162
113
824
963
711
632
742
668
997
98
652
179
120
180
802
775
493
348
730
673
277
925
158
496
577
107
855
960
744
389
785
367
586
102
309
425
296
409
952
201
363
596
534
716
871
23
357
116
707
202
182
290
995
268
443
628
787
733
388
805
264
1000
626
128
101
169
845
931
315
191
697
827
732
861
894
233
234
106
230
434
176
354
400
263
322
131
492
194
195
66
620
769
781
295
666
31
887
843
917
893
680
480
53
48
734
720
606
603
350
511
495
607
695
24
377
661
187
275
582
375
266
3
142
320
621
902
105
170
641
760
962
915
395
536
798
334
441
81
870
544
823
557
772
257
32
796
961
700
914
165
674
750
790
288
450
18
498
748
428
636
564
104
736
998
269
178
366
877
851
301
819
729
867
692
609
876
386
681
340
200
69
927
379
594
920
595
618
735
953
248
442
849
954
653
587
559
145
984
598
135
615
765
907
272
591
390
889
276
192
136
439
292
140
549
853
147
198
123
159
172
654
840
560
97
502
590
808
665
522
738
421
313
965
794
451
457
360
384
806
993
60
743
809
356
614
836
967
580
989
74
103
691
892
709
583
835
114
763
627
617
864
561
284
780
645
677
535
35
88
308
54
671
282
14
71
683
540
741
240
62
447
351
299
448
469
912
417
526
789
866
319
29
814
431
225
300
898
685
687
488
506
531
581
117
75
186
459
329
634
50
597
307
46
874
757
235
500
345
119
933
517
530
704
537
279
392
842
399
452
647
369
986
440
89
330
576
27
373
72
701
623
571
524
77
924
703
227
616
847
854
774
93
624
651
291
706
512
12
882
211
525
58
112
791
558
694
593
857
756
905
370
764
656
429
613
869
771
328
908
224
183
637
396
206
150
134
939
971
762
714
682
146
486
19
239
80
209
449
605
229
132
261
154
436
218
719
601
793
975
689
163
625
856
758
26
510
679
173
542
725
226
241
317
497
249
670
228
144
815
65
638
897
204
770
862
478
599
556
378
565
304
153
481
816
548
926
316
550
341
846
664
754
669
579
212
167
127
402
124
662
251
338
904
538
972
569
455
458
881
100
476
766
740
126
865
61
934
584
82
778
999
566
453
11
888
837
527
83
51
751
52
657
731
945
950
210
221
365
281
976
600
940
90
572
217
283
649
246
337
427
722
650
900
533
977
916
868
903
418
325
361
944
713
475
773
612
265
185
970
336
899
454
181
139
242
910
362
407
164
207
333
405
880
305
749
490
28
464
895
483
831
-1
EOF
