NAME : sim251.158344.tour
COMMENT : Length = 158344
COMMENT : Found by LKH [Keld Helsgaun] Tue Sep 11 17:04:25 2018
TYPE : TOUR
DIMENSION : 251
TOUR_SECTION
1
192
116
231
236
205
60
93
75
19
212
149
3
13
45
248
63
162
76
43
175
138
183
6
141
111
190
59
4
163
128
150
99
157
225
62
36
168
186
228
246
173
129
109
154
189
247
135
31
241
22
100
153
94
57
196
142
188
126
87
219
203
119
58
17
237
235
23
201
226
51
121
159
64
191
251
29
114
90
33
210
5
66
137
166
54
144
74
56
49
21
104
133
198
164
156
120
249
169
125
127
47
152
170
86
10
70
238
155
67
216
30
242
179
223
171
71
103
35
53
2
177
25
199
68
34
14
32
16
208
239
55
181
101
218
140
178
148
102
97
77
145
18
209
167
130
132
117
147
146
172
124
11
187
165
92
112
207
118
250
7
28
206
88
160
211
180
214
204
182
136
227
61
217
78
161
197
213
91
122
80
38
84
26
202
20
37
232
50
42
108
83
15
9
185
234
82
193
72
194
174
139
85
200
79
221
115
113
176
105
24
65
98
222
158
39
151
224
184
95
215
123
69
41
243
8
134
110
195
240
106
143
89
52
96
245
46
107
233
40
244
81
131
220
230
27
12
73
48
44
229
-1
EOF
