NAME : sim501.217892.tour
COMMENT : Length = 217892
COMMENT : Found by LKH [Keld Helsgaun] Mon Sep 10 22:27:15 2018
TYPE : TOUR
DIMENSION : 501
TOUR_SECTION
1
169
446
489
24
430
366
194
390
75
34
243
110
177
64
167
216
52
59
135
233
217
420
109
418
86
242
196
42
304
393
350
157
118
25
100
133
317
127
39
176
163
474
53
275
19
315
253
492
267
308
401
468
384
495
282
471
287
413
221
180
71
313
189
162
184
338
14
174
409
292
154
203
310
103
316
136
187
470
300
250
160
293
33
339
132
186
455
258
222
256
284
248
332
104
469
155
166
485
49
484
164
156
179
193
141
309
371
227
84
219
112
336
395
202
138
353
181
98
231
38
12
331
419
16
99
247
269
261
343
498
238
7
399
212
290
280
37
65
265
434
398
249
72
408
347
406
499
379
380
18
376
246
294
13
128
299
490
240
200
307
36
439
230
139
252
66
345
381
111
473
312
210
283
305
237
323
113
334
281
5
35
394
54
412
289
367
402
373
501
151
107
318
236
335
22
433
215
410
80
400
117
479
191
341
82
102
197
234
288
364
94
225
322
273
326
226
46
388
150
482
31
29
172
125
2
245
214
476
15
195
415
41
173
500
328
32
354
425
447
436
45
81
60
472
206
297
126
496
397
220
416
422
79
209
120
329
20
477
96
342
95
213
140
4
396
268
78
285
337
372
148
147
146
441
442
235
218
119
108
91
51
58
134
262
437
130
153
301
286
494
303
228
207
478
137
404
47
475
360
123
67
161
488
159
73
257
171
114
182
211
374
43
382
92
465
205
26
451
264
487
124
199
363
152
480
266
368
386
493
486
27
369
165
168
407
349
456
259
239
355
426
417
198
185
321
311
115
276
452
129
10
279
449
11
263
457
76
356
144
224
405
357
461
106
428
8
77
320
17
362
74
170
340
223
314
188
392
467
481
427
208
204
431
458
50
491
85
444
387
232
459
62
352
421
105
149
298
306
158
88
460
330
344
464
56
414
445
3
296
229
48
270
448
424
375
497
385
23
365
351
348
346
319
101
325
403
143
142
63
122
333
463
291
175
370
454
21
435
116
254
69
462
411
277
70
429
483
251
83
377
244
6
89
9
359
295
327
383
30
438
274
87
57
93
272
40
302
440
61
145
378
192
121
68
178
450
453
28
423
241
183
278
201
271
391
97
324
389
432
55
190
466
44
90
255
443
131
358
260
361
-1
EOF
