NAME : sim141.122748.tour
COMMENT : Length = 122748
COMMENT : Found by LKH [Keld Helsgaun] Sun Sep 16 07:33:47 2018
TYPE : TOUR
DIMENSION : 141
TOUR_SECTION
1
4
11
58
75
12
55
135
67
121
95
123
57
21
118
136
110
133
111
79
74
78
33
99
36
138
134
5
88
73
139
112
85
19
42
35
9
53
51
28
140
20
24
137
8
18
43
114
125
45
71
3
46
61
13
68
22
96
132
27
105
100
23
2
120
106
92
81
25
41
40
89
26
124
7
31
93
17
101
104
56
34
52
37
66
60
32
98
115
16
82
50
64
130
47
59
113
14
97
102
15
54
38
63
116
126
91
108
109
62
131
127
83
128
29
49
119
103
44
65
77
10
122
141
48
39
72
87
129
30
6
86
76
117
80
90
107
70
94
69
84
-1
EOF
