NAME : sim251.155722.tour
COMMENT : Length = 155722
COMMENT : Found by LKH [Keld Helsgaun] Wed Aug 29 09:07:33 2018
TYPE : TOUR
DIMENSION : 251
TOUR_SECTION
1
93
244
78
11
136
65
74
245
240
14
34
146
79
45
217
3
155
23
135
160
26
142
67
197
17
143
38
202
248
56
15
8
126
233
203
215
156
16
196
68
111
98
232
122
20
62
40
105
235
204
85
161
120
90
133
149
84
223
54
214
171
41
61
119
21
116
123
51
200
226
25
83
199
163
157
114
86
49
208
113
80
128
154
32
247
212
201
243
188
48
64
148
9
4
89
169
198
179
159
33
39
50
164
225
27
191
57
177
127
71
121
231
5
139
153
44
195
210
96
92
150
137
145
134
236
43
167
59
110
70
47
141
132
58
158
19
2
162
6
104
178
238
107
76
246
109
180
224
222
227
37
184
106
63
69
95
115
18
213
192
176
182
60
117
35
118
172
144
87
124
219
239
173
175
24
170
29
72
97
100
28
168
22
147
31
42
151
190
10
66
216
82
174
241
138
99
193
221
251
242
52
7
230
189
77
103
249
129
131
101
108
75
206
112
185
194
165
234
250
125
207
220
237
205
209
88
218
30
91
53
152
12
13
46
130
55
166
187
183
229
94
36
81
73
211
181
186
228
102
140
-1
EOF
