NAME : sim251.157930.tour
COMMENT : Length = 157930
COMMENT : Found by LKH [Keld Helsgaun] Tue Sep 11 17:07:17 2018
TYPE : TOUR
DIMENSION : 251
TOUR_SECTION
1
87
65
35
38
36
242
200
162
40
160
111
11
79
112
61
220
209
77
18
227
84
97
166
14
131
98
45
73
124
106
243
56
52
94
216
16
8
224
69
44
28
49
165
6
102
95
125
130
203
236
205
129
217
82
30
248
210
187
121
118
83
114
90
159
62
103
134
117
214
101
120
5
251
207
70
199
63
133
208
75
13
186
43
17
26
233
184
137
33
247
109
29
91
239
9
76
241
135
144
230
163
221
42
226
57
119
127
34
31
170
212
232
179
190
58
93
191
47
194
19
174
80
146
250
204
37
156
197
22
150
46
10
53
172
157
145
223
142
222
202
85
50
71
182
219
67
89
78
3
181
126
88
100
136
72
21
105
225
169
201
39
218
195
15
54
249
24
196
2
188
123
107
64
158
246
206
164
237
74
115
178
235
128
155
113
175
60
86
96
193
55
25
180
213
183
161
185
176
238
12
20
215
229
143
81
66
245
141
92
152
244
132
149
99
104
122
192
173
108
110
41
167
168
139
32
153
231
7
211
23
198
27
228
48
116
51
140
4
147
59
148
138
151
171
177
234
240
154
68
189
-1
EOF
