NAME : sim251.155885.tour
COMMENT : Length = 155885
COMMENT : Found by LKH [Keld Helsgaun] Wed Aug 29 09:51:49 2018
TYPE : TOUR
DIMENSION : 251
TOUR_SECTION
1
127
209
47
97
165
28
112
139
91
235
71
221
7
8
13
68
85
222
243
187
183
46
26
94
226
241
98
192
184
6
134
114
229
212
176
246
160
113
102
22
205
99
219
162
132
64
42
144
107
175
75
44
211
58
52
3
104
137
147
48
67
106
108
83
16
14
227
204
180
232
9
66
5
244
142
220
2
86
27
185
109
170
231
39
77
163
20
240
177
128
72
172
35
80
116
150
45
182
189
213
100
110
96
54
242
179
43
122
74
157
171
161
119
164
203
249
38
51
247
156
224
230
140
55
131
10
208
210
12
202
133
237
41
69
120
225
178
126
37
194
159
101
103
250
17
201
88
63
123
191
56
251
136
78
21
245
31
50
166
124
218
129
4
207
30
236
82
34
29
181
233
57
87
130
118
188
234
92
33
169
65
115
36
70
223
15
215
23
89
60
84
40
199
149
32
167
19
73
138
198
158
168
248
152
61
196
197
195
214
155
228
190
59
217
90
238
18
111
200
76
216
25
186
135
239
81
193
154
145
49
151
121
62
95
79
173
206
105
93
143
11
174
53
141
117
24
125
153
146
148
-1
EOF
