NAME : sim501.218275.tour
COMMENT : Length = 218275
COMMENT : Found by LKH [Keld Helsgaun] Mon Sep 10 21:51:04 2018
TYPE : TOUR
DIMENSION : 501
TOUR_SECTION
1
201
63
219
377
428
442
76
304
122
41
9
316
80
366
110
312
492
18
432
395
353
313
440
192
69
22
327
231
435
409
179
71
90
392
239
391
53
455
176
16
305
467
125
34
234
75
265
97
118
475
62
64
78
284
365
84
99
425
4
208
361
375
154
247
67
250
198
324
182
33
130
5
197
338
30
323
384
248
171
277
342
471
465
351
368
104
240
140
292
3
385
288
107
387
77
183
394
434
489
460
235
255
160
237
223
464
35
408
38
287
497
205
399
127
60
264
166
415
278
333
416
354
436
355
306
466
132
210
487
349
42
232
280
24
194
258
2
501
120
439
341
430
17
473
153
496
168
73
405
328
47
113
260
452
147
21
186
457
151
307
263
498
7
257
48
95
298
388
289
343
6
152
68
191
112
170
437
414
270
222
472
158
101
282
281
88
446
243
128
43
58
445
214
8
143
376
444
491
45
302
346
369
303
49
117
203
96
412
25
86
431
89
495
174
329
390
11
320
449
242
311
470
124
261
441
401
184
359
178
82
340
20
103
102
100
26
462
126
295
315
32
150
310
447
141
456
109
396
199
410
482
461
422
15
115
212
276
429
215
251
230
380
144
167
271
70
469
225
332
245
83
177
46
139
339
61
91
347
136
262
175
322
12
301
54
398
352
372
389
72
321
448
326
111
169
244
196
358
56
181
137
79
468
286
463
145
221
236
146
283
189
299
27
93
31
296
121
114
259
241
193
488
350
98
164
106
36
374
485
161
249
10
204
459
108
370
381
228
253
40
149
135
39
57
274
386
256
362
226
188
403
393
185
148
133
50
477
229
142
224
266
220
13
335
92
499
209
44
285
246
336
129
252
427
217
330
363
180
484
356
348
418
400
379
309
290
156
52
37
87
254
267
314
478
207
14
345
417
382
407
190
200
19
360
300
451
275
227
424
378
85
367
423
74
157
420
325
450
294
65
308
297
66
268
138
458
438
479
483
443
419
105
421
279
213
195
406
411
116
331
453
490
317
218
413
344
29
433
94
493
337
373
202
216
123
397
273
494
364
233
206
172
163
28
481
404
119
474
500
269
486
165
334
159
476
291
162
357
211
272
59
426
51
402
55
131
371
23
187
134
318
155
293
173
454
383
81
238
319
480
-1
EOF
