NAME : sim501.219206.tour
COMMENT : Length = 219206
COMMENT : Found by LKH [Keld Helsgaun] Fri Aug 31 10:55:11 2018
TYPE : TOUR
DIMENSION : 501
TOUR_SECTION
1
208
449
215
89
172
323
286
253
336
359
343
17
220
86
32
270
160
389
97
434
302
387
305
314
291
197
385
196
225
486
39
183
392
337
83
407
139
327
413
222
35
147
325
200
115
177
96
274
295
307
141
271
405
263
218
445
130
179
126
169
481
457
16
283
43
268
100
125
152
174
128
397
492
203
28
175
101
430
4
409
80
61
257
301
56
368
396
388
487
438
103
74
245
243
431
459
12
358
383
9
354
399
44
320
394
78
426
490
493
8
439
498
127
470
238
164
400
117
71
391
186
304
250
144
499
370
157
476
193
134
209
454
429
447
23
461
467
133
19
412
129
477
455
163
306
473
81
206
265
213
92
187
190
229
328
173
360
113
418
432
340
422
312
109
251
437
362
52
352
296
10
433
497
346
443
102
137
77
369
145
501
294
166
475
124
153
34
239
68
53
227
382
210
311
22
27
194
242
363
7
318
235
60
110
122
148
255
258
468
240
55
329
108
376
380
84
20
483
31
90
231
185
435
156
339
119
310
350
425
489
142
38
65
132
299
254
334
402
207
21
456
11
181
123
192
416
272
482
495
146
171
398
280
469
46
246
76
375
494
278
462
378
64
252
59
138
241
36
458
466
331
178
131
228
393
205
149
403
348
288
49
155
57
224
232
198
176
189
474
165
309
465
471
104
341
404
247
143
256
419
484
421
414
159
170
95
116
18
367
162
319
260
298
344
356
333
342
212
135
335
136
30
237
3
244
366
315
338
87
150
249
114
427
58
33
273
140
221
230
390
264
313
98
355
324
374
112
105
347
332
48
349
180
24
184
67
292
276
217
479
41
223
94
107
485
111
75
428
446
345
85
464
93
82
386
351
269
275
216
364
151
40
233
26
121
289
73
450
226
219
202
365
262
463
191
406
381
266
293
204
70
303
496
284
201
410
373
448
321
99
281
63
488
106
372
13
440
279
236
361
326
54
211
423
424
453
442
15
120
45
2
379
300
408
297
234
277
420
182
290
118
267
154
14
472
377
401
417
261
6
282
436
42
287
168
161
5
357
91
259
285
167
25
37
195
66
308
478
188
248
353
395
460
322
411
69
451
62
29
79
452
47
51
330
158
384
480
317
371
415
214
500
50
88
72
316
441
199
491
444
-1
EOF
