NAME : sim321.178144.tour
COMMENT : Length = 178144
COMMENT : Found by LKH [Keld Helsgaun] Mon Sep 17 23:39:22 2018
TYPE : TOUR
DIMENSION : 321
TOUR_SECTION
1
51
216
256
33
123
117
195
229
213
198
149
205
129
184
279
174
246
35
236
56
40
150
248
47
98
303
217
118
112
93
294
141
186
281
65
142
10
208
124
297
38
29
85
318
234
226
147
20
146
176
201
24
283
6
321
242
262
314
107
209
238
30
308
312
126
58
257
97
218
320
9
151
263
219
203
84
170
289
2
189
130
199
273
223
110
293
59
309
75
25
292
181
261
259
96
166
11
202
300
269
271
125
49
122
179
18
27
74
233
265
295
131
87
53
106
244
120
119
16
39
4
41
62
109
23
204
222
144
182
116
133
255
310
5
249
105
215
172
19
145
264
81
46
274
140
66
276
200
161
60
101
221
232
111
319
95
73
115
173
134
104
191
7
243
3
82
100
91
192
315
76
50
164
143
99
237
212
17
230
135
102
22
69
296
79
197
287
207
15
94
156
88
157
77
154
214
63
254
12
165
180
220
231
282
268
103
92
178
89
108
148
138
252
155
211
121
239
162
266
187
90
72
241
43
304
132
169
34
26
270
64
306
42
284
277
177
55
48
307
225
175
152
113
171
45
28
159
311
52
286
316
193
57
290
68
291
83
305
137
31
275
158
260
136
228
196
78
8
250
317
267
61
71
313
167
188
288
258
128
301
67
54
210
163
139
185
280
37
247
240
160
194
253
44
14
153
206
127
36
190
298
114
80
285
302
227
278
235
272
168
251
13
245
70
299
183
86
32
21
224
-1
EOF
