NAME : sim251.152961.tour
COMMENT : Length = 152961
COMMENT : Found by LKH [Keld Helsgaun] Wed Aug 29 10:02:37 2018
TYPE : TOUR
DIMENSION : 251
TOUR_SECTION
1
58
101
234
227
2
107
223
203
126
116
82
76
39
235
59
6
177
202
43
27
238
161
195
7
135
88
155
108
179
32
172
14
200
136
178
72
197
16
86
5
30
145
96
215
22
246
232
61
124
228
66
85
236
28
191
79
114
115
81
220
77
152
205
181
237
160
37
217
188
65
189
38
224
45
56
111
18
245
54
210
102
166
176
150
139
122
112
248
130
229
15
78
21
186
156
146
90
204
40
3
9
218
120
225
231
73
53
193
216
67
44
129
174
154
199
180
118
250
13
71
164
143
213
241
247
219
19
162
148
92
100
125
11
185
12
80
206
8
182
117
233
243
244
211
97
24
48
75
55
109
17
93
153
127
226
89
240
74
121
222
163
83
34
36
91
49
23
41
134
221
98
138
105
192
51
165
190
159
119
29
242
4
35
57
167
63
64
60
128
131
142
214
194
184
69
70
20
198
33
95
26
168
230
170
113
151
42
46
209
10
249
239
196
110
132
140
68
104
94
133
158
251
187
47
201
149
169
212
175
52
123
208
141
87
106
84
171
173
207
157
183
144
50
62
137
25
147
103
31
99
-1
EOF
