NAME : sim701.258749.tour
COMMENT : Length = 258749
COMMENT : Found by LKH [Keld Helsgaun] Sun Sep 16 11:35:58 2018
TYPE : TOUR
DIMENSION : 701
TOUR_SECTION
1
227
291
568
388
41
162
187
653
50
596
176
508
92
371
591
231
345
412
180
25
452
349
344
230
267
107
641
681
142
411
446
35
588
463
667
684
75
302
80
466
639
582
674
255
397
158
543
545
443
272
701
42
546
586
317
241
328
17
31
16
470
659
51
258
60
216
166
689
234
204
676
348
120
193
288
199
389
90
135
507
118
634
529
525
254
280
434
398
46
503
219
342
461
484
369
381
111
528
262
229
576
12
226
575
218
577
287
21
23
152
437
177
148
404
122
480
675
600
510
126
127
250
290
651
89
465
13
184
652
336
251
297
486
182
278
264
117
515
224
225
333
67
4
656
233
202
523
222
45
3
505
457
301
541
394
98
96
540
514
346
138
692
351
124
606
321
377
633
498
91
191
502
274
188
275
203
240
323
37
281
583
217
300
524
71
357
83
640
693
517
316
552
615
392
373
209
172
298
691
431
38
173
125
2
174
567
347
129
368
483
238
159
654
636
647
131
313
133
444
428
14
440
343
558
685
518
61
627
682
205
589
271
116
340
473
329
700
84
396
556
362
458
574
334
432
668
455
81
626
526
492
587
284
519
296
688
261
15
269
322
605
268
32
573
595
678
687
49
85
282
699
260
153
590
179
27
76
384
253
103
139
421
532
585
491
603
88
504
248
265
257
337
622
495
55
207
482
121
97
20
119
632
285
356
197
698
326
123
602
325
386
210
352
353
277
7
365
441
642
661
561
607
146
565
213
293
36
310
361
33
439
673
447
44
379
563
522
190
259
542
64
534
500
631
34
670
424
113
646
286
48
512
141
611
304
493
295
559
454
350
194
501
200
468
571
104
115
407
598
140
169
341
497
612
570
195
228
469
154
638
242
132
319
658
94
666
572
309
236
270
201
324
410
78
580
548
358
513
551
390
597
18
531
10
215
471
58
594
547
416
538
533
490
331
472
623
562
417
167
318
569
28
537
697
550
401
79
671
54
378
68
157
557
380
422
19
467
223
456
56
677
481
648
553
442
485
24
566
451
279
620
273
375
695
171
414
402
214
429
102
101
599
69
249
650
143
448
30
39
11
506
9
315
245
360
53
93
680
87
112
499
246
312
314
374
110
479
383
628
307
165
294
489
387
420
266
151
150
426
433
305
252
425
100
372
665
581
276
26
450
535
662
616
308
168
608
584
247
405
311
453
237
554
244
144
393
544
664
160
370
299
175
403
303
601
579
464
8
185
527
694
406
22
610
183
263
430
494
208
239
161
578
63
683
363
367
130
643
669
186
427
232
178
415
629
106
679
649
516
624
220
330
147
625
359
114
660
476
99
149
292
655
419
283
511
108
696
339
40
488
487
637
82
530
77
70
657
630
520
235
509
618
335
382
327
306
181
59
5
408
320
366
74
86
438
462
109
474
163
206
136
47
449
686
614
72
496
690
221
189
57
137
156
564
52
521
645
391
418
73
621
155
43
256
62
395
477
536
609
65
355
196
560
376
170
399
105
400
423
435
134
95
478
549
413
613
555
592
593
672
364
409
128
243
663
539
635
619
460
644
436
164
332
192
289
29
212
459
66
211
617
6
338
145
354
198
604
445
385
475
-1
EOF
