NAME : sim701.258144.tour
COMMENT : Length = 258144
COMMENT : Found by LKH [Keld Helsgaun] Mon Sep 17 21:50:35 2018
TYPE : TOUR
DIMENSION : 701
TOUR_SECTION
1
53
161
361
108
307
85
609
651
82
446
478
277
289
454
176
121
643
614
353
439
184
647
576
675
62
594
564
123
477
234
544
38
80
31
676
404
659
511
409
505
425
479
452
371
471
2
326
98
572
354
324
640
553
16
426
482
26
243
99
130
151
271
145
81
249
314
360
122
202
49
79
96
18
321
46
560
196
558
636
20
148
137
536
319
480
679
567
394
6
509
186
68
221
698
680
200
239
340
164
244
581
701
683
279
550
667
670
302
251
134
669
468
692
242
666
339
633
460
177
165
325
362
463
606
430
9
408
490
220
574
621
356
494
143
427
201
641
654
47
604
32
444
345
663
322
495
661
129
285
689
377
100
629
535
486
525
320
627
131
51
617
546
37
163
442
672
600
174
458
291
481
84
381
24
104
178
103
632
400
293
620
611
554
615
215
88
253
297
440
529
169
241
517
607
637
329
77
152
476
236
552
428
407
274
591
256
433
205
33
483
402
250
385
139
71
599
610
441
530
54
228
421
338
418
579
365
74
379
469
559
230
551
211
247
341
523
35
4
69
625
373
303
368
384
276
245
3
374
67
673
287
304
598
684
119
695
198
109
11
212
219
50
406
13
396
465
144
383
248
390
664
405
237
540
401
86
685
593
518
665
391
315
55
566
97
267
259
159
682
449
645
146
39
451
258
435
411
216
203
364
52
488
91
348
691
392
366
516
64
420
70
138
113
206
506
492
36
296
246
455
257
387
577
150
87
504
612
431
562
280
90
232
648
586
555
43
472
73
624
72
10
503
332
75
225
657
450
263
485
496
658
171
231
252
261
668
78
107
175
344
662
547
214
255
128
351
157
180
583
403
473
222
699
571
133
372
286
172
268
538
102
29
327
623
697
282
294
199
21
158
223
393
125
537
105
549
584
357
240
363
630
288
235
59
217
568
596
136
447
467
423
453
66
519
312
628
436
106
429
580
413
502
417
254
120
313
541
367
135
316
191
602
273
290
655
464
631
432
359
118
693
582
671
93
355
626
95
15
5
264
213
438
681
335
470
527
301
445
639
210
183
330
603
8
493
542
415
229
690
342
333
318
238
306
25
514
466
605
112
292
539
284
457
687
515
635
323
63
193
140
499
656
474
459
173
41
45
700
634
498
448
299
649
305
317
556
548
585
688
399
386
545
162
149
209
487
526
181
513
424
590
233
456
388
521
166
117
622
48
309
461
358
278
533
197
534
226
569
462
281
115
346
170
422
660
227
89
111
60
7
561
578
110
410
57
557
65
12
375
154
141
270
266
23
532
30
378
295
589
416
27
686
694
167
283
650
652
192
179
489
28
437
653
608
334
168
207
92
696
522
491
300
395
185
56
155
595
42
127
61
187
570
380
512
17
343
678
336
195
524
204
369
44
434
101
618
40
500
126
575
224
646
147
601
58
638
349
644
352
389
208
382
563
397
588
412
619
376
218
613
414
507
510
194
398
508
83
188
19
587
298
308
531
260
328
674
269
275
265
501
132
272
189
22
311
114
347
153
34
484
443
370
528
262
190
182
142
116
497
350
156
337
331
592
160
565
94
124
419
573
14
475
616
520
597
310
642
677
543
76
-1
EOF
