NAME : sim251.154771.tour
COMMENT : Length = 154771
COMMENT : Found by LKH [Keld Helsgaun] Wed Aug 29 10:11:00 2018
TYPE : TOUR
DIMENSION : 251
TOUR_SECTION
1
36
106
241
52
170
189
74
49
132
223
54
188
214
64
163
186
86
150
89
167
70
204
61
166
231
96
245
236
104
145
183
125
17
247
92
227
93
128
127
66
173
138
102
8
85
114
24
51
53
117
190
224
177
159
243
191
73
103
222
210
185
225
218
197
65
5
195
81
67
97
33
242
28
202
62
165
234
90
58
68
83
88
203
196
57
153
87
27
211
238
9
18
40
56
175
26
107
118
71
208
251
182
249
181
32
50
219
244
105
4
157
205
140
42
129
168
115
38
124
19
13
100
21
142
35
139
209
198
171
123
155
84
55
215
137
14
10
46
37
213
230
47
122
72
152
184
135
20
158
237
126
239
201
178
34
220
151
136
77
176
120
161
149
11
148
44
187
29
200
69
76
110
48
91
45
147
164
95
240
212
12
154
162
121
7
99
3
134
2
233
232
25
172
80
206
30
108
23
6
246
228
116
63
248
39
235
101
111
144
143
221
216
82
113
59
141
75
217
146
169
131
207
180
78
199
192
22
79
194
160
229
193
15
179
174
119
133
98
109
130
41
60
226
156
112
43
31
250
16
94
-1
EOF
