NAME : sim501.215740.tour
COMMENT : Length = 215740
COMMENT : Found by LKH [Keld Helsgaun] Mon Sep 10 21:37:42 2018
TYPE : TOUR
DIMENSION : 501
TOUR_SECTION
1
160
256
61
432
410
193
151
274
340
496
49
113
34
218
194
291
448
47
415
286
172
171
17
29
12
30
94
32
156
62
485
51
116
73
263
292
86
491
234
191
8
14
489
152
109
326
455
421
39
390
69
145
146
236
167
11
141
357
418
264
374
422
460
52
447
380
214
329
226
317
6
344
501
277
23
97
280
112
245
124
452
457
54
222
132
96
55
373
467
494
38
9
431
104
247
106
149
77
95
232
91
74
118
215
407
402
356
110
444
386
243
88
18
366
425
456
437
68
262
107
90
323
466
471
318
480
281
103
254
13
200
127
498
93
488
414
100
268
71
378
310
342
175
65
28
461
295
327
487
190
441
130
271
419
333
427
2
159
176
150
210
474
20
450
208
269
128
58
492
278
183
309
321
211
324
388
430
299
337
231
173
486
381
332
290
40
285
315
202
391
244
180
416
458
139
188
442
316
435
311
387
325
479
126
135
43
426
297
115
209
334
92
64
76
449
142
481
298
459
413
362
376
129
59
272
87
283
206
338
143
148
363
131
351
230
438
493
490
170
355
223
417
302
312
157
436
161
241
16
397
250
249
420
404
293
368
473
169
33
251
284
50
227
372
155
270
353
41
154
289
347
412
162
85
303
475
375
246
305
345
178
313
306
229
470
45
5
453
136
189
257
63
483
70
405
484
66
3
120
336
482
235
465
81
349
343
439
213
348
108
476
7
409
140
184
464
98
367
328
428
319
252
21
138
212
335
48
57
365
217
314
265
469
301
242
205
137
177
101
304
352
36
114
72
187
82
204
237
24
382
354
478
80
440
196
44
158
468
276
359
46
384
102
406
207
84
78
379
255
279
499
253
168
186
121
308
123
239
341
89
445
392
233
56
300
260
199
181
287
195
22
10
119
454
364
393
111
122
258
443
147
53
495
451
174
220
383
446
117
228
361
385
60
201
134
267
497
224
79
463
153
411
360
219
273
350
198
396
339
261
399
408
296
395
371
37
275
472
35
369
320
477
346
500
133
25
401
192
434
240
26
179
389
221
248
400
307
433
330
4
358
99
182
216
294
424
105
27
423
165
166
164
83
185
331
144
75
42
31
197
322
163
394
259
370
266
19
125
288
377
203
15
225
282
429
67
238
462
403
398
-1
EOF
