NAME : sim501.218394.tour
COMMENT : Length = 218394
COMMENT : Found by LKH [Keld Helsgaun] Tue Sep 11 00:13:44 2018
TYPE : TOUR
DIMENSION : 501
TOUR_SECTION
1
163
471
299
75
446
204
444
202
241
402
210
159
224
78
481
211
265
191
496
344
287
195
237
198
394
409
259
15
498
80
201
321
102
26
229
24
436
70
468
232
5
298
363
418
280
314
283
485
276
140
98
373
405
240
185
31
328
126
8
27
303
104
39
308
336
425
478
456
205
256
203
348
179
77
304
91
356
326
219
66
25
392
236
415
397
352
320
14
43
34
453
451
420
381
227
354
341
68
428
177
97
228
131
184
369
146
375
160
84
23
118
342
264
263
105
422
408
38
300
206
74
233
497
186
403
81
372
335
138
215
142
212
147
389
324
158
30
312
54
385
21
391
239
461
355
11
65
249
462
3
225
305
386
467
267
362
419
72
92
192
130
325
235
416
222
148
193
246
151
100
93
431
396
330
166
455
361
7
430
258
18
218
59
162
316
479
401
45
482
291
350
319
424
2
284
41
56
244
150
442
477
433
493
257
475
434
64
9
441
44
315
32
220
272
329
144
297
306
413
445
90
67
164
404
116
243
338
216
168
108
40
114
245
199
407
155
141
285
465
253
86
182
137
358
486
13
450
234
266
307
470
270
487
289
357
180
426
292
464
197
417
209
136
175
333
271
36
57
261
99
188
371
50
368
384
340
187
120
250
322
190
251
156
286
323
400
37
290
327
277
489
157
63
133
435
387
438
173
94
17
274
349
207
124
484
367
69
337
143
260
395
317
437
107
95
171
472
35
83
174
476
273
282
183
318
254
109
208
302
365
423
145
332
412
252
111
194
89
51
221
176
491
334
73
113
189
466
279
12
440
457
112
378
61
106
223
473
165
474
28
139
46
347
172
432
49
82
230
449
6
22
242
121
16
490
366
53
448
42
345
427
439
495
71
181
123
79
390
281
310
410
101
421
226
293
217
231
469
127
499
129
58
196
248
87
447
351
429
388
454
399
331
115
214
480
153
161
55
134
459
313
311
483
294
170
275
128
76
200
122
152
377
125
10
19
494
374
346
213
110
380
296
167
376
47
268
343
414
132
20
169
370
488
301
500
359
96
458
339
406
278
463
238
379
48
443
117
411
178
135
501
492
393
29
364
60
288
360
103
149
398
460
309
85
88
154
382
295
262
383
255
269
119
33
353
4
452
52
62
247
-1
EOF
