NAME : sim1001.307625.tour
COMMENT : Length = 307625
COMMENT : Found by LKH [Keld Helsgaun] Tue Sep 11 03:31:10 2018
TYPE : TOUR
DIMENSION : 1001
TOUR_SECTION
1
88
234
559
851
410
353
631
983
204
110
327
628
376
733
225
251
352
494
30
553
959
35
4
623
824
43
245
480
736
128
258
89
115
680
289
380
784
994
502
36
514
151
632
58
111
459
886
307
168
930
575
341
112
916
648
904
917
783
223
441
811
313
339
134
345
635
915
669
795
749
752
61
747
928
507
153
386
602
303
690
206
177
619
87
679
605
105
714
437
121
220
687
527
207
510
133
583
358
95
199
279
571
828
433
629
905
170
155
924
73
156
765
421
281
360
66
516
708
461
401
183
484
476
385
932
512
446
203
897
381
51
940
503
229
159
405
493
247
701
304
10
273
211
197
561
568
109
497
146
707
420
884
505
874
423
285
569
463
799
539
922
969
960
180
911
974
267
839
479
548
876
426
513
991
565
483
395
655
695
987
157
445
509
627
717
488
489
16
117
650
317
424
407
834
545
114
384
333
31
718
698
769
671
425
269
577
93
63
394
693
221
589
490
797
633
499
923
364
20
992
751
356
1001
878
664
145
934
893
979
375
299
856
866
240
580
600
325
466
703
773
300
283
566
277
794
684
792
90
819
11
976
945
807
875
581
550
340
419
311
328
885
692
373
746
713
929
727
604
546
870
141
346
788
927
766
210
265
763
685
396
663
564
869
192
455
738
840
430
656
864
805
122
351
13
562
613
142
658
554
560
485
760
82
252
343
699
732
844
6
601
104
400
585
831
818
899
136
528
34
50
720
149
41
457
214
257
637
673
903
780
237
236
721
726
471
740
935
694
558
167
1000
682
785
937
541
914
474
973
475
725
131
79
166
951
836
536
949
537
810
213
275
9
579
910
209
735
96
743
233
428
677
879
867
239
261
848
501
737
901
873
226
675
460
456
222
19
362
106
646
520
534
32
712
877
462
972
432
78
44
62
909
715
306
271
861
264
75
231
230
48
414
338
102
389
33
272
439
55
643
781
418
318
532
282
202
40
468
216
852
611
523
570
853
487
887
74
775
417
977
450
630
847
280
519
689
178
961
722
188
429
676
23
863
943
393
975
800
862
782
349
164
842
179
465
7
322
107
931
651
767
958
392
85
980
363
293
305
56
644
597
517
768
549
745
533
243
815
592
771
172
218
995
723
696
42
697
757
412
398
543
411
849
330
190
201
286
615
453
596
334
160
70
688
555
84
2
809
804
123
610
49
777
481
504
382
764
936
750
26
312
787
248
850
154
409
741
361
661
52
21
448
538
224
997
595
219
228
378
616
759
276
709
823
336
284
954
880
15
939
399
185
889
288
919
8
143
297
139
77
686
704
443
355
813
302
638
963
668
967
454
447
129
607
574
665
369
666
435
72
482
108
584
350
563
152
552
473
962
622
270
657
262
774
660
458
444
119
826
525
492
359
181
54
970
944
908
38
620
148
274
846
498
808
452
370
46
344
891
406
902
64
402
408
822
872
316
606
486
947
825
838
184
978
367
101
913
833
175
522
544
724
758
53
900
296
572
772
933
436
670
169
762
706
761
451
68
186
291
837
374
388
793
888
298
567
174
551
413
691
649
438
377
254
324
832
5
683
422
612
705
734
39
387
894
144
242
898
253
964
65
130
59
91
45
982
12
700
176
464
830
320
342
259
776
531
268
626
217
742
871
779
557
193
28
309
3
881
659
116
920
860
416
756
573
442
614
508
194
431
477
985
829
147
189
681
57
672
926
83
789
641
255
645
938
332
529
357
113
22
674
952
986
729
730
999
716
753
208
653
748
415
990
511
535
467
310
69
127
329
368
989
205
921
814
390
744
182
678
798
827
957
942
710
326
496
92
857
988
946
599
530
801
161
806
803
124
335
835
150
895
135
403
770
365
98
518
250
868
25
37
238
593
126
173
449
993
260
981
500
965
29
591
215
802
266
883
890
506
337
99
948
858
820
491
609
594
515
521
60
652
912
246
391
162
495
371
953
24
314
640
379
624
331
754
907
235
955
249
232
137
996
739
263
984
941
212
896
94
702
728
790
295
617
348
925
547
100
731
383
821
791
158
404
625
796
97
366
372
323
956
292
618
290
755
526
47
478
427
598
843
301
120
397
125
294
196
187
542
103
816
256
845
621
138
590
576
241
321
17
654
639
347
918
319
472
18
812
578
906
634
315
786
132
719
841
586
855
200
118
278
81
80
287
778
636
647
524
865
195
859
76
434
950
711
308
163
817
587
998
642
14
198
556
854
191
470
86
27
165
882
140
469
662
440
354
588
67
966
244
667
968
540
171
603
582
227
71
892
971
608
-1
EOF
