NAME : sim501.218090.tour
COMMENT : Length = 218090
COMMENT : Found by LKH [Keld Helsgaun] Mon Sep 10 23:32:08 2018
TYPE : TOUR
DIMENSION : 501
TOUR_SECTION
1
350
449
130
434
136
274
473
277
490
317
398
266
476
335
109
174
360
432
114
21
37
150
463
81
133
497
24
86
96
388
3
146
268
416
356
204
438
405
123
38
16
228
207
401
489
305
168
111
49
232
156
389
343
72
195
75
122
2
250
264
56
433
70
359
237
17
383
368
82
113
5
257
141
393
105
273
154
74
279
374
145
339
90
43
198
169
54
444
461
107
50
26
484
498
271
157
402
409
106
410
244
68
25
309
64
420
135
162
501
184
31
447
300
395
27
110
351
367
324
349
329
215
362
175
428
327
140
210
454
32
492
261
364
177
67
370
280
164
333
435
98
233
376
206
480
301
178
353
320
222
193
285
191
385
101
481
57
155
7
132
189
451
450
131
431
378
282
9
13
138
470
183
29
97
341
331
303
165
112
440
340
170
47
205
63
413
326
316
308
284
194
187
236
234
357
127
202
365
457
496
325
243
76
289
437
423
95
128
313
380
201
269
379
48
248
486
472
426
225
181
417
427
334
311
125
137
246
479
407
460
91
65
84
386
129
230
452
42
52
83
394
270
144
330
44
79
318
298
421
39
453
336
281
462
429
278
163
87
89
218
464
149
419
185
485
188
406
85
33
337
408
224
443
19
40
99
220
487
265
415
286
418
347
352
66
53
214
179
375
186
302
475
152
180
390
197
147
493
69
262
8
116
342
404
382
403
312
500
104
304
467
400
387
366
120
344
354
363
45
345
255
231
103
293
173
424
242
59
23
292
477
199
249
115
6
474
226
307
494
41
291
396
252
151
323
229
369
182
221
258
332
212
121
488
442
441
422
391
4
338
159
275
328
55
412
377
247
10
223
93
158
392
100
499
203
251
482
18
216
92
276
15
314
62
211
51
245
171
102
306
196
172
446
143
71
478
296
458
411
167
260
491
399
466
28
61
254
283
108
192
219
425
80
469
213
77
448
190
36
456
142
384
119
124
35
373
287
238
200
88
118
94
272
315
483
468
288
46
319
241
209
235
430
361
397
294
346
445
259
176
117
263
161
414
455
310
22
348
126
495
166
217
208
240
358
372
239
321
160
139
459
60
371
30
436
58
20
14
465
267
11
355
253
290
295
299
153
381
439
322
34
227
12
148
256
78
297
134
73
471
-1
EOF
