NAME : sim501.219786.tour
COMMENT : Length = 219786
COMMENT : Found by LKH [Keld Helsgaun] Mon Sep 10 20:43:58 2018
TYPE : TOUR
DIMENSION : 501
TOUR_SECTION
1
220
195
29
453
31
464
34
423
421
179
114
405
211
410
113
496
388
177
16
436
495
359
451
112
500
319
323
74
249
168
407
294
223
311
158
215
184
188
411
87
297
384
482
467
408
172
97
61
443
140
162
15
377
465
284
417
363
51
313
239
434
27
448
374
466
488
254
288
118
91
285
449
133
337
136
331
62
157
406
494
126
480
205
67
125
286
281
498
202
479
17
20
346
262
429
499
426
225
200
469
50
148
193
365
396
336
9
278
382
439
391
163
4
387
53
116
142
115
39
392
93
166
358
409
96
226
55
438
21
390
191
271
472
230
380
105
457
445
398
334
180
135
399
23
459
43
181
139
110
238
208
106
218
6
381
252
452
183
145
260
186
366
144
326
44
35
28
36
316
492
289
122
501
185
196
248
30
72
400
236
296
430
160
351
274
435
251
300
414
320
108
123
389
455
269
376
104
329
60
370
2
57
70
71
340
212
357
266
45
413
240
402
378
86
111
170
490
428
207
128
5
101
47
456
424
328
14
263
276
290
231
347
245
306
241
175
92
41
487
431
440
307
418
250
441
369
432
192
280
333
3
155
446
24
42
161
321
304
48
484
204
65
255
98
348
120
80
475
49
415
165
77
37
88
76
327
324
107
95
129
137
470
247
156
10
310
350
277
85
130
54
178
315
354
244
194
258
206
253
420
66
291
73
264
134
257
58
198
203
164
473
216
7
325
246
94
197
174
146
150
394
422
309
90
395
232
272
493
293
12
82
259
81
339
199
401
344
433
141
338
375
460
159
485
151
486
317
219
84
131
152
22
491
119
153
222
190
314
352
171
127
483
373
362
210
368
345
270
38
425
303
209
235
416
292
68
100
189
25
132
242
102
75
154
59
64
318
279
444
187
356
353
476
275
201
147
173
99
298
477
167
273
267
447
69
124
371
481
169
393
283
474
89
450
386
79
217
403
360
301
19
52
103
332
138
256
383
442
419
462
237
282
468
287
149
227
343
463
56
458
341
213
18
437
497
361
322
32
224
261
461
478
40
83
295
268
364
33
265
330
454
109
8
302
182
228
404
233
46
379
305
229
214
63
121
489
299
143
234
427
13
312
176
349
367
355
471
117
78
221
335
397
412
243
342
11
26
385
372
308
-1
EOF
