NAME : sim1001.307619.tour
COMMENT : Length = 307619
COMMENT : Found by LKH [Keld Helsgaun] Tue Sep 11 07:49:04 2018
TYPE : TOUR
DIMENSION : 1001
TOUR_SECTION
1
240
222
593
953
962
506
592
994
402
294
470
873
22
612
957
739
101
976
192
875
905
982
417
363
120
49
547
194
658
478
678
118
36
312
500
115
890
851
145
85
492
944
870
181
393
130
630
837
893
439
698
793
594
8
884
943
419
922
110
951
743
239
566
90
409
704
835
771
126
918
650
558
589
248
481
727
320
880
889
934
772
305
264
465
821
52
441
519
849
295
34
766
540
93
384
642
690
6
462
325
631
71
586
720
966
77
473
618
714
63
283
100
603
803
231
637
958
899
516
806
548
457
675
50
341
543
987
81
896
155
332
61
128
988
43
187
609
468
223
75
854
121
822
17
606
80
382
388
161
846
891
445
493
378
182
635
435
840
257
660
520
60
748
319
174
747
289
230
775
863
838
375
208
114
732
137
817
975
997
95
768
260
900
767
291
733
410
986
761
879
301
686
365
731
490
495
757
425
505
148
554
790
477
833
232
74
284
119
699
916
567
359
782
430
26
381
684
643
725
165
723
38
587
265
262
523
255
573
510
621
389
800
600
632
796
538
848
865
881
659
438
286
651
533
669
47
416
141
555
288
131
180
447
760
769
306
254
616
985
763
852
608
740
827
655
571
882
189
324
467
452
116
936
998
532
752
183
862
662
357
241
448
433
347
628
850
539
413
868
749
619
399
272
236
178
956
670
680
401
718
673
355
476
124
278
221
168
648
745
134
825
992
517
726
942
62
789
55
574
214
431
909
243
537
304
154
596
21
945
713
694
595
795
46
44
67
140
331
135
989
980
784
736
461
371
588
515
337
327
625
334
466
820
353
552
570
463
933
269
831
220
285
948
400
160
451
19
701
598
186
40
267
379
340
127
326
112
528
385
991
136
73
983
802
203
163
197
177
173
54
925
507
955
903
29
360
176
207
390
815
665
51
117
908
210
367
14
832
361
387
280
952
774
888
344
950
703
788
311
607
479
712
939
225
830
864
391
529
13
783
644
4
804
667
794
397
622
201
491
615
166
930
756
605
287
843
581
681
990
88
901
742
442
109
418
750
777
125
190
200
123
158
317
106
706
18
591
967
576
728
601
828
926
876
526
247
219
645
914
656
482
211
693
250
471
501
132
984
960
152
721
536
931
965
459
421
624
623
474
961
700
27
759
791
527
11
342
172
653
175
677
541
251
883
661
362
545
83
300
25
696
688
333
107
741
487
313
910
871
444
405
411
841
808
429
193
877
801
12
299
640
687
321
290
512
7
583
456
191
122
636
707
857
454
932
524
266
215
744
226
446
920
486
153
649
94
839
923
28
553
638
894
217
302
508
776
270
836
546
559
383
947
974
917
895
414
620
408
746
689
345
611
227
561
293
575
323
138
202
16
31
938
392
668
228
422
314
572
867
534
497
778
1000
834
770
87
245
503
844
483
556
258
829
420
826
3
847
666
946
233
973
522
354
246
511
156
198
613
259
968
370
142
585
170
310
484
86
823
599
204
171
235
403
730
509
460
238
253
911
68
978
818
845
737
366
861
406
518
842
374
432
751
206
858
819
641
929
787
111
30
449
709
521
372
377
103
805
502
514
921
48
498
396
627
35
940
229
898
614
315
859
551
504
754
913
57
434
981
488
562
386
10
549
878
557
972
785
937
9
32
692
513
928
531
407
185
307
563
263
797
113
59
860
702
525
82
472
682
578
268
679
184
216
626
66
76
711
1001
209
167
542
398
915
316
912
97
346
494
98
412
811
79
92
872
691
358
807
292
78
886
58
485
339
350
708
297
105
24
42
597
544
792
780
348
437
475
564
426
159
72
195
162
810
906
224
764
275
364
814
144
45
971
674
281
672
261
719
329
565
318
935
212
617
907
70
196
970
380
652
919
676
356
133
685
335
242
816
964
773
5
781
996
188
496
697
205
633
296
683
765
735
902
809
279
580
499
995
813
729
108
755
338
671
369
885
368
273
343
427
654
969
274
604
799
705
143
65
853
489
924
949
69
999
146
904
812
2
351
394
440
584
941
149
404
824
469
41
169
213
37
695
993
129
663
664
798
480
96
758
610
53
779
139
717
164
647
455
710
897
423
959
376
436
855
786
866
64
715
639
424
237
23
453
657
590
415
963
276
535
56
629
352
234
373
298
569
277
256
602
322
282
179
147
582
577
309
249
892
328
979
579
218
84
724
308
443
330
150
89
560
954
15
550
464
91
102
634
869
887
151
646
303
722
530
738
33
428
349
336
458
762
716
244
157
568
734
252
927
395
39
874
20
104
271
977
199
856
450
99
753
-1
EOF
