NAME : sim161.129233.tour
COMMENT : Length = 129233
COMMENT : Found by LKH [Keld Helsgaun] Sat Sep 15 05:54:09 2018
TYPE : TOUR
DIMENSION : 161
TOUR_SECTION
1
34
126
76
160
104
159
8
30
58
20
46
18
27
51
97
63
25
81
38
108
87
146
84
68
17
134
155
124
117
151
57
121
90
62
55
144
130
156
106
53
105
16
66
100
41
19
21
79
83
23
60
73
153
140
37
113
88
102
128
138
158
71
78
131
4
26
120
56
92
74
9
28
80
32
103
152
132
67
118
39
94
122
136
98
12
110
70
95
96
111
7
147
6
29
101
129
15
72
10
14
43
123
157
109
148
135
11
31
150
3
142
2
154
54
61
145
125
161
69
50
33
112
59
115
77
85
22
133
107
49
36
5
86
82
143
127
99
35
141
47
40
116
139
65
93
13
24
42
114
91
119
89
75
44
45
137
64
52
149
48
-1
EOF
