NAME : sim1001.308889.tour
COMMENT : Length = 308889
COMMENT : Found by LKH [Keld Helsgaun] Tue Sep 11 03:38:53 2018
TYPE : TOUR
DIMENSION : 1001
TOUR_SECTION
1
136
201
500
654
259
304
746
793
845
382
306
959
689
97
560
286
390
976
633
756
90
503
527
183
155
542
849
615
61
803
668
512
239
824
438
902
837
624
498
218
254
858
834
698
964
262
138
72
601
161
744
371
712
79
290
4
819
80
394
550
972
593
111
142
365
412
119
778
696
505
407
725
185
707
814
2
598
831
952
898
366
647
750
529
795
933
433
764
640
329
420
1000
905
677
493
903
322
929
26
639
250
105
804
236
178
935
926
869
830
742
478
982
737
114
285
78
855
300
312
703
68
890
187
405
182
107
41
714
148
213
77
75
844
310
957
154
368
520
866
652
801
922
441
92
83
969
743
541
739
587
326
156
228
848
144
94
571
180
423
753
975
656
916
884
339
924
569
268
923
189
204
399
944
974
181
930
727
823
557
74
942
241
989
464
946
173
393
672
406
882
294
157
852
817
888
65
402
413
179
655
470
650
996
785
889
867
596
149
553
453
351
580
186
199
35
416
439
555
244
856
9
429
63
602
644
595
945
360
293
710
931
609
160
841
556
881
906
473
198
722
812
835
264
911
232
462
675
574
430
794
523
15
267
940
721
915
572
347
960
790
404
716
808
818
426
380
892
141
64
459
317
87
573
978
680
445
85
170
216
352
17
191
681
783
782
925
194
193
992
147
777
432
370
683
209
617
197
139
454
129
388
256
581
717
357
59
968
369
787
217
100
486
57
687
495
625
646
297
554
195
588
355
768
116
570
134
995
797
506
472
971
70
172
759
781
192
86
883
632
461
38
499
540
137
468
934
318
21
428
497
403
733
118
908
805
673
789
367
773
757
630
604
862
894
174
792
288
163
537
697
549
159
820
14
281
362
266
998
417
686
425
913
415
330
980
411
726
693
55
610
508
660
162
301
833
331
76
530
909
490
20
494
526
333
32
983
813
373
583
772
271
177
638
798
58
245
667
748
313
278
507
754
887
353
938
838
642
605
431
511
706
770
356
695
987
3
282
117
631
28
863
715
378
741
489
990
732
912
303
752
283
755
237
896
936
799
985
397
802
954
307
484
458
277
740
791
551
810
130
943
843
225
643
614
871
364
711
223
257
12
190
991
227
700
363
249
947
745
775
385
878
176
510
708
50
238
533
315
901
694
221
966
910
89
613
132
377
513
8
927
970
279
628
779
665
311
346
578
963
188
731
648
451
210
948
101
84
40
662
342
67
600
106
120
381
496
95
950
928
766
235
289
522
728
343
345
730
780
122
864
747
977
474
840
334
233
275
396
337
379
899
37
873
531
437
448
760
452
872
276
521
979
340
724
291
684
636
252
701
488
321
153
234
575
676
145
31
358
592
669
243
359
13
49
986
418
335
973
323
491
981
319
98
483
383
246
815
240
332
599
645
69
967
274
509
253
679
338
348
860
688
564
475
807
563
525
891
861
400
988
52
713
479
885
854
305
548
809
836
842
19
422
47
389
296
875
43
857
870
485
135
481
125
719
879
623
327
827
921
39
251
280
18
287
876
477
618
23
104
82
621
292
226
167
273
919
608
203
949
206
626
956
53
5
143
585
868
641
449
115
263
247
24
361
735
900
391
524
421
435
220
231
469
66
45
169
603
284
620
666
409
398
962
171
932
471
516
627
635
295
54
937
751
91
880
800
590
619
504
214
629
999
140
255
1001
440
11
816
168
664
699
108
784
48
22
30
567
127
552
419
682
386
904
16
270
316
584
718
466
258
576
408
309
514
825
597
99
436
324
349
501
839
607
46
758
166
25
123
559
447
544
325
658
546
893
543
71
709
951
211
851
248
918
566
591
853
44
215
961
164
565
158
328
562
410
720
545
29
761
765
109
865
822
320
260
653
88
586
674
102
568
124
354
269
152
984
594
36
796
771
427
828
738
110
272
261
678
336
806
341
763
62
467
487
222
224
582
212
941
589
308
375
113
515
476
482
146
219
93
372
769
33
704
229
532
457
401
811
27
691
634
749
434
6
150
577
460
767
128
314
395
561
387
112
344
528
165
774
131
729
242
705
96
151
685
374
414
519
965
736
103
939
659
73
826
558
126
444
651
175
671
897
7
786
622
184
547
121
994
350
81
535
207
42
993
208
661
788
917
456
953
907
847
657
637
846
536
492
60
702
480
230
829
376
446
502
762
606
612
517
443
649
455
518
723
465
670
205
616
196
859
133
850
202
265
692
776
442
299
298
534
734
56
538
997
34
463
821
955
895
663
874
690
200
611
51
832
914
877
958
450
886
539
392
302
920
424
579
10
384
-1
EOF
