NAME : sim251.159976.tour
COMMENT : Length = 159976
COMMENT : Found by LKH [Keld Helsgaun] Tue Sep 11 17:14:28 2018
TYPE : TOUR
DIMENSION : 251
TOUR_SECTION
1
172
169
88
173
83
241
94
42
149
188
45
91
35
101
136
213
77
228
112
37
69
87
226
103
25
46
129
17
167
174
64
104
78
224
175
4
27
38
229
186
194
205
146
235
209
54
236
97
89
181
56
133
12
202
127
154
157
28
234
243
39
3
98
211
214
120
215
189
102
58
57
47
79
139
90
16
195
82
158
196
156
221
7
117
148
96
6
5
9
20
245
184
11
231
200
210
73
74
132
161
240
55
217
249
80
75
113
201
19
159
140
248
123
105
223
126
62
179
160
251
84
206
150
152
61
220
86
130
182
41
15
239
143
76
118
212
230
85
14
68
43
155
40
51
244
2
144
171
33
142
125
71
162
24
191
207
204
70
108
13
134
63
183
151
199
190
208
192
36
232
92
164
246
242
60
48
250
53
110
219
114
67
18
237
203
52
141
124
106
233
225
163
238
31
111
165
185
22
166
168
147
99
95
116
198
131
218
121
187
72
170
216
50
32
30
29
100
21
81
10
49
23
197
119
180
44
109
176
107
137
177
115
65
247
128
222
145
34
66
122
8
227
93
138
26
153
59
135
193
178
-1
EOF
