NAME : sim141.118027.tour
COMMENT : Length = 118027
COMMENT : Found by LKH [Keld Helsgaun] Sun Sep 16 09:47:59 2018
TYPE : TOUR
DIMENSION : 141
TOUR_SECTION
1
60
99
85
97
91
63
15
21
102
65
119
3
75
77
25
82
26
7
84
95
108
11
122
23
106
83
135
79
34
133
42
55
86
130
40
123
132
72
28
29
35
50
9
54
53
19
13
126
103
49
62
138
104
41
124
96
105
116
94
22
64
140
56
78
74
90
137
27
6
38
12
2
58
14
88
24
43
45
114
44
68
115
76
101
87
81
36
33
52
48
127
118
92
109
17
128
4
69
139
47
112
73
61
141
16
37
131
30
134
113
110
59
20
51
10
121
125
31
8
100
98
136
117
120
18
46
67
5
93
111
57
71
129
70
107
89
80
39
32
66
-1
EOF
