NAME : sim501.220849.tour
COMMENT : Length = 220849
COMMENT : Found by LKH [Keld Helsgaun] Mon Sep 10 23:06:21 2018
TYPE : TOUR
DIMENSION : 501
TOUR_SECTION
1
144
367
263
270
37
167
442
29
165
477
111
10
373
229
130
13
391
449
152
159
294
192
212
500
160
407
466
317
142
240
351
382
65
55
371
464
188
61
113
155
495
54
72
404
366
87
427
11
396
489
5
35
306
209
50
98
241
136
32
302
304
122
197
473
441
457
186
216
46
34
454
31
184
428
127
89
250
414
282
194
474
222
315
200
402
75
465
242
117
179
452
432
370
438
190
390
103
283
308
368
17
360
388
43
352
443
478
347
488
169
132
310
205
148
314
23
79
128
353
156
312
90
364
217
356
39
265
47
342
213
362
120
501
455
491
214
170
430
139
281
350
326
262
97
290
26
2
389
76
393
433
279
463
223
126
210
324
105
146
363
181
417
456
178
346
185
467
296
234
280
318
182
299
369
418
411
187
244
460
195
64
168
138
232
413
415
112
481
384
316
7
66
101
461
285
305
400
332
259
99
175
221
77
355
289
329
399
110
483
419
247
486
49
267
301
215
102
387
480
357
116
60
162
21
496
475
81
469
177
224
133
69
251
172
174
421
18
68
349
218
67
163
231
204
124
227
361
374
70
394
51
211
14
336
493
359
429
28
309
401
237
109
255
245
341
381
94
171
74
330
435
375
293
235
8
173
311
198
462
426
499
271
278
345
3
256
106
4
338
16
131
63
30
45
71
323
277
291
85
154
88
272
118
266
372
268
485
115
199
220
300
236
273
334
164
6
487
145
42
276
437
80
482
358
412
420
202
9
409
397
82
264
451
40
56
261
269
59
365
344
439
225
313
100
153
424
497
492
398
249
226
335
327
83
147
91
108
328
48
20
275
137
383
25
15
459
386
57
450
498
121
472
447
431
303
258
378
252
479
246
208
333
395
490
325
24
284
62
114
376
93
468
36
92
203
73
44
161
238
58
337
123
403
446
494
476
410
287
274
416
343
408
434
151
377
183
243
436
354
27
248
143
53
233
297
206
471
319
84
320
150
295
149
440
228
286
239
348
292
385
193
340
406
422
453
288
19
41
135
141
339
191
196
470
107
321
33
230
157
448
425
423
129
254
322
134
158
95
125
166
298
380
484
104
444
119
140
96
207
78
201
392
379
260
176
405
253
458
257
307
22
219
445
180
86
52
38
12
331
189
-1
EOF
