NAME : sim141.115716.tour
COMMENT : Length = 115716
COMMENT : Found by LKH [Keld Helsgaun] Sun Sep 16 01:13:17 2018
TYPE : TOUR
DIMENSION : 141
TOUR_SECTION
1
67
80
10
103
105
87
48
66
127
43
9
130
84
109
61
139
110
3
124
35
123
89
68
73
102
14
62
132
23
29
133
79
12
42
13
108
99
49
31
86
121
16
59
126
41
82
90
119
138
36
140
78
53
98
97
85
74
30
47
112
60
58
106
134
125
83
76
4
137
71
6
117
131
32
77
96
15
136
17
50
45
115
19
54
55
122
2
101
7
39
52
22
57
113
40
8
135
33
95
24
37
120
63
44
141
11
75
69
65
93
21
94
38
18
88
118
70
111
116
28
104
81
92
114
34
56
27
91
100
64
128
25
5
26
72
51
46
20
129
107
-1
EOF
