NAME : sim1001.306270.tour
COMMENT : Length = 306270
COMMENT : Found by LKH [Keld Helsgaun] Tue Sep 11 01:15:02 2018
TYPE : TOUR
DIMENSION : 1001
TOUR_SECTION
1
244
452
781
32
152
70
288
488
510
411
878
677
436
540
445
216
348
737
660
83
906
946
811
500
192
105
927
949
263
621
228
372
907
740
858
816
736
67
87
747
160
389
507
622
674
55
664
661
794
509
524
356
277
542
722
627
315
181
702
746
760
863
90
703
116
161
462
834
400
62
274
728
839
577
34
248
574
690
260
552
490
942
989
196
504
764
706
731
827
14
741
721
634
735
451
718
850
819
824
341
385
485
77
564
397
822
73
442
610
526
95
573
940
273
679
139
88
424
381
136
39
714
421
111
5
775
765
322
754
936
768
291
375
862
218
650
869
281
966
135
44
336
104
924
271
54
262
555
575
648
543
294
222
644
933
563
23
78
415
210
162
258
913
46
254
959
587
467
934
401
592
159
496
953
429
299
636
418
757
920
981
970
948
425
74
604
501
618
427
338
536
663
556
562
101
259
508
901
547
593
253
568
144
186
110
930
457
300
387
268
221
82
798
519
859
911
250
234
309
588
40
578
270
591
432
963
512
506
158
100
525
680
828
997
976
477
317
678
580
570
179
944
347
522
658
717
446
868
183
65
825
150
925
780
787
255
899
632
554
602
539
296
129
601
243
47
430
53
769
888
121
669
655
362
958
412
518
64
217
687
929
708
337
459
238
624
99
328
985
626
960
935
63
223
323
447
185
759
939
903
368
941
7
603
60
107
778
193
251
137
493
732
349
316
434
49
835
278
615
833
916
597
120
124
701
919
817
205
170
106
762
671
742
380
796
123
969
194
818
417
384
943
786
156
16
598
890
209
438
56
43
19
474
3
1000
232
683
293
190
297
204
142
971
408
961
382
964
871
662
173
697
304
983
444
213
694
549
595
705
756
229
656
76
376
532
852
257
246
489
471
884
407
358
855
166
993
523
165
138
51
454
26
206
673
153
814
1001
266
986
550
883
108
995
931
15
873
516
767
527
847
440
978
27
776
482
25
843
231
402
567
639
994
761
405
31
693
733
894
473
783
896
771
453
716
484
466
325
461
199
214
670
625
463
996
513
684
103
763
41
479
416
689
184
956
744
383
212
938
431
893
743
134
856
20
672
361
908
343
770
984
874
659
6
608
698
122
876
59
240
727
29
386
709
643
2
654
342
720
350
93
879
151
469
521
92
838
889
582
885
724
298
265
751
449
379
928
788
530
544
472
806
846
149
951
171
403
339
147
990
921
117
620
9
857
18
36
498
606
373
465
363
545
805
8
261
792
541
854
125
414
198
494
864
458
245
420
283
917
208
148
865
646
435
374
321
225
773
371
880
172
276
700
10
647
914
130
790
988
502
119
483
329
215
80
968
114
468
177
169
480
197
109
616
275
520
219
937
66
897
224
145
791
704
676
264
305
535
241
37
910
641
443
566
950
590
609
256
918
450
475
826
355
867
909
772
845
695
645
503
653
13
201
167
797
892
711
187
310
423
870
284
800
902
279
546
915
898
286
972
396
200
511
982
975
691
499
227
748
69
830
599
710
823
596
327
354
572
237
749
531
195
860
666
292
998
155
810
334
89
102
952
311
364
635
308
675
905
168
390
538
841
365
98
409
900
881
682
331
584
589
795
529
491
478
127
712
426
249
203
252
755
551
81
779
851
514
85
340
269
175
154
460
569
351
75
681
614
887
306
12
280
86
406
464
813
750
287
637
202
571
866
235
131
267
821
665
481
439
623
561
926
612
470
585
802
230
398
71
345
320
651
290
557
220
715
164
808
640
980
378
581
630
631
853
394
807
333
629
667
553
619
713
734
784
428
534
882
559
987
118
359
836
58
28
977
94
965
61
352
302
719
448
785
115
793
437
730
657
226
191
962
68
335
143
837
831
923
272
239
188
79
686
377
319
699
533
112
617
649
113
312
766
992
613
132
891
517
954
799
419
163
812
840
974
753
133
30
22
441
801
739
628
353
393
301
583
600
307
638
668
922
410
505
332
560
872
849
97
42
752
17
528
782
84
50
370
91
189
285
904
369
979
803
565
367
723
392
96
945
211
548
611
745
607
326
832
395
318
422
174
11
404
729
48
725
515
289
180
346
486
433
777
295
738
707
861
957
642
999
594
52
495
35
726
45
126
973
303
758
140
233
991
456
576
537
38
4
330
487
128
912
21
696
282
497
236
476
815
886
242
804
605
932
324
360
652
586
455
247
176
141
558
633
875
774
413
842
399
685
207
877
33
157
314
844
388
366
182
24
57
848
955
313
357
692
829
146
820
895
178
579
789
492
809
947
72
688
391
967
344
-1
EOF
