NAME : sim1001.306837.tour
COMMENT : Length = 306837
COMMENT : Found by LKH [Keld Helsgaun] Tue Sep 11 09:11:36 2018
TYPE : TOUR
DIMENSION : 1001
TOUR_SECTION
1
502
642
15
542
110
367
980
355
976
782
973
311
659
262
584
652
438
889
184
186
338
578
422
138
622
557
299
990
216
986
813
696
198
618
269
979
304
621
288
988
24
919
678
620
134
775
154
886
959
595
860
319
90
519
732
45
847
798
218
406
987
991
58
46
935
597
301
329
766
655
739
289
909
995
224
207
404
835
108
802
114
356
494
374
956
884
579
400
398
395
142
945
492
445
380
119
156
605
292
535
370
667
225
687
893
201
126
215
883
799
174
627
460
961
662
544
820
331
801
86
631
360
498
499
420
905
931
989
143
582
75
738
997
888
576
714
245
940
822
532
322
230
854
80
526
960
169
614
219
950
898
390
41
384
727
552
539
668
855
376
934
38
972
96
117
704
234
916
894
758
783
730
841
686
741
257
673
792
281
743
189
640
925
172
567
608
284
609
377
688
410
939
715
57
928
136
359
33
132
112
927
814
580
243
321
665
340
182
602
684
264
680
42
354
787
517
150
171
62
653
237
984
273
372
20
981
167
124
856
551
897
26
51
242
592
31
538
874
443
415
148
720
523
162
748
899
440
914
641
100
983
305
109
419
685
385
676
957
571
879
176
439
649
496
536
482
826
650
516
77
838
895
346
858
635
829
168
79
628
572
780
181
196
403
306
449
944
205
844
486
977
128
421
521
232
862
427
436
362
613
760
615
283
633
252
705
280
210
258
94
600
28
185
66
786
948
942
450
689
345
115
645
250
8
451
700
849
344
484
300
59
857
604
402
268
691
846
734
900
703
411
735
22
809
707
295
821
501
69
529
488
762
828
513
543
291
510
671
478
975
489
144
958
180
213
599
586
145
267
129
896
190
788
339
581
227
767
781
723
158
87
466
666
55
915
54
323
447
314
93
341
998
231
485
84
149
175
286
503
912
938
209
574
808
768
165
837
789
177
869
276
550
877
713
537
966
565
251
4
561
298
462
772
817
708
226
906
430
302
651
40
540
840
590
487
101
527
607
247
951
941
83
320
166
777
458
878
872
472
908
240
681
505
104
719
479
764
444
61
794
993
89
9
70
520
36
736
978
459
34
235
709
141
191
731
271
106
203
437
656
39
812
249
441
985
53
233
785
701
73
861
747
637
694
10
391
833
577
541
265
152
491
832
188
587
616
568
382
293
663
740
964
221
830
426
943
946
274
583
179
405
848
64
682
199
147
50
506
733
530
549
135
891
474
383
178
842
971
194
308
453
661
693
563
241
386
1001
30
287
255
463
639
918
139
407
387
277
222
994
871
885
313
508
266
155
805
936
815
452
593
800
911
353
774
318
74
121
784
464
902
173
564
254
220
389
357
350
737
638
831
796
654
434
465
429
974
369
664
455
522
401
192
793
954
706
296
716
278
469
358
779
381
569
547
753
397
644
672
690
60
679
324
343
507
67
125
670
431
611
647
102
721
873
285
559
904
457
882
816
892
473
634
335
248
923
712
546
170
660
570
7
412
759
531
695
92
725
3
228
761
12
778
82
160
238
85
528
624
95
393
692
710
913
865
1000
643
921
495
677
424
776
683
477
612
601
968
890
926
594
511
32
409
151
533
769
632
282
790
159
497
416
122
399
272
524
253
807
13
932
752
525
418
16
11
193
44
963
754
5
819
29
123
116
14
275
456
924
315
480
368
749
947
328
137
512
127
347
483
493
467
63
468
867
212
163
78
442
722
256
476
818
970
845
414
204
206
880
843
718
47
558
697
23
68
675
97
417
875
164
648
955
630
352
518
303
202
446
839
413
131
836
290
433
25
260
636
657
827
810
859
366
35
239
334
461
279
378
259
750
589
197
876
669
348
18
91
922
337
195
52
773
824
917
982
236
514
312
674
316
317
120
746
481
929
349
560
930
726
504
475
37
575
208
566
724
702
118
603
146
937
392
804
757
853
183
868
361
999
19
157
373
992
698
394
43
952
140
646
48
851
161
596
770
364
591
425
834
863
363
371
428
866
562
229
261
448
408
811
111
435
27
153
81
588
744
2
454
307
555
626
623
755
471
309
763
850
246
330
332
72
17
795
967
617
996
825
619
88
711
545
953
729
610
105
103
870
823
375
211
333
342
864
365
585
326
214
351
658
553
771
556
797
965
71
490
765
423
806
200
244
6
852
910
56
598
548
907
962
699
745
606
509
379
629
534
751
791
728
920
573
270
113
107
625
336
500
263
515
432
223
133
130
949
717
803
187
933
901
217
99
881
21
65
325
887
903
396
76
470
294
98
327
310
388
969
554
297
49
742
756
-1
EOF
