NAME : sim321.170673.tour
COMMENT : Length = 170673
COMMENT : Found by LKH [Keld Helsgaun] Sat Sep 15 19:19:37 2018
TYPE : TOUR
DIMENSION : 321
TOUR_SECTION
1
29
52
271
255
160
91
32
198
83
181
74
189
302
98
204
174
17
51
301
118
50
86
171
190
97
307
163
300
195
120
154
115
10
31
128
45
306
80
218
282
117
221
49
263
20
251
191
82
248
265
90
77
140
299
58
244
65
22
124
123
237
53
279
141
246
264
5
85
215
13
280
159
144
95
2
61
290
69
66
258
193
76
92
158
277
239
241
207
35
164
206
106
184
136
14
71
305
185
121
166
274
192
101
21
135
153
146
256
8
9
156
183
88
125
24
103
232
238
201
194
143
36
288
200
247
294
28
202
222
311
203
23
168
233
220
84
19
303
197
178
12
59
224
234
111
130
223
309
257
56
41
240
227
114
276
266
137
188
252
39
149
60
63
131
134
250
216
132
210
214
320
147
67
113
212
293
119
99
18
187
226
150
253
46
93
245
89
180
44
96
11
297
196
316
100
112
104
155
275
42
260
127
16
27
315
317
87
105
6
205
57
259
182
129
291
270
122
287
208
175
161
249
312
48
319
7
38
34
217
167
40
243
70
133
116
172
296
4
47
157
108
199
272
179
225
169
68
25
321
3
15
26
151
81
295
289
37
310
79
298
55
148
30
313
62
236
304
64
284
314
102
283
318
126
72
278
230
262
228
268
209
235
267
152
170
43
211
165
75
33
229
142
145
54
176
231
269
286
138
94
162
261
186
308
213
73
285
107
173
273
110
139
281
292
254
78
177
109
219
242
-1
EOF
