NAME : sim1001.310218.tour
COMMENT : Length = 310218
COMMENT : Found by LKH [Keld Helsgaun] Tue Sep 11 09:18:55 2018
TYPE : TOUR
DIMENSION : 1001
TOUR_SECTION
1
428
161
499
209
230
1000
845
785
366
817
154
783
233
859
685
511
560
861
432
654
619
962
245
303
468
452
135
39
376
700
514
771
213
869
377
487
874
624
866
853
848
871
277
265
70
125
139
349
44
503
423
663
653
346
352
735
930
234
174
868
855
32
57
71
612
281
40
215
780
833
839
347
971
704
666
652
659
472
893
836
745
970
193
387
335
984
227
11
897
263
368
545
989
455
717
549
891
517
903
566
739
983
492
224
419
760
132
22
559
312
940
181
585
727
337
321
450
607
854
761
746
34
729
196
104
491
720
841
386
373
358
8
424
759
66
534
565
264
705
976
766
812
575
792
461
116
937
467
155
37
898
89
601
617
76
756
195
239
887
159
107
398
205
662
521
10
523
356
96
396
285
883
885
875
904
374
469
572
470
266
643
200
475
699
43
101
117
730
894
814
35
694
164
764
603
849
630
589
236
307
651
919
211
62
645
921
279
552
637
106
997
31
590
960
252
361
415
638
712
981
270
881
684
667
819
622
87
790
810
409
846
733
67
246
661
2
914
318
892
331
93
958
81
896
615
351
69
852
999
752
170
823
614
345
464
433
827
58
408
949
48
397
816
820
272
865
183
305
595
238
275
267
740
570
587
226
864
579
124
932
141
838
90
290
323
985
747
294
162
85
693
317
481
314
889
969
795
198
522
950
165
283
801
410
466
216
835
539
138
978
944
120
532
242
640
540
956
748
385
23
261
6
829
140
987
336
537
906
811
163
131
639
20
126
465
775
289
955
441
413
936
83
225
500
574
567
696
986
947
732
430
632
416
805
609
113
115
710
237
847
153
625
77
593
773
546
821
681
56
787
5
793
310
929
306
551
782
837
913
873
825
541
884
486
479
734
744
842
41
291
172
473
73
690
30
448
184
907
711
445
476
877
95
597
613
808
134
459
429
18
741
628
38
611
326
858
194
508
190
588
778
526
329
379
199
136
383
201
797
973
558
169
554
655
660
308
145
683
916
65
178
449
372
360
608
591
111
180
269
675
598
222
348
439
316
935
33
7
807
391
381
110
530
702
250
863
240
210
284
769
991
350
412
927
47
942
189
143
713
494
325
799
127
963
425
721
364
948
774
757
872
129
657
46
975
776
830
319
282
61
555
251
834
440
502
60
515
518
815
762
564
504
435
802
484
941
443
516
691
253
924
288
923
922
338
98
557
168
68
24
512
536
478
982
1001
586
177
679
697
627
249
715
496
965
576
94
737
51
218
422
972
102
798
592
751
674
538
197
328
324
151
483
4
488
736
767
900
207
128
12
296
673
311
676
828
561
17
996
268
235
54
742
74
910
562
505
781
327
191
920
722
668
438
670
260
75
42
497
618
414
458
152
707
447
146
509
295
990
689
974
489
158
724
206
806
403
192
179
573
529
462
510
14
633
149
886
860
255
388
786
596
212
248
214
25
548
768
382
582
333
599
636
749
354
804
580
431
401
912
451
626
99
389
167
299
915
142
952
824
770
166
369
392
45
258
103
402
52
525
436
692
753
719
959
156
217
55
26
100
370
229
946
88
186
160
843
315
442
420
665
826
646
794
998
108
822
404
543
687
219
304
444
602
362
357
813
171
788
880
604
738
977
228
716
359
623
367
533
63
355
581
701
79
187
394
876
405
276
895
606
82
36
13
453
528
182
343
29
642
477
244
899
888
204
223
882
723
584
220
957
78
363
850
302
3
293
130
86
725
460
844
92
964
157
917
241
583
686
114
457
925
791
485
147
301
979
995
647
262
259
750
309
856
718
407
482
501
278
72
743
779
621
292
221
202
344
777
635
342
879
109
380
332
28
931
918
519
993
671
698
531
418
280
365
650
340
256
992
568
513
421
176
121
427
933
53
112
966
840
544
731
339
867
507
334
506
688
909
390
313
287
832
594
862
118
831
371
818
988
994
300
765
148
122
105
934
644
254
454
953
399
80
320
961
322
706
341
677
967
703
384
550
232
610
641
553
803
257
188
456
695
800
943
273
951
563
616
809
763
123
755
905
353
709
19
605
620
27
286
243
434
15
50
406
669
16
631
938
247
672
375
682
490
175
395
634
59
446
945
796
911
150
939
728
649
680
144
577
571
870
21
857
417
119
547
664
9
185
91
658
437
493
890
758
542
411
64
656
527
298
274
754
203
393
629
648
480
97
772
173
789
271
463
714
498
133
926
426
400
520
137
330
556
928
84
954
678
297
878
378
208
968
524
851
902
471
980
569
535
726
600
231
474
578
708
901
908
49
784
495
-1
EOF
