NAME : sim161.129125.tour
COMMENT : Length = 129125
COMMENT : Found by LKH [Keld Helsgaun] Sat Sep 15 11:55:13 2018
TYPE : TOUR
DIMENSION : 161
TOUR_SECTION
1
24
138
97
54
23
132
134
69
45
11
108
8
42
150
78
41
30
158
66
119
101
31
117
49
107
10
65
95
137
84
113
136
96
144
17
70
129
152
128
131
5
15
53
20
153
80
155
6
77
75
4
159
87
124
16
103
14
147
102
43
63
32
58
74
71
93
25
140
29
64
61
85
145
125
123
9
55
89
47
130
44
135
18
13
98
22
100
79
21
50
36
106
143
141
52
83
99
105
48
157
86
81
46
94
110
104
34
39
156
51
26
27
19
28
56
151
114
115
2
142
67
7
3
116
60
33
149
111
57
68
35
112
160
120
118
91
139
92
12
37
73
133
59
76
72
90
146
127
121
126
82
109
38
88
161
62
154
40
148
122
-1
EOF
