NAME : sim701.259677.tour
COMMENT : Length = 259677
COMMENT : Found by LKH [Keld Helsgaun] Tue Sep 18 10:06:36 2018
TYPE : TOUR
DIMENSION : 701
TOUR_SECTION
1
216
597
262
116
668
143
181
562
260
428
699
396
644
449
123
248
642
535
77
616
679
18
305
488
653
614
21
545
574
434
384
294
397
582
316
464
166
579
440
467
628
517
73
324
564
595
586
321
588
348
700
32
296
648
529
251
629
113
105
209
212
87
284
429
681
373
63
510
636
85
635
220
486
246
448
12
184
626
36
390
328
386
158
494
345
539
351
576
398
57
301
661
550
176
594
75
504
127
352
334
106
253
543
286
94
596
584
617
58
34
126
279
111
556
581
625
78
677
422
632
269
140
424
303
485
265
9
346
206
79
476
327
2
528
65
503
542
199
637
52
358
171
435
591
450
202
662
414
240
10
523
205
484
499
109
266
469
203
544
175
93
671
505
619
146
377
219
41
200
433
470
524
323
162
242
555
561
618
342
634
666
537
402
592
235
565
389
318
125
40
650
652
526
306
83
131
207
264
613
426
667
114
180
244
71
331
669
289
187
5
287
540
335
370
198
99
392
134
583
115
161
234
307
210
604
309
547
249
293
701
49
133
463
195
361
607
513
55
362
453
698
405
313
639
646
675
153
144
502
54
319
401
124
19
325
411
191
368
333
380
267
62
623
128
314
22
360
465
297
379
112
689
527
97
355
7
387
381
372
600
283
174
281
276
512
257
430
196
189
655
290
292
590
420
603
15
44
694
136
149
538
557
416
223
142
552
76
553
27
208
631
359
6
438
310
643
400
664
135
259
489
232
670
275
451
501
353
298
118
185
472
548
606
475
186
61
482
170
481
354
343
154
630
571
88
678
615
516
122
520
365
211
252
215
441
167
82
696
152
427
598
577
349
406
458
687
11
697
108
46
311
29
605
480
24
255
81
457
620
673
155
330
107
672
461
332
291
506
497
178
119
4
322
8
39
193
96
546
35
30
59
566
425
95
578
460
515
60
129
102
601
385
80
226
121
188
395
272
374
559
271
419
478
459
299
288
507
394
28
612
120
375
573
280
660
599
254
274
45
139
446
241
104
608
575
132
92
160
487
23
367
356
236
474
551
147
418
688
533
462
101
690
609
569
233
201
177
169
432
213
217
224
492
183
320
695
656
218
42
495
344
227
436
393
483
117
641
64
14
522
69
378
89
341
531
421
192
347
611
622
493
194
263
261
308
496
157
110
409
31
514
130
534
141
237
339
456
357
412
338
560
364
443
567
222
53
172
442
230
164
659
445
38
363
684
657
173
228
509
532
638
182
67
268
86
388
137
371
663
511
33
179
570
17
536
693
640
159
447
190
413
423
682
627
680
312
48
549
336
376
633
25
490
518
229
250
403
72
337
686
455
163
558
16
391
84
26
471
277
270
148
525
589
231
273
150
468
366
415
585
665
156
431
676
602
197
302
568
47
382
329
621
444
221
258
145
479
304
610
685
645
239
68
225
168
651
238
90
691
519
649
658
500
383
452
66
563
13
498
572
3
282
521
477
647
103
151
674
541
70
466
439
50
317
100
295
98
399
508
74
43
587
256
404
247
554
285
580
300
20
37
417
624
692
243
214
407
51
278
91
315
350
369
454
437
204
326
593
530
491
683
410
408
165
473
56
340
138
245
654
-1
EOF
