NAME : sim251.158286.tour
COMMENT : Length = 158286
COMMENT : Found by LKH [Keld Helsgaun] Tue Sep 11 17:23:54 2018
TYPE : TOUR
DIMENSION : 251
TOUR_SECTION
1
21
38
240
208
120
47
117
62
216
14
238
22
37
251
181
68
186
141
106
239
76
135
173
182
229
142
202
64
6
221
223
134
59
97
55
185
81
157
122
112
247
192
215
245
100
128
169
168
102
60
133
67
148
118
103
107
115
243
219
82
39
143
127
199
16
161
28
32
111
90
237
174
40
108
15
205
183
50
20
33
150
171
23
147
156
233
211
83
12
13
18
197
167
160
204
196
24
178
121
125
154
88
149
193
248
177
151
136
31
3
242
65
227
61
225
35
101
79
153
207
214
44
86
195
45
116
5
152
52
113
140
85
36
234
11
51
74
191
72
218
249
250
190
73
77
222
2
200
246
159
95
132
93
56
98
34
206
176
213
99
19
49
236
189
75
105
226
172
201
114
130
87
164
231
131
119
139
92
27
66
163
63
46
126
69
232
198
48
155
80
89
230
175
180
84
91
165
220
110
137
162
129
145
124
30
41
144
228
78
53
109
71
57
8
179
104
4
210
9
10
235
212
43
244
17
26
7
70
123
187
188
58
94
170
29
138
224
209
25
203
194
217
184
54
158
42
146
166
96
241
-1
EOF
