NAME : sim501.220909.tour
COMMENT : Length = 220909
COMMENT : Found by LKH [Keld Helsgaun] Tue Sep 11 00:14:49 2018
TYPE : TOUR
DIMENSION : 501
TOUR_SECTION
1
313
68
444
160
121
4
99
195
91
280
214
318
382
7
441
422
140
426
446
15
164
247
246
184
52
128
38
300
25
239
23
289
454
192
316
58
491
276
193
383
266
443
196
181
49
294
339
285
290
82
249
344
108
116
63
6
13
32
166
406
277
100
492
416
11
438
238
420
334
205
486
452
366
495
12
472
282
396
206
278
335
98
400
286
387
274
245
46
89
150
378
355
293
442
109
384
112
328
374
463
169
481
255
65
399
259
114
207
408
62
464
36
66
480
346
354
132
226
191
231
343
130
483
143
177
309
171
93
41
338
110
142
194
24
202
322
135
101
76
203
217
73
333
434
14
37
35
165
337
468
291
72
210
348
447
64
237
295
281
126
119
351
221
362
377
258
141
18
299
270
478
8
83
222
417
57
439
487
371
95
390
27
223
462
369
39
173
19
235
137
244
90
129
432
234
393
127
16
139
389
490
336
5
145
123
97
28
22
401
317
120
458
303
435
60
418
404
298
448
144
124
59
251
50
470
379
117
113
149
20
103
253
162
455
359
410
471
134
353
398
365
56
356
9
92
479
409
297
79
427
43
466
87
453
437
423
10
104
154
392
187
158
161
213
430
461
188
61
456
267
488
296
74
125
228
494
153
419
186
45
262
94
361
182
319
450
183
381
364
179
168
268
473
242
330
26
425
352
484
252
497
493
215
105
31
388
152
412
17
78
241
170
305
248
102
414
264
122
457
44
482
155
395
53
474
40
465
233
260
147
415
283
146
372
257
489
176
429
243
325
2
84
311
216
256
413
157
304
218
224
211
69
272
172
357
131
405
324
440
55
88
230
341
254
208
370
391
340
190
501
86
77
345
75
349
54
275
159
431
288
308
115
499
29
312
174
329
199
96
163
279
219
292
397
302
306
496
225
85
67
320
133
34
148
48
33
500
467
476
314
118
331
265
310
380
250
30
375
261
411
445
51
284
227
350
21
327
212
209
386
315
70
376
421
459
363
403
180
189
428
263
368
204
232
342
477
475
301
307
273
367
106
323
111
449
469
407
107
433
200
81
402
269
229
358
360
42
498
175
373
385
151
198
3
236
47
71
326
460
436
347
394
136
156
451
178
485
185
197
424
240
287
220
201
80
138
271
167
321
332
-1
EOF
