NAME : sim251.157183.tour
COMMENT : Length = 157183
COMMENT : Found by LKH [Keld Helsgaun] Tue Sep 11 17:23:25 2018
TYPE : TOUR
DIMENSION : 251
TOUR_SECTION
1
146
231
8
51
223
37
84
70
118
191
170
98
137
107
244
74
105
138
172
208
115
217
43
4
159
215
22
214
232
199
124
109
227
218
88
140
89
158
196
101
194
211
242
251
150
181
192
2
183
247
64
207
7
184
216
16
113
153
79
39
149
91
237
163
18
180
128
13
162
81
94
20
145
100
152
155
197
135
85
134
168
6
195
48
224
233
71
35
221
31
250
15
104
236
36
119
193
57
245
238
54
83
62
73
44
187
17
131
78
202
222
204
96
110
130
29
164
147
248
75
239
55
136
129
12
27
165
97
132
102
45
40
32
190
21
121
111
117
67
65
235
103
26
68
189
49
167
177
143
198
66
171
92
120
52
220
72
56
156
174
33
166
69
176
112
60
127
14
106
53
90
59
144
201
175
82
142
230
246
19
123
10
161
47
125
209
114
160
157
141
185
139
23
226
38
46
63
228
178
179
25
188
77
229
213
61
148
210
41
241
122
186
182
116
87
206
173
3
93
58
200
99
243
154
30
249
203
9
126
95
205
86
225
34
24
212
219
234
169
80
108
28
240
133
11
76
5
50
42
151
-1
EOF
