NAME : sim1001.309953.tour
COMMENT : Length = 309953
COMMENT : Found by LKH [Keld Helsgaun] Tue Sep 11 13:55:16 2018
TYPE : TOUR
DIMENSION : 1001
TOUR_SECTION
1
238
274
95
131
742
591
42
490
347
9
55
250
73
846
787
497
273
886
776
188
58
882
919
234
241
802
365
392
253
181
394
103
396
445
549
826
356
173
872
571
728
464
212
721
121
479
460
946
463
67
112
684
362
333
753
299
180
19
564
391
958
864
229
311
456
567
439
428
700
280
877
251
290
324
902
363
419
824
805
545
928
523
750
423
172
341
23
457
140
312
155
918
765
159
605
369
308
470
642
24
781
277
528
451
736
817
266
210
52
556
70
218
235
664
443
385
766
730
242
834
491
845
970
420
747
960
134
493
649
661
869
957
200
971
819
749
364
987
998
838
711
850
249
475
109
612
282
323
596
980
120
264
156
789
950
368
50
573
995
174
930
271
626
377
143
786
367
713
515
359
867
245
688
830
354
644
961
522
257
22
595
892
993
483
695
191
383
910
450
269
256
917
641
876
981
976
935
25
279
699
410
710
725
575
469
132
285
471
45
318
53
37
597
270
468
289
777
921
46
166
197
698
938
195
662
360
525
310
247
64
870
276
500
315
1000
735
890
97
237
213
56
912
84
891
579
647
635
934
418
268
842
770
854
885
738
536
331
3
717
703
275
146
389
694
349
227
260
163
674
446
855
352
118
832
818
973
496
232
951
835
236
182
911
812
206
727
239
837
372
857
991
507
407
809
780
622
261
168
994
376
339
441
461
878
104
340
346
548
906
562
214
590
637
51
297
708
505
841
807
203
825
683
10
988
113
432
123
262
740
940
953
63
388
160
495
38
128
1001
800
619
697
822
255
551
964
14
405
794
254
80
720
466
161
467
482
739
712
583
421
243
959
816
627
840
126
329
552
366
69
757
320
997
594
4
39
62
576
86
658
380
294
707
373
833
903
158
244
328
115
628
969
459
601
706
74
827
937
278
795
634
927
178
894
733
119
484
93
581
2
636
673
801
284
689
504
769
325
941
41
437
972
336
66
608
501
828
233
952
671
171
220
900
431
326
406
481
343
222
984
487
979
585
211
90
137
526
314
965
47
945
914
316
724
209
901
165
879
413
108
296
422
426
808
397
821
685
61
848
438
546
887
92
589
537
488
393
267
814
672
190
652
139
330
246
402
677
811
982
32
44
224
978
65
30
731
723
909
412
764
375
370
651
85
105
758
81
862
660
518
926
27
117
34
944
873
202
192
743
996
734
304
908
715
557
792
149
21
154
358
452
650
322
565
514
292
157
836
404
307
922
122
444
544
71
529
151
291
686
754
399
643
718
409
265
793
442
141
272
640
28
513
755
401
663
874
768
107
228
541
506
179
669
931
955
760
342
722
16
240
327
351
281
219
751
144
508
303
83
783
189
898
773
638
535
353
954
511
335
771
631
762
709
779
667
300
465
230
223
679
968
924
654
599
68
436
382
129
629
198
790
531
77
162
925
782
258
616
798
617
851
875
702
555
592
15
791
624
216
293
947
989
560
317
263
477
784
656
704
207
665
395
752
748
298
98
866
509
184
125
398
992
76
164
810
480
538
974
7
415
675
852
217
896
983
799
226
615
572
425
361
177
332
533
967
43
386
135
18
936
176
309
681
302
942
152
499
929
474
337
772
49
933
691
520
478
693
744
201
603
806
110
975
680
584
424
655
447
797
893
199
839
100
633
831
868
729
761
473
588
977
803
985
580
371
534
427
519
458
527
932
897
861
72
610
175
609
692
678
561
859
682
570
345
301
89
843
804
670
194
920
150
532
577
503
732
453
502
248
387
288
29
949
374
586
259
948
763
820
540
746
99
966
542
498
621
136
611
94
455
737
334
676
923
26
905
895
287
913
884
858
170
785
714
778
75
78
142
390
639
889
492
283
59
539
153
138
400
517
856
147
350
630
305
440
554
462
618
114
57
338
767
204
429
87
578
476
35
48
13
215
295
185
225
646
486
6
566
313
653
881
568
102
91
169
558
36
448
880
485
865
943
145
5
915
999
167
774
286
510
775
494
666
183
196
690
600
82
602
871
187
96
593
11
344
111
847
815
20
205
823
559
648
8
883
604
687
956
454
726
553
33
40
88
860
907
614
355
379
516
547
853
306
543
321
512
563
701
607
435
829
620
12
863
696
381
79
60
796
899
384
430
759
208
449
613
849
741
524
587
632
844
193
625
623
403
888
357
657
130
221
489
705
813
904
962
408
756
745
433
133
231
127
716
148
348
434
990
472
574
116
414
106
963
186
550
719
788
606
521
416
939
582
645
916
659
17
986
411
31
668
530
252
417
569
101
378
124
54
598
319
-1
EOF
