NAME : sim251.155814.tour
COMMENT : Length = 155814
COMMENT : Found by LKH [Keld Helsgaun] Tue Sep 11 16:56:18 2018
TYPE : TOUR
DIMENSION : 251
TOUR_SECTION
1
135
171
38
215
35
48
160
2
180
67
22
151
189
194
247
224
41
57
182
225
177
44
241
65
149
230
5
214
49
237
248
245
231
234
165
34
145
198
250
93
163
223
123
69
193
124
183
168
167
212
209
56
71
218
169
75
210
29
196
118
179
6
103
107
63
72
114
116
150
126
222
32
199
89
55
40
18
187
90
158
45
13
84
200
83
104
148
30
77
213
228
243
113
86
121
138
156
203
152
111
129
175
217
174
157
172
33
100
96
23
120
216
31
190
204
140
173
92
112
26
76
137
79
119
87
236
164
125
159
14
161
162
64
154
205
141
20
37
24
97
81
184
68
11
70
181
242
53
39
251
186
127
219
61
108
192
202
197
128
28
232
132
42
208
211
244
60
50
73
146
80
207
43
54
12
17
102
98
101
246
95
74
153
47
115
59
7
170
106
233
51
191
25
226
136
66
27
178
142
117
155
10
9
122
21
3
78
227
220
85
195
91
82
15
229
52
131
240
147
46
109
94
134
105
133
8
176
110
188
139
4
238
16
144
249
36
239
130
62
88
19
235
166
206
99
201
143
58
221
185
-1
EOF
