NAME : sim321.178855.tour
COMMENT : Length = 178855
COMMENT : Found by LKH [Keld Helsgaun] Sun Sep 16 01:32:15 2018
TYPE : TOUR
DIMENSION : 321
TOUR_SECTION
1
93
244
78
11
136
65
74
245
240
14
34
146
293
79
45
217
3
155
23
291
126
8
289
233
203
215
156
16
302
196
269
68
282
301
232
111
98
248
310
202
56
15
135
160
26
142
67
299
197
17
143
38
257
275
149
84
133
255
90
120
20
122
62
40
105
235
204
85
161
116
21
313
119
61
41
223
290
54
214
171
303
268
280
298
226
25
200
123
51
258
83
199
163
157
114
86
49
208
113
80
128
96
272
259
154
318
307
300
279
247
32
212
201
317
262
243
254
188
292
281
48
64
148
9
4
169
89
159
33
39
179
198
210
195
44
153
265
278
312
92
150
137
145
134
236
237
205
209
311
88
218
30
220
207
266
165
234
125
250
252
256
59
43
167
285
139
314
5
231
121
315
294
50
164
321
225
27
191
277
57
177
127
260
71
309
70
110
47
288
115
95
69
316
192
18
213
273
264
117
35
118
172
144
87
60
320
182
176
319
253
239
219
124
173
175
24
170
29
72
97
100
28
168
267
263
271
22
147
31
42
151
190
306
66
10
261
216
82
174
241
138
99
193
221
251
242
52
7
230
189
77
103
249
305
178
104
238
107
76
246
109
180
224
227
37
287
184
106
63
222
286
297
295
283
141
132
58
158
19
274
2
162
6
284
129
131
101
108
75
206
112
185
194
91
53
296
152
12
276
13
304
46
130
55
166
270
187
183
229
94
36
81
73
211
181
186
228
308
102
140
-1
EOF
