NAME : sim1001.308832.tour
COMMENT : Length = 308832
COMMENT : Found by LKH [Keld Helsgaun] Tue Sep 11 06:30:41 2018
TYPE : TOUR
DIMENSION : 1001
TOUR_SECTION
1
907
302
4
85
420
570
406
660
415
96
386
97
209
376
798
571
846
61
522
569
180
755
363
717
753
459
331
830
990
535
407
491
844
600
834
865
636
845
803
233
948
721
7
396
59
194
324
782
229
993
553
73
829
707
139
985
816
699
982
106
967
593
612
629
414
441
338
597
147
51
670
475
246
477
804
232
353
287
480
412
45
609
205
409
125
384
101
317
198
545
183
65
36
62
283
541
450
983
165
679
582
878
3
719
532
207
744
31
514
711
720
662
140
118
422
256
267
900
9
196
906
107
799
200
655
606
325
300
786
676
389
463
800
136
105
359
197
368
400
884
315
997
648
631
349
644
716
572
857
875
109
819
268
605
437
902
373
678
758
171
555
675
191
145
278
266
619
445
29
518
199
756
2
346
245
681
658
57
661
915
815
18
666
792
439
390
864
293
563
211
741
578
575
897
793
426
797
646
832
308
464
656
690
850
695
99
826
372
455
590
27
791
751
259
284
95
825
100
712
301
665
277
8
959
621
641
172
263
683
295
922
379
886
890
290
240
615
794
854
142
30
501
894
643
98
225
493
747
847
83
866
425
774
280
264
517
733
969
316
43
554
749
955
116
688
226
374
383
971
912
961
348
243
120
144
760
736
21
394
187
785
790
297
669
432
170
391
632
783
784
963
224
697
952
874
823
613
920
781
601
318
595
940
746
360
607
162
19
41
285
754
849
511
111
344
837
167
668
270
853
271
418
813
483
499
951
305
870
594
682
567
584
898
855
249
718
135
169
876
387
495
381
214
909
833
478
397
640
861
408
596
581
588
442
216
863
322
6
925
265
924
768
860
362
39
932
206
146
411
350
34
54
991
185
728
934
274
509
291
696
72
512
175
801
434
943
347
377
68
520
772
776
80
484
519
298
698
806
46
642
1001
524
248
706
228
692
423
114
251
589
257
913
543
956
527
738
336
110
767
508
141
5
366
576
321
568
458
960
447
128
489
628
663
916
689
945
939
552
385
430
962
307
802
610
516
941
88
634
968
972
20
964
173
836
219
148
10
645
81
399
805
323
223
957
623
329
574
771
157
701
752
444
485
893
617
369
433
879
23
705
28
994
929
286
164
709
722
547
976
937
231
74
992
910
204
653
208
12
440
649
635
743
766
327
351
674
888
481
241
168
727
130
858
831
24
112
195
551
393
382
862
448
152
25
227
313
859
356
119
32
67
176
71
980
550
869
762
796
673
626
237
375
927
928
611
177
388
190
94
872
296
472
986
343
748
294
764
370
510
735
502
60
269
469
87
603
279
724
787
835
93
154
102
289
137
726
779
113
424
667
659
378
417
261
244
467
507
104
946
179
745
133
700
487
132
677
53
456
914
899
564
218
708
69
303
281
52
124
446
490
750
497
121
91
953
901
461
92
138
633
887
365
117
558
680
482
651
989
55
339
625
923
544
438
115
942
275
352
404
49
108
479
988
429
703
428
416
828
525
702
548
773
622
186
236
1000
449
549
949
181
926
311
616
89
827
710
539
950
312
15
230
891
639
488
355
599
765
652
505
557
215
37
341
16
531
443
739
212
542
306
684
58
565
238
704
730
995
47
299
867
272
908
395
742
822
17
987
436
156
333
737
33
687
729
48
149
534
654
587
579
50
178
657
814
904
954
188
63
392
103
598
319
410
202
513
944
546
647
896
614
252
838
917
868
292
620
210
201
413
22
936
504
842
778
38
340
282
247
66
82
486
462
337
452
723
530
933
174
938
129
561
309
242
911
777
809
691
973
221
35
873
538
86
134
131
435
763
431
592
153
332
882
163
44
358
618
166
770
978
759
498
126
536
457
523
503
970
84
354
839
150
203
811
841
591
345
521
155
731
273
810
537
740
143
583
671
151
881
184
808
930
13
328
304
500
471
255
70
848
975
877
757
26
856
40
818
559
473
213
453
14
159
919
885
474
258
364
330
714
630
528
713
843
977
496
529
182
217
158
11
276
402
577
840
965
556
672
715
403
573
398
788
253
807
465
250
540
468
921
454
650
123
903
979
732
775
526
604
966
685
562
996
769
608
664
761
78
515
122
824
820
931
998
789
254
326
405
421
342
560
947
466
90
192
235
42
127
817
795
239
79
895
380
357
494
161
686
419
222
262
64
624
470
883
638
77
918
984
852
725
780
974
566
821
220
981
533
580
637
334
476
889
76
234
905
320
935
314
892
812
734
880
506
451
627
310
693
999
288
694
193
189
427
160
75
460
871
492
56
335
371
401
586
602
361
260
367
851
585
958
-1
EOF
