NAME : sim251.157155.tour
COMMENT : Length = 157155
COMMENT : Found by LKH [Keld Helsgaun] Tue Sep 11 17:00:48 2018
TYPE : TOUR
DIMENSION : 251
TOUR_SECTION
1
170
225
248
179
91
194
186
174
37
191
188
220
95
229
217
111
44
226
234
144
140
62
60
108
172
54
195
156
88
21
130
219
96
236
134
223
38
66
182
187
101
15
128
150
78
215
214
31
250
143
61
224
161
132
73
240
114
133
30
68
113
203
139
122
2
135
246
245
28
6
169
238
39
162
210
126
123
75
208
230
18
74
9
107
48
160
109
221
22
157
63
64
34
149
192
67
181
138
57
4
242
148
84
33
183
25
69
228
49
23
163
165
105
52
239
115
53
12
202
158
103
36
173
232
97
8
129
247
93
125
189
155
164
227
175
184
222
20
90
120
178
131
141
200
50
177
121
151
13
235
145
124
241
136
70
142
218
152
85
56
3
7
99
199
244
29
17
212
16
14
89
204
106
127
51
185
87
154
35
146
81
237
27
171
72
168
209
40
94
205
86
118
83
243
47
110
10
59
104
176
98
77
45
201
166
233
167
251
32
41
116
92
153
112
147
58
119
190
211
26
42
79
5
206
71
159
207
100
24
82
137
55
117
249
196
19
102
76
11
65
180
198
193
80
213
231
43
197
46
216
-1
EOF
