NAME : sim1001.305224.tour
COMMENT : Length = 305224
COMMENT : Found by LKH [Keld Helsgaun] Tue Sep 11 07:31:48 2018
TYPE : TOUR
DIMENSION : 1001
TOUR_SECTION
1
52
195
50
125
35
793
947
812
92
837
554
731
834
983
738
144
720
712
7
770
373
748
346
239
998
608
750
541
970
595
753
198
215
463
506
227
115
794
838
440
216
571
775
609
648
1000
949
574
491
946
77
24
422
88
209
247
497
130
494
70
183
841
474
118
374
773
534
272
589
121
16
306
747
910
84
261
382
263
582
162
704
537
886
109
481
784
716
311
550
915
561
340
290
649
817
235
44
539
727
285
836
56
344
592
683
892
943
274
416
112
866
407
151
540
68
610
173
979
604
688
962
91
141
924
809
278
887
73
378
196
177
371
434
120
178
372
256
444
663
763
986
899
583
312
268
715
679
584
706
388
542
168
870
768
655
450
314
28
835
708
135
347
4
689
951
778
71
581
78
645
722
632
786
250
252
415
133
692
678
476
776
694
596
950
96
254
207
413
22
512
842
755
636
682
264
327
573
228
840
978
150
982
756
270
671
45
206
833
304
987
175
20
379
631
530
456
874
69
566
248
49
999
524
958
624
320
153
994
878
843
352
757
733
662
911
902
749
167
325
408
847
336
483
785
280
315
850
452
890
380
258
447
32
728
95
919
377
762
149
296
202
431
885
364
40
895
213
76
677
176
824
39
86
337
635
381
612
479
67
3
767
760
585
941
525
804
242
214
974
366
217
359
879
518
844
396
279
742
992
765
633
106
451
136
932
64
462
386
48
637
21
426
273
717
971
13
27
740
123
2
23
654
653
259
29
94
145
316
923
93
964
779
429
244
955
875
442
533
219
556
469
412
813
693
954
769
211
63
321
627
505
996
666
33
208
787
477
116
928
179
10
305
926
590
188
475
25
577
354
990
38
988
492
226
117
839
862
406
284
332
900
287
89
36
647
61
103
868
797
800
358
443
672
544
901
441
436
516
234
218
395
961
493
854
984
684
41
798
197
697
811
267
934
802
292
253
231
989
935
414
458
308
421
876
375
664
363
880
200
614
933
343
335
376
667
980
495
626
192
660
58
468
210
815
55
969
122
917
719
318
159
137
681
849
894
869
569
825
568
433
9
423
486
193
85
882
288
282
225
685
14
888
90
472
271
169
562
329
164
131
203
600
222
43
470
507
700
60
409
780
638
419
957
310
454
143
410
134
57
871
418
889
37
275
538
709
696
245
855
613
909
783
425
548
160
814
83
313
578
555
369
457
745
484
726
154
605
172
931
249
108
126
939
965
729
98
593
807
960
390
6
59
674
205
557
746
204
515
772
713
221
976
629
777
461
730
517
591
721
587
283
599
291
669
830
105
51
180
732
232
324
602
189
393
42
501
230
995
224
424
110
891
289
711
161
676
438
508
237
572
828
229
651
190
857
428
650
338
805
944
181
333
326
281
223
240
147
473
307
500
897
771
174
952
405
560
478
621
319
860
736
459
300
956
498
903
816
526
546
448
856
529
558
66
420
808
99
46
565
80
82
47
295
158
294
357
165
639
991
806
111
19
611
881
832
622
302
818
445
929
973
588
845
171
741
698
744
212
575
710
799
796
488
383
65
553
34
432
255
119
603
257
511
277
439
241
523
297
485
54
194
81
607
233
893
646
170
299
703
921
460
265
853
187
754
355
644
865
851
827
201
301
766
238
543
567
345
945
467
759
74
293
113
411
985
795
87
819
348
823
129
918
504
873
848
132
628
822
471
972
616
930
446
535
417
102
673
914
246
764
586
389
75
356
904
707
831
570
502
303
821
781
743
353
509
687
521
552
739
774
675
606
489
404
349
792
597
397
714
576
725
528
977
863
920
269
993
594
670
789
127
967
453
146
690
12
399
864
128
185
724
668
549
925
15
752
437
317
686
339
18
884
737
829
124
936
630
184
758
718
623
547
455
846
658
384
883
360
427
564
695
31
503
100
665
820
5
365
402
163
191
182
309
959
394
916
262
220
545
392
480
138
350
563
499
922
482
464
579
370
465
520
435
368
519
148
652
680
617
527
334
867
152
872
634
62
536
905
140
361
657
331
276
803
496
155
17
53
937
906
598
927
142
514
852
1001
79
580
387
826
625
858
640
656
401
975
323
236
913
513
199
963
522
898
251
156
398
342
659
702
968
430
114
705
166
72
691
466
801
391
26
362
907
938
559
877
449
896
912
328
761
11
642
966
942
367
620
139
186
351
661
981
330
810
734
859
490
266
699
532
322
107
487
260
861
948
735
385
403
8
953
641
782
619
790
643
400
157
997
751
104
601
531
723
97
788
908
286
701
940
30
101
510
615
551
298
243
341
618
791
-1
EOF
