NAME : sim251.159575.tour
COMMENT : Length = 159575
COMMENT : Found by LKH [Keld Helsgaun] Tue Sep 11 17:22:57 2018
TYPE : TOUR
DIMENSION : 251
TOUR_SECTION
1
33
5
34
149
75
202
59
223
199
48
125
116
22
41
179
64
16
183
87
94
170
19
234
239
130
35
171
189
21
3
20
178
72
141
47
198
173
201
228
137
190
7
206
18
244
38
118
205
154
27
88
112
135
91
9
210
106
245
121
142
120
230
197
86
211
226
155
139
42
207
221
100
49
29
143
117
250
215
204
8
172
216
159
105
240
40
44
15
184
194
246
224
251
168
114
147
101
108
214
43
51
188
84
144
227
69
200
30
6
185
175
192
162
124
81
50
129
161
220
163
82
174
193
208
99
13
92
67
169
222
186
90
136
217
122
12
63
151
134
2
195
165
62
229
26
32
104
17
55
232
243
176
83
31
111
95
158
160
132
93
102
152
180
39
28
181
60
85
145
113
74
11
23
233
110
71
126
235
78
119
123
25
65
213
14
77
237
107
103
157
58
140
177
76
10
96
109
61
238
89
167
146
203
56
73
53
191
156
236
54
196
52
209
164
150
97
249
45
133
37
231
166
131
98
248
218
138
182
127
153
66
247
4
79
24
46
242
80
115
148
70
219
68
187
57
225
128
241
212
36
-1
EOF
