NAME : sim141.120261.tour
COMMENT : Length = 120261
COMMENT : Found by LKH [Keld Helsgaun] Thu Sep 20 02:44:17 2018
TYPE : TOUR
DIMENSION : 141
TOUR_SECTION
1
10
73
35
40
103
30
18
34
108
5
53
97
86
32
110
76
42
6
66
43
81
90
80
44
37
20
115
123
135
137
78
33
17
121
52
29
136
38
26
117
125
106
23
127
46
105
87
13
95
45
114
36
84
91
119
68
12
58
56
59
62
89
39
16
113
55
2
21
126
25
116
98
61
74
57
9
69
60
8
112
92
63
54
28
82
22
77
122
65
128
104
3
72
48
118
85
15
120
79
75
138
24
100
50
47
11
70
4
67
14
88
109
141
96
64
130
93
71
94
7
102
132
83
31
51
124
131
129
140
133
139
101
19
107
41
27
49
99
134
111
-1
EOF
