NAME : sim1001.306758.tour
COMMENT : Length = 306758
COMMENT : Found by LKH [Keld Helsgaun] Tue Sep 11 16:02:38 2018
TYPE : TOUR
DIMENSION : 1001
TOUR_SECTION
1
31
630
355
436
152
82
141
693
79
893
110
837
422
905
727
480
459
895
720
612
889
389
758
112
510
536
742
430
35
984
718
872
454
523
933
973
208
981
278
387
576
579
189
599
659
530
793
982
577
159
858
850
132
401
583
179
556
515
244
661
63
103
385
269
226
670
356
32
49
528
900
488
642
662
774
217
591
939
19
171
403
527
145
151
977
489
311
319
876
588
155
736
532
413
559
323
534
533
234
996
783
237
474
53
331
69
697
795
681
251
307
124
539
886
600
451
520
127
468
604
135
589
20
845
8
594
618
911
184
435
191
344
687
347
114
212
544
349
336
608
301
117
704
668
846
987
129
94
424
351
476
423
295
221
360
890
57
636
458
156
386
108
602
601
772
457
737
732
554
908
15
475
729
975
199
578
721
524
663
253
571
324
880
487
830
896
553
134
326
5
708
187
819
959
957
366
58
335
238
654
4
657
540
777
666
787
976
23
501
822
81
635
92
325
775
828
88
312
997
616
96
689
460
33
321
170
873
843
318
449
785
653
59
992
118
293
640
274
930
216
669
399
535
983
999
292
368
185
3
961
34
477
123
18
944
137
380
923
762
256
926
394
414
138
565
817
566
699
448
734
37
447
47
286
647
101
13
968
913
46
682
947
803
918
230
396
816
299
30
854
68
806
546
257
671
757
690
493
513
384
223
142
153
71
412
369
60
300
353
201
917
74
314
550
811
864
856
943
633
186
398
570
197
482
273
224
464
561
75
28
818
498
924
799
521
209
258
442
66
229
638
810
416
247
572
404
847
512
725
754
814
707
623
371
195
519
631
832
481
177
582
929
40
650
479
126
250
334
236
835
492
853
906
166
305
160
393
289
586
696
865
206
915
76
139
163
242
927
627
277
989
781
50
723
780
104
265
158
154
919
128
971
685
354
375
637
766
951
804
735
439
746
1000
382
949
425
99
17
672
986
333
373
263
518
948
841
485
869
514
722
525
881
283
348
620
133
875
634
365
313
940
176
438
794
739
541
808
465
860
827
116
719
585
210
946
639
925
359
922
180
823
603
39
656
745
469
146
834
994
649
756
411
899
778
290
912
587
857
678
214
48
426
271
421
370
935
89
852
770
444
505
710
77
648
225
10
54
776
941
374
884
942
203
715
597
874
506
264
429
338
691
679
978
193
655
167
298
461
392
107
294
433
885
65
839
643
182
332
100
165
894
494
809
346
241
901
51
491
471
686
144
744
590
495
61
446
851
797
484
12
362
784
866
883
863
705
593
646
288
888
67
750
363
445
963
916
297
709
531
168
807
378
105
998
624
563
838
504
741
500
849
45
683
83
945
254
415
771
352
29
243
877
773
463
892
220
676
173
675
113
417
844
406
972
456
768
122
181
907
157
202
315
791
390
805
547
174
149
964
62
660
706
7
761
310
276
786
281
194
131
560
320
483
855
621
759
90
38
702
11
85
162
440
748
410
364
93
991
219
595
990
337
611
22
800
581
882
322
716
140
796
473
760
381
309
701
815
231
609
767
192
549
897
419
70
610
840
801
452
204
985
245
788
615
878
958
472
937
598
903
24
222
558
751
677
72
870
607
235
270
967
329
652
613
861
409
308
306
397
478
147
538
86
249
680
562
455
341
988
831
97
377
78
954
115
812
700
779
418
614
42
789
617
868
91
765
121
503
198
228
340
629
1001
44
148
490
522
233
782
820
27
726
120
936
928
486
255
239
879
769
833
764
730
724
584
252
218
904
434
95
400
207
213
969
6
516
395
625
898
543
665
240
391
178
526
266
383
542
592
664
2
287
496
658
545
9
508
836
552
272
740
596
215
568
437
268
376
431
955
743
914
343
56
509
262
407
749
802
291
73
979
316
564
64
622
703
887
763
106
728
200
55
43
626
902
261
327
555
574
84
747
136
232
859
466
328
259
695
260
246
350
952
641
934
304
824
950
738
188
717
109
956
909
651
733
52
537
752
367
427
798
169
125
282
867
792
694
910
227
330
711
130
161
628
420
825
25
674
196
713
507
605
443
548
980
698
279
970
26
467
408
753
41
575
190
965
619
450
821
673
102
21
848
111
470
891
953
511
342
517
441
150
573
712
580
183
813
164
567
87
80
119
606
974
966
402
98
267
303
172
462
388
684
405
714
921
317
790
755
372
361
731
938
284
339
920
551
862
557
16
497
205
932
211
632
931
36
428
871
667
275
296
379
960
358
688
302
993
645
529
842
14
285
826
499
995
692
432
502
644
829
962
143
453
357
280
175
569
248
345
-1
EOF
