NAME : sim501.217568.tour
COMMENT : Length = 217568
COMMENT : Found by LKH [Keld Helsgaun] Mon Sep 10 21:38:33 2018
TYPE : TOUR
DIMENSION : 501
TOUR_SECTION
1
172
300
49
323
105
202
135
146
177
373
20
490
380
97
448
182
493
110
329
327
360
159
46
317
52
337
498
2
259
253
501
195
238
445
65
248
87
421
472
384
165
60
427
163
397
320
476
409
67
361
436
363
181
12
438
422
155
252
109
374
470
171
473
167
21
7
488
123
494
58
107
387
3
296
104
140
233
242
176
139
266
370
364
225
184
162
115
280
44
290
236
299
372
386
141
371
116
47
330
399
124
343
305
45
27
43
366
213
294
174
212
157
264
367
19
249
342
151
4
220
463
292
126
74
186
61
406
449
391
315
396
88
237
341
161
311
318
271
188
466
231
131
350
173
412
76
331
268
85
460
467
375
440
308
274
243
269
228
29
80
30
338
278
82
78
304
226
6
224
404
10
160
403
289
434
196
475
428
206
99
54
193
416
95
168
247
383
15
435
365
457
282
197
23
51
66
261
244
102
301
480
232
209
340
191
14
227
31
198
111
118
499
353
439
279
106
451
128
307
464
250
90
358
36
430
103
53
164
267
57
241
321
461
170
378
426
129
462
256
166
178
297
137
276
33
235
443
381
32
418
356
333
194
379
150
335
411
437
458
346
390
100
11
302
260
42
474
495
322
303
359
273
190
298
368
328
136
469
423
345
354
402
55
441
94
332
471
24
245
413
369
339
459
199
145
204
468
83
125
26
410
84
398
487
415
221
187
295
349
153
351
158
143
50
113
454
25
114
388
477
37
489
293
483
175
486
254
405
319
34
208
481
205
246
201
144
180
39
64
382
313
18
385
255
216
310
465
134
377
281
215
192
217
447
312
478
408
347
479
407
121
309
211
138
401
133
417
262
38
75
223
98
117
376
200
265
77
108
28
258
229
420
285
419
152
9
348
389
73
316
239
270
222
148
325
456
288
96
484
40
450
71
81
336
56
500
275
485
263
394
431
149
86
189
287
400
17
41
251
240
16
433
314
496
492
93
72
79
218
357
68
432
70
147
154
452
35
89
283
127
446
272
362
482
453
257
130
101
395
324
414
69
234
219
291
13
355
120
392
8
214
185
491
156
119
112
284
59
132
48
352
424
122
277
444
286
429
210
442
183
497
142
63
22
62
92
455
203
169
326
207
393
334
306
91
5
425
344
230
179
-1
EOF
