NAME : sim251.156884.tour
COMMENT : Length = 156884
COMMENT : Found by LKH [Keld Helsgaun] Tue Sep 11 17:39:42 2018
TYPE : TOUR
DIMENSION : 251
TOUR_SECTION
1
17
221
158
79
61
45
210
182
87
146
169
106
160
161
103
22
82
67
111
86
223
228
26
92
140
244
162
36
128
132
18
195
229
116
189
198
139
38
68
20
55
28
49
218
70
98
233
222
150
118
178
197
93
97
8
84
56
149
65
102
142
117
130
90
64
237
141
175
138
75
206
112
109
6
241
34
179
190
181
183
236
225
85
95
154
126
123
16
204
89
193
120
177
54
191
129
167
25
69
165
248
214
63
205
147
187
60
2
180
226
114
199
46
249
125
53
157
216
143
170
200
188
164
172
57
159
80
144
230
194
192
110
113
44
133
163
3
48
91
105
10
174
33
207
43
227
11
81
41
12
240
42
76
124
245
96
77
32
166
235
219
66
29
184
58
208
239
231
71
21
9
122
242
59
171
7
155
131
94
50
35
173
220
107
224
31
51
5
78
101
243
121
215
104
30
203
217
23
209
238
15
196
37
234
100
52
145
232
4
201
108
47
127
40
168
136
137
176
39
251
74
19
72
153
119
62
213
24
250
152
148
99
115
156
134
247
246
88
212
211
73
27
83
185
13
151
186
202
14
135
-1
EOF
