NAME : sim1001.310775.tour
COMMENT : Length = 310775
COMMENT : Found by LKH [Keld Helsgaun] Tue Sep 11 09:58:06 2018
TYPE : TOUR
DIMENSION : 1001
TOUR_SECTION
1
389
729
28
497
166
857
558
931
783
424
272
252
949
94
636
626
334
391
295
826
390
126
351
225
648
777
667
152
510
417
162
600
907
560
794
30
318
573
278
491
834
865
742
853
144
253
683
20
418
202
705
73
415
521
785
56
145
136
209
6
307
688
809
987
781
526
24
356
866
195
539
848
591
620
18
36
770
997
528
806
216
283
74
167
579
983
695
482
298
394
178
577
481
984
542
918
979
123
944
957
540
338
206
855
44
431
363
349
568
462
201
330
890
392
786
137
63
407
254
566
410
552
930
241
624
627
772
82
21
503
13
844
697
388
459
91
700
910
611
224
1000
409
815
821
546
509
523
176
229
941
791
205
622
29
685
986
694
89
22
661
291
714
655
789
425
554
40
665
822
740
642
631
301
316
250
950
290
994
213
208
155
38
128
314
914
989
236
61
196
214
46
413
992
771
912
230
955
408
995
798
282
702
43
412
978
727
344
370
33
869
348
64
754
885
217
368
906
78
393
570
732
937
327
35
88
788
71
319
66
674
131
423
693
261
925
240
883
807
646
652
959
547
79
686
263
974
894
951
889
300
148
102
427
357
612
673
104
14
943
445
77
739
669
680
286
211
922
188
505
924
243
920
641
698
632
863
456
402
948
49
928
969
485
220
355
173
501
917
158
366
248
58
333
751
117
557
936
70
160
905
174
438
268
428
270
237
169
543
831
502
347
811
706
534
892
133
530
374
842
559
384
332
565
90
234
42
996
103
519
387
773
41
403
81
692
434
602
3
587
151
321
500
723
531
814
618
476
898
691
382
192
447
470
749
47
480
849
435
507
537
312
322
396
369
877
55
886
443
919
153
644
310
668
238
932
381
609
116
852
506
571
678
203
297
189
962
735
639
797
157
25
379
255
352
108
154
275
953
426
629
515
341
7
508
744
12
873
52
67
529
961
991
999
956
672
651
724
708
260
122
181
757
448
187
524
522
280
488
478
805
471
741
194
617
818
550
442
859
106
871
761
718
99
902
874
671
833
790
662
756
850
899
170
731
226
107
589
511
819
285
48
484
257
998
1001
637
971
313
827
638
635
527
782
149
882
719
433
872
183
165
16
346
323
439
921
437
335
451
329
613
115
373
465
927
660
342
964
707
837
616
897
574
575
429
800
748
463
583
372
823
218
796
879
640
483
779
143
582
98
308
952
965
664
163
228
841
975
345
184
302
856
221
294
72
908
764
499
411
65
769
876
758
467
358
745
277
628
970
911
235
659
458
354
916
766
875
367
988
730
717
596
274
486
868
19
262
743
186
380
343
580
53
681
474
690
584
164
563
643
774
101
132
657
763
867
799
32
54
182
492
541
177
487
913
687
711
359
466
86
444
816
765
258
946
593
340
436
2
960
325
421
199
817
119
84
728
608
972
305
658
518
233
696
710
222
449
621
990
699
808
619
204
934
604
386
615
293
832
446
404
747
326
588
68
375
810
227
457
125
967
27
450
210
654
468
933
320
891
336
311
755
545
776
112
915
159
645
265
726
562
198
50
840
489
271
365
454
820
397
161
704
762
753
190
15
232
200
127
109
838
679
750
215
599
175
328
385
324
581
516
469
513
633
96
836
304
725
851
150
904
858
670
37
251
653
722
93
737
536
689
954
715
553
835
985
734
377
495
231
494
576
603
567
812
185
193
9
551
350
795
860
532
888
630
23
784
940
958
276
69
909
775
824
966
95
139
400
650
432
564
590
414
896
464
813
337
172
130
843
452
110
585
473
976
453
191
60
926
804
281
17
614
121
62
129
309
801
829
968
39
34
279
244
493
156
223
935
419
105
292
981
561
713
623
266
287
977
778
219
525
118
264
5
825
477
666
733
945
455
406
239
138
171
383
556
703
845
884
416
376
472
942
569
75
207
861
303
675
768
721
113
830
142
792
929
854
881
736
895
555
124
839
422
939
362
57
331
716
289
140
267
405
378
901
780
504
607
26
887
100
517
401
586
938
430
288
606
982
538
45
803
141
59
249
535
548
146
752
317
83
259
299
595
572
245
828
880
120
364
284
114
256
578
592
339
549
8
760
85
512
475
246
247
76
634
514
4
11
802
440
864
900
441
682
601
973
520
677
720
605
963
980
180
738
759
993
610
80
31
197
847
179
649
242
647
712
269
97
663
371
846
212
168
273
598
398
903
893
92
793
787
296
496
684
533
676
395
420
479
594
135
361
923
399
947
862
360
147
461
460
544
51
111
498
746
315
490
597
625
878
134
306
709
87
701
10
870
767
353
656
-1
EOF
