NAME : sim251.158833.tour
COMMENT : Length = 158833
COMMENT : Found by LKH [Keld Helsgaun] Tue Sep 11 17:14:49 2018
TYPE : TOUR
DIMENSION : 251
TOUR_SECTION
1
185
77
36
102
122
146
81
131
251
143
204
45
112
238
90
64
17
150
152
249
210
108
96
231
224
82
10
144
153
250
110
128
159
200
46
216
147
129
55
164
215
51
169
14
70
94
114
192
182
133
41
227
145
246
89
212
29
62
235
124
248
54
247
113
76
6
211
79
157
12
168
88
21
59
193
58
26
57
67
119
155
223
158
134
206
105
25
30
52
93
172
111
23
18
16
241
50
42
98
7
84
103
183
39
56
179
209
156
22
218
72
138
106
214
140
217
48
35
170
171
201
75
142
31
4
161
232
244
66
162
65
43
33
221
117
86
229
78
87
74
239
205
186
197
174
228
166
49
28
167
118
24
63
53
101
38
194
19
107
178
20
11
187
3
225
34
190
99
47
100
243
126
173
222
203
85
125
226
127
37
176
154
202
136
135
148
230
165
196
69
208
139
80
237
73
234
9
13
163
220
95
97
181
188
5
189
83
180
195
184
191
32
141
240
130
27
8
233
15
137
199
68
149
245
109
71
132
123
60
177
92
175
2
198
121
151
115
242
44
219
104
160
236
40
61
120
116
91
207
213
-1
EOF
