NAME : sim251.156311.tour
COMMENT : Length = 156311
COMMENT : Found by LKH [Keld Helsgaun] Tue Sep 11 17:06:13 2018
TYPE : TOUR
DIMENSION : 251
TOUR_SECTION
1
144
36
168
95
143
17
238
218
145
156
180
102
32
224
5
230
160
47
91
121
216
183
41
226
57
167
155
138
139
105
172
33
64
113
38
194
13
44
89
162
178
30
46
246
62
78
7
4
198
189
251
237
185
240
170
22
10
70
131
34
157
165
120
42
199
250
202
148
68
75
12
140
122
73
215
205
176
26
69
197
245
58
181
193
76
103
14
129
133
108
43
190
236
123
79
16
61
24
8
164
191
213
85
67
56
45
200
28
37
21
187
249
247
242
77
208
87
39
163
152
211
150
220
151
196
239
201
104
50
229
169
119
209
222
116
90
221
86
93
207
179
71
81
60
186
72
96
125
132
65
204
35
154
135
171
225
74
223
161
109
235
98
20
195
234
174
233
146
92
48
18
248
94
114
192
117
27
210
130
15
118
29
2
232
110
188
63
84
231
40
11
101
23
107
126
166
112
88
115
6
3
53
128
97
137
182
99
25
111
54
214
59
227
134
31
106
80
82
177
158
141
241
124
127
173
19
212
243
142
244
66
49
100
9
136
203
55
52
217
149
184
147
219
228
206
159
51
153
83
175
-1
EOF
