NAME : sim141.127858.tour
COMMENT : Length = 127858
COMMENT : Found by LKH [Keld Helsgaun] Sun Sep 16 00:26:08 2018
TYPE : TOUR
DIMENSION : 141
TOUR_SECTION
1
71
72
111
11
70
44
104
66
89
78
136
117
47
83
32
132
36
61
20
65
8
81
107
82
98
23
141
94
116
140
127
56
28
96
39
69
106
122
63
19
29
91
93
113
26
15
139
87
42
77
130
41
129
3
115
50
90
114
88
121
21
60
92
35
137
102
18
4
64
38
110
34
99
95
52
138
134
79
100
17
131
126
45
6
120
40
124
103
58
85
86
30
67
37
75
118
62
128
53
46
24
31
101
97
73
59
43
33
112
22
54
13
5
108
57
27
80
105
16
14
76
119
68
55
49
135
133
125
25
109
10
123
7
12
2
51
9
48
74
84
-1
EOF
