NAME : sim501.215154.tour
COMMENT : Length = 215154
COMMENT : Found by LKH [Keld Helsgaun] Mon Sep 10 21:39:58 2018
TYPE : TOUR
DIMENSION : 501
TOUR_SECTION
1
192
116
289
451
60
407
93
313
75
19
212
149
3
357
175
390
138
183
261
277
6
459
141
338
190
253
111
298
495
415
300
301
86
170
10
409
70
152
238
155
423
67
216
30
47
427
466
307
127
242
179
401
223
361
171
476
278
35
103
71
271
445
372
249
169
125
351
396
461
66
137
263
166
448
287
120
156
275
133
198
265
164
382
290
53
420
460
318
2
403
440
437
208
172
124
11
187
438
92
165
435
250
118
408
112
207
146
147
117
132
494
55
239
16
32
359
441
487
329
177
470
492
344
262
104
21
483
285
424
25
346
199
68
256
349
80
286
38
398
84
26
456
258
202
392
37
232
50
42
108
377
213
268
91
122
480
264
358
405
337
102
433
148
458
322
399
34
14
140
218
178
297
101
181
97
77
145
314
18
339
501
209
439
130
167
385
308
7
28
206
88
488
356
160
386
311
328
334
473
406
315
324
294
383
161
197
417
78
352
373
257
421
211
180
182
136
333
272
214
489
254
204
360
105
24
474
281
65
295
98
327
462
222
414
158
341
498
79
342
402
292
39
365
434
151
442
224
184
486
95
215
391
312
477
332
200
291
221
484
115
302
429
113
400
176
288
388
493
326
426
500
227
61
267
217
368
293
362
83
393
266
387
15
9
82
234
185
303
174
139
85
464
273
425
123
430
69
41
243
449
395
468
363
194
72
193
410
320
469
20
485
57
310
284
196
188
126
418
436
87
316
219
203
455
17
317
336
235
23
471
304
237
422
444
367
64
345
159
121
51
226
201
452
491
348
353
56
274
49
380
74
144
54
33
331
210
5
255
283
376
432
59
490
280
4
163
128
364
379
413
374
90
29
114
270
481
251
319
150
453
252
99
472
157
225
62
36
168
186
447
419
191
347
343
228
246
269
129
404
394
173
31
58
366
299
119
330
260
467
142
463
94
296
259
153
369
100
389
22
241
465
497
135
279
450
247
189
375
499
479
340
134
8
457
110
378
482
195
240
106
143
305
306
282
46
107
233
354
496
321
89
52
96
412
245
335
443
371
27
431
454
44
48
73
12
411
323
220
230
131
475
446
428
81
244
276
40
154
109
355
478
63
370
248
416
397
162
325
76
43
13
45
381
350
205
384
236
231
309
229
-1
EOF
