NAME : sim251.157926.tour
COMMENT : Length = 157926
COMMENT : Found by LKH [Keld Helsgaun] Wed Aug 29 09:31:13 2018
TYPE : TOUR
DIMENSION : 251
TOUR_SECTION
1
21
104
158
185
135
14
216
213
153
24
171
179
195
140
223
146
208
245
162
173
12
151
118
25
69
17
242
227
246
7
155
198
83
126
130
107
87
230
105
98
65
166
64
9
48
191
170
74
90
46
10
93
152
56
157
212
61
206
55
148
129
22
123
53
27
75
201
31
196
91
220
137
156
72
224
41
92
184
127
237
2
209
132
235
136
81
160
172
231
97
189
76
165
133
167
117
62
174
116
169
20
192
30
121
67
234
71
45
183
214
134
225
243
144
58
168
226
70
218
204
207
150
233
50
109
94
125
3
164
77
250
163
32
124
60
120
66
89
154
23
29
131
40
111
44
178
240
232
37
26
142
36
110
49
51
176
177
193
8
18
68
210
228
180
141
100
96
95
222
115
47
138
251
248
79
219
181
80
119
28
113
35
194
43
149
103
241
159
236
108
78
38
205
175
229
244
249
34
52
186
211
86
59
187
238
19
114
217
11
99
88
221
188
54
139
6
39
101
143
13
147
202
190
197
82
203
145
161
247
239
182
106
5
73
112
200
128
215
15
84
85
42
4
63
16
33
102
57
122
199
-1
EOF
