NAME : sim701.260300.tour
COMMENT : Length = 260300
COMMENT : Found by LKH [Keld Helsgaun] Mon Sep 17 23:08:45 2018
TYPE : TOUR
DIMENSION : 701
TOUR_SECTION
1
211
618
497
88
648
383
685
341
11
330
641
169
510
634
583
255
116
534
163
107
651
424
106
184
165
547
68
208
619
305
101
35
272
266
34
589
694
611
257
681
431
392
204
302
322
390
647
427
511
108
612
403
268
608
473
14
419
94
498
3
50
579
571
573
214
635
568
526
279
61
47
36
586
7
538
690
675
515
18
639
199
312
139
278
189
679
149
19
25
79
240
402
687
410
492
223
316
584
385
54
190
666
588
519
384
30
296
532
399
488
551
205
375
256
86
148
179
549
346
548
333
649
394
530
231
53
244
697
87
317
370
585
178
48
461
253
609
22
33
478
629
218
695
691
664
457
221
275
197
313
441
306
556
60
523
140
598
567
359
276
344
622
533
430
673
371
20
146
301
535
613
260
455
654
117
692
125
413
425
554
109
617
636
379
290
72
198
591
500
645
377
560
536
373
98
458
46
77
575
360
175
469
300
693
157
508
182
259
683
633
298
514
136
505
171
166
100
553
563
327
544
680
5
315
195
607
4
448
506
75
660
545
434
686
249
95
228
90
667
570
207
137
429
111
158
99
328
219
401
462
2
131
669
143
451
83
354
39
186
126
13
472
374
659
307
628
653
352
287
396
580
16
185
56
416
147
118
288
483
254
324
388
174
138
164
194
631
224
133
69
270
172
335
27
334
45
345
470
318
201
595
543
206
151
594
436
408
489
245
464
187
531
670
513
226
566
49
235
643
646
637
41
520
89
527
132
285
237
337
672
466
605
376
363
58
142
596
248
479
665
351
121
423
12
521
587
456
674
661
212
289
145
251
17
518
604
325
460
78
688
365
406
119
213
80
676
662
655
350
96
217
180
698
63
303
282
486
348
230
701
329
699
414
294
85
181
193
627
262
225
81
453
630
177
421
124
347
524
656
684
539
44
9
572
26
529
592
445
304
358
311
616
299
477
428
105
522
141
615
620
454
689
658
215
281
15
84
192
700
323
657
283
562
540
216
433
603
389
626
200
593
597
503
623
438
467
173
232
382
234
426
368
243
624
144
640
449
120
582
76
153
564
65
227
319
400
494
261
239
490
574
29
155
167
507
372
176
92
23
273
380
557
332
122
468
286
331
38
577
528
162
393
267
663
338
293
57
621
475
191
10
343
308
353
356
357
246
326
236
342
203
210
31
552
465
644
600
55
314
491
559
417
32
82
188
130
247
495
291
309
476
542
70
474
222
284
196
366
642
409
170
480
340
123
295
447
678
442
263
154
238
355
378
66
229
405
446
485
114
481
391
64
160
652
102
671
432
28
638
404
274
632
555
606
397
450
59
277
258
112
558
129
367
487
113
650
103
127
482
602
292
590
265
310
561
67
43
418
525
541
202
484
242
471
565
52
443
452
321
97
252
361
422
569
501
412
407
369
104
502
51
8
168
280
516
241
364
135
387
512
459
115
444
349
411
395
578
336
134
271
581
71
517
668
37
297
420
682
220
73
614
250
40
110
362
74
509
610
62
696
386
415
161
159
183
677
537
269
381
264
435
150
398
437
24
576
550
439
599
128
21
42
499
625
504
156
463
339
320
209
152
91
493
601
440
546
496
93
6
233
-1
EOF
