NAME : sim1001.309233.tour
COMMENT : Length = 309233
COMMENT : Found by LKH [Keld Helsgaun] Tue Sep 11 00:59:50 2018
TYPE : TOUR
DIMENSION : 1001
TOUR_SECTION
1
269
353
361
994
364
980
774
472
294
535
773
946
959
404
849
63
694
219
624
686
967
784
797
470
873
598
580
563
252
629
432
369
421
916
146
518
775
429
704
21
853
911
924
52
201
623
756
522
352
112
567
387
568
15
159
877
670
844
695
703
845
899
588
988
74
945
187
79
76
633
889
217
502
419
552
38
157
200
521
65
644
173
53
908
174
823
310
318
299
50
951
855
782
508
551
813
259
867
46
306
847
351
525
985
11
312
894
377
181
663
523
896
997
248
830
689
960
466
854
451
307
991
291
139
152
128
706
358
434
791
454
149
927
9
292
950
327
498
271
901
992
932
388
426
102
839
793
10
424
828
253
605
718
887
562
883
463
412
599
758
475
249
600
639
345
544
514
230
122
767
366
618
795
409
389
183
506
471
744
711
519
243
317
789
614
93
171
47
929
617
596
732
240
735
983
953
905
314
324
166
100
577
995
58
930
383
457
993
336
859
354
943
311
213
561
72
43
204
435
184
610
865
420
328
350
258
958
696
821
394
61
363
75
796
397
346
906
874
884
872
979
130
372
631
676
713
378
396
206
276
616
231
679
339
952
333
145
651
986
386
161
380
972
151
467
70
574
348
565
107
554
652
199
886
175
725
576
768
550
464
44
546
649
440
532
379
675
362
32
749
540
603
741
227
56
700
738
244
415
590
216
987
41
67
902
162
771
94
278
284
970
255
203
337
697
672
578
876
254
716
499
250
416
176
752
591
458
646
474
406
80
207
642
658
37
751
165
622
234
584
108
977
678
787
607
637
746
606
662
640
890
957
720
180
121
64
55
117
135
376
222
468
634
501
547
142
349
483
730
868
748
496
777
504
770
558
126
682
113
341
879
536
776
158
287
272
305
486
660
604
218
966
829
295
313
487
35
636
570
85
89
209
14
647
769
59
861
270
904
221
265
909
494
321
668
484
586
891
2
132
267
587
237
834
822
837
334
666
298
460
937
940
239
833
615
485
82
359
392
148
436
798
212
257
827
708
974
342
264
303
453
726
800
619
638
719
51
989
659
210
913
815
632
226
866
241
340
579
331
674
895
542
569
630
529
804
491
73
31
153
702
609
168
109
555
733
998
18
962
964
110
296
601
944
315
729
712
7
984
947
575
543
20
528
684
179
444
381
509
325
407
530
685
156
8
490
433
335
571
978
395
918
691
101
262
764
654
710
95
127
476
196
766
302
323
923
197
643
841
583
120
356
897
956
954
224
982
1001
360
505
864
316
851
478
211
893
417
275
990
825
123
818
878
863
914
111
266
155
233
137
736
655
247
917
760
541
322
367
581
621
133
301
229
545
922
785
870
431
256
657
612
54
778
290
104
374
293
724
831
549
875
826
141
846
422
742
589
134
512
24
805
965
49
931
33
195
880
754
442
792
228
399
497
263
935
473
36
225
30
664
597
722
526
842
780
447
503
81
140
862
215
903
910
507
824
763
608
871
593
370
393
26
98
71
427
384
338
832
753
553
707
941
961
462
762
860
147
939
182
683
441
928
401
627
740
981
277
96
413
613
723
347
281
106
286
60
13
283
192
16
656
671
819
692
365
888
186
806
452
537
761
912
86
62
781
836
757
443
164
223
260
938
892
357
857
461
611
721
430
709
131
160
816
517
566
425
418
150
801
687
680
319
3
772
648
465
511
750
799
488
949
573
520
23
193
809
807
402
28
261
602
91
971
934
143
136
167
673
516
77
438
469
449
4
915
169
39
450
279
42
820
57
405
289
850
138
626
40
743
838
727
650
667
513
759
538
242
17
144
628
236
428
330
188
90
515
459
802
737
948
699
88
189
594
728
437
45
510
5
245
99
999
635
661
87
423
968
246
375
124
747
665
955
198
734
382
843
582
835
477
534
898
455
817
326
282
620
97
925
116
653
103
479
705
869
559
170
495
731
560
779
355
714
25
996
919
29
592
790
68
129
288
926
693
814
480
285
527
238
191
936
268
114
373
933
220
185
400
788
920
625
22
235
585
548
681
556
194
882
858
105
391
840
202
411
976
385
329
214
715
900
92
810
34
208
755
274
963
745
446
390
410
154
115
942
251
811
533
812
309
557
439
414
783
701
688
669
48
297
308
273
163
125
500
481
205
368
975
907
456
343
856
973
1000
304
641
320
690
190
717
300
371
739
118
398
595
332
786
408
765
482
12
69
852
493
489
280
539
969
885
177
84
808
78
344
677
19
445
448
178
921
531
524
794
403
492
564
119
232
848
645
27
698
803
881
6
66
83
172
572
-1
EOF
