NAME : sim161.127572.tour
COMMENT : Length = 127572
COMMENT : Found by LKH [Keld Helsgaun] Mon Sep 17 08:29:41 2018
TYPE : TOUR
DIMENSION : 161
TOUR_SECTION
1
24
23
130
79
97
65
12
119
11
57
143
45
6
96
9
69
109
113
54
66
71
103
72
141
155
142
39
112
90
59
80
28
13
38
137
101
3
98
148
84
86
73
138
89
153
67
32
41
31
121
152
76
4
53
42
85
43
145
115
74
46
110
78
156
94
126
18
91
135
68
17
60
47
134
83
37
5
7
158
131
114
22
55
120
124
52
77
111
61
106
151
161
133
58
63
14
160
30
93
15
29
62
107
99
95
27
140
132
154
122
139
146
56
118
108
104
35
49
82
159
105
87
149
36
144
92
157
19
100
20
8
64
129
2
48
117
26
34
10
51
136
127
116
123
25
88
70
128
44
21
50
33
147
150
40
81
102
75
16
125
-1
EOF
