NAME : sim1001.306007.tour
COMMENT : Length = 306007
COMMENT : Found by LKH [Keld Helsgaun] Tue Sep 11 14:41:41 2018
TYPE : TOUR
DIMENSION : 1001
TOUR_SECTION
1
285
723
261
322
61
578
246
680
151
576
400
843
344
887
836
893
698
617
628
501
450
29
630
166
727
504
434
584
804
87
334
182
430
826
98
681
734
527
790
540
780
148
477
327
59
868
495
647
604
337
853
425
412
141
101
802
855
270
927
888
374
867
618
955
423
258
622
281
139
55
461
291
358
347
186
89
250
278
373
852
503
906
275
665
757
760
220
193
86
637
20
841
112
329
662
264
958
899
550
236
238
200
372
765
357
523
720
21
17
369
445
908
212
398
787
462
534
190
279
311
639
359
713
956
262
747
147
496
860
256
705
381
500
895
996
661
195
363
796
269
697
917
452
751
924
699
737
980
520
183
82
397
777
18
845
820
949
795
529
822
846
695
435
254
149
117
690
762
580
515
158
380
964
859
419
153
289
588
455
304
473
349
255
458
803
676
862
838
546
603
274
648
625
832
433
292
511
319
732
370
936
459
892
719
383
245
79
549
14
247
7
100
978
553
938
326
178
162
379
726
513
31
808
392
173
706
283
110
679
474
510
235
57
47
135
105
172
499
339
116
750
756
766
725
556
913
669
146
145
483
303
471
367
953
824
286
564
753
376
226
346
134
891
973
656
879
613
743
954
241
778
599
995
60
335
223
22
672
276
138
779
981
763
856
429
360
922
591
468
649
894
202
302
835
566
524
678
537
813
266
519
204
989
545
558
453
610
926
783
619
910
12
655
774
554
465
2
365
52
68
267
794
463
905
50
689
718
249
950
208
467
944
321
858
366
174
854
518
393
507
317
214
560
636
416
818
586
8
128
38
744
594
451
354
548
42
745
918
825
531
866
62
673
90
231
284
998
583
876
30
403
114
66
447
694
714
577
797
282
999
476
684
131
786
632
130
530
930
943
967
133
508
428
498
844
533
439
829
271
521
616
651
920
75
631
993
986
71
1000
157
331
535
914
983
243
83
634
815
615
601
92
658
118
817
850
707
951
175
831
509
739
682
909
126
823
263
833
793
265
233
77
224
449
427
990
571
839
861
46
355
598
152
64
904
746
962
952
408
767
142
305
4
242
487
644
213
565
387
675
606
432
169
700
659
755
717
567
683
402
976
959
420
136
784
970
711
201
170
239
770
81
129
377
481
572
536
901
345
490
456
668
960
413
320
738
502
196
313
789
785
469
733
642
915
984
415
968
350
225
259
945
293
19
569
76
863
692
597
318
65
810
298
424
650
384
421
870
629
729
811
559
312
99
921
307
253
570
638
626
830
882
963
111
579
972
194
159
886
621
643
222
466
294
103
440
49
51
280
585
652
821
332
992
460
645
316
140
188
441
946
438
809
28
897
95
237
865
9
1001
575
988
209
123
516
187
199
764
406
171
378
688
102
562
191
480
70
851
74
801
288
608
73
864
827
816
997
328
478
932
900
715
348
489
664
418
848
491
677
3
590
666
108
730
218
230
903
177
880
268
701
368
640
232
612
125
685
325
740
522
538
754
154
94
160
67
234
69
207
869
568
300
674
609
144
966
624
878
388
834
409
773
216
5
48
484
979
34
623
44
417
772
595
27
874
741
935
143
542
395
693
541
426
155
877
454
552
912
942
792
875
840
404
180
961
260
799
975
338
898
837
687
401
119
807
43
56
907
925
25
470
884
457
709
627
24
356
543
731
150
539
206
532
164
422
37
788
161
941
444
121
748
911
122
314
310
185
54
771
696
708
977
132
721
215
506
189
40
974
33
758
526
168
53
229
931
13
937
847
885
6
205
109
582
488
448
244
574
479
702
525
768
819
446
324
127
486
364
602
399
411
272
181
660
712
896
219
361
557
296
120
710
736
39
883
88
389
63
849
156
240
410
11
306
211
940
192
163
124
561
340
735
493
991
749
217
107
555
475
573
45
137
299
919
671
485
165
442
667
10
414
341
104
881
982
948
32
965
167
716
343
759
939
106
916
704
362
464
596
443
176
352
641
197
769
589
72
407
581
654
517
670
752
287
873
93
791
620
248
593
80
635
761
386
512
614
492
653
663
923
295
544
547
872
800
814
58
390
657
227
436
84
385
969
805
15
16
431
308
437
607
728
273
333
742
228
375
871
301
646
934
351
115
391
611
985
252
528
703
722
987
957
184
947
605
198
806
23
290
929
842
210
798
724
928
221
113
394
933
592
96
633
371
781
26
482
257
971
309
497
78
297
36
994
35
890
353
179
91
472
889
828
342
277
251
323
405
505
97
691
494
857
41
315
336
775
776
203
686
902
382
812
563
782
85
600
587
551
514
396
330
-1
EOF
