NAME : sim251.155395.tour
COMMENT : Length = 155395
COMMENT : Found by LKH [Keld Helsgaun] Tue Sep 11 16:46:24 2018
TYPE : TOUR
DIMENSION : 251
TOUR_SECTION
1
30
41
45
136
17
239
39
82
75
194
59
209
145
224
231
148
21
245
235
49
68
140
13
99
177
142
20
201
98
150
212
74
111
234
157
11
9
159
171
2
63
151
143
118
127
134
146
34
197
168
95
29
179
65
221
236
93
47
216
79
248
139
164
130
121
242
190
137
196
15
117
32
132
147
211
40
186
67
35
89
166
244
187
109
64
213
115
226
238
102
189
246
44
220
222
227
200
14
106
165
28
208
129
175
138
23
56
163
90
188
18
110
101
125
195
223
86
46
77
154
36
249
85
92
116
241
119
184
72
60
214
232
167
120
58
251
152
172
26
16
225
183
25
217
37
230
160
70
133
161
180
62
155
19
205
38
112
4
24
113
135
149
144
191
50
105
124
185
204
202
104
8
126
219
228
107
240
192
173
243
174
210
94
91
100
83
66
22
12
57
122
5
233
156
81
128
6
88
193
10
53
96
123
76
169
198
158
141
131
61
237
182
170
73
27
7
178
215
31
229
207
84
33
3
78
114
153
108
69
206
51
55
87
103
199
250
247
48
52
203
42
54
162
80
218
181
43
71
176
97
-1
EOF
