NAME : sim321.174532.tour
COMMENT : Length = 174532
COMMENT : Found by LKH [Keld Helsgaun] Tue Sep 18 04:10:58 2018
TYPE : TOUR
DIMENSION : 321
TOUR_SECTION
1
133
82
149
228
202
51
276
24
100
29
135
131
215
187
248
263
4
121
240
255
64
185
142
170
111
156
275
143
13
144
63
132
81
108
189
85
264
269
181
50
247
195
162
112
68
122
287
125
271
114
289
36
94
190
67
20
272
207
16
93
200
120
283
280
256
71
59
254
319
53
110
180
320
107
197
317
296
77
49
74
171
194
179
52
87
33
41
281
225
250
106
232
96
222
218
61
157
127
245
220
176
239
89
39
304
21
130
56
229
84
313
102
293
137
118
164
128
136
312
184
113
214
211
86
18
90
253
208
237
66
212
28
217
291
224
37
95
299
235
295
7
154
302
138
285
40
241
277
290
205
80
278
117
60
101
119
300
116
238
191
294
307
126
3
267
150
91
55
227
124
292
158
145
75
5
213
286
243
159
223
234
35
140
12
305
146
70
242
310
288
99
168
178
163
172
219
301
153
173
83
26
314
297
193
244
230
266
72
38
31
262
11
311
270
109
44
14
188
46
260
282
139
8
155
186
233
182
169
62
23
9
17
261
152
97
174
105
309
65
98
306
196
88
315
43
141
259
115
298
22
257
251
160
303
134
2
57
198
42
32
54
236
204
265
203
231
92
177
175
6
15
284
103
209
19
76
268
148
199
79
104
129
274
58
161
249
192
25
10
216
318
69
221
151
273
27
308
34
73
321
206
47
167
123
226
183
30
316
45
258
147
210
166
48
279
165
246
78
201
252
-1
EOF
