NAME : sim1001.306520.tour
COMMENT : Length = 306520
COMMENT : Found by LKH [Keld Helsgaun] Tue Sep 11 14:45:43 2018
TYPE : TOUR
DIMENSION : 1001
TOUR_SECTION
1
575
905
236
730
142
290
209
813
710
880
432
162
792
484
501
361
320
821
118
646
20
818
629
319
840
917
901
351
155
312
384
424
898
864
888
547
121
348
746
160
991
346
165
505
476
376
49
263
996
666
987
277
150
232
623
60
830
10
653
651
54
544
106
925
600
826
387
661
250
204
194
736
848
154
510
924
101
86
665
681
565
912
296
84
442
828
237
56
985
4
702
844
915
345
186
598
341
401
727
846
229
383
416
135
733
180
754
540
740
506
823
564
887
655
117
224
560
788
315
969
847
440
340
455
774
838
87
187
739
634
239
720
753
529
989
295
425
677
444
360
148
24
149
922
255
829
941
893
562
933
976
850
691
328
25
582
946
612
172
638
834
219
621
410
243
474
784
266
609
699
52
601
78
461
633
817
451
285
882
217
66
152
557
971
168
890
134
988
539
576
178
122
202
642
942
308
85
682
781
184
573
636
495
709
201
349
144
26
538
32
511
812
876
722
176
391
126
752
72
298
622
210
729
947
799
708
692
939
42
389
903
862
305
434
657
620
923
515
443
185
992
584
687
524
93
100
373
555
436
550
659
11
618
731
602
999
647
292
800
928
107
590
156
735
541
287
338
963
478
420
615
423
330
15
133
395
614
886
145
641
216
380
833
640
437
703
489
141
725
626
370
531
694
463
583
183
978
197
468
81
452
764
780
306
750
69
318
454
558
865
269
51
891
714
606
896
785
225
334
138
948
689
569
339
835
300
39
554
870
198
329
343
470
881
807
810
669
205
475
303
240
271
559
930
701
199
508
822
770
358
473
222
488
738
220
982
261
594
852
883
359
592
322
684
124
806
12
458
839
113
449
50
98
551
578
153
523
719
289
33
477
163
763
188
820
297
571
73
402
913
637
111
316
705
226
299
40
981
441
957
952
342
716
831
938
206
37
874
956
362
630
993
241
970
413
613
75
595
577
353
386
795
920
472
791
561
950
858
5
79
533
409
419
392
617
246
767
895
336
486
445
215
934
984
453
412
485
492
417
919
827
235
408
398
378
572
136
504
493
45
783
713
367
213
283
798
530
793
1000
527
932
860
97
317
282
869
267
132
456
907
253
673
13
744
777
438
756
742
567
190
502
123
757
775
200
718
21
208
259
482
717
866
819
467
8
177
786
35
542
648
605
787
497
570
102
959
372
816
234
397
119
427
46
664
314
603
61
728
794
954
356
526
464
260
755
429
743
841
955
528
307
867
900
914
130
627
875
507
80
697
333
997
496
990
973
943
556
545
908
966
264
323
77
532
998
749
363
211
769
275
587
82
927
223
251
779
65
366
146
885
535
137
698
327
337
986
19
931
131
71
761
256
273
802
439
354
364
672
23
863
845
751
6
546
128
668
262
872
586
597
593
411
790
446
193
696
159
231
667
962
41
772
879
228
773
721
400
218
233
745
549
516
182
302
29
3
258
2
96
805
221
325
426
706
904
164
693
352
326
935
814
406
252
679
90
832
450
294
500
513
129
585
878
382
503
335
624
139
291
74
979
457
768
421
968
95
548
536
789
861
994
726
566
619
207
674
55
650
114
658
690
683
760
707
625
563
671
680
884
377
147
676
396
481
734
949
902
921
910
953
379
403
591
958
44
344
518
644
553
843
490
964
675
31
447
280
607
537
309
855
460
758
469
645
64
494
479
977
171
89
242
407
433
279
67
83
815
853
723
909
741
654
203
499
522
631
17
519
112
371
801
127
274
700
276
972
189
166
265
393
324
857
104
281
937
483
120
169
244
889
435
588
174
911
62
214
797
284
143
105
656
181
248
491
92
608
179
58
422
856
809
517
293
158
28
125
765
34
940
405
704
108
459
448
748
854
175
639
686
381
628
712
270
161
115
778
652
385
59
99
347
916
331
766
849
399
776
103
431
824
762
944
892
195
311
685
611
983
249
374
466
782
877
238
961
589
191
70
771
936
109
715
596
906
604
18
390
926
660
871
670
88
951
804
22
418
63
365
649
599
975
724
170
301
157
462
808
732
310
375
404
230
836
747
811
897
288
512
321
465
868
414
967
357
415
803
521
995
254
796
945
369
643
332
355
388
552
509
610
480
16
227
110
173
525
94
76
695
759
278
313
663
167
635
487
579
574
960
192
543
632
534
151
974
27
711
520
873
68
678
304
91
247
48
394
30
859
851
196
929
368
350
737
47
430
428
36
980
38
471
268
57
286
616
918
965
116
14
842
825
7
272
245
581
212
662
514
53
43
257
498
688
140
9
568
580
899
837
894
1001
-1
EOF
