NAME : sim161.122692.tour
COMMENT : Length = 122692
COMMENT : Found by LKH [Keld Helsgaun] Mon Sep 17 03:03:02 2018
TYPE : TOUR
DIMENSION : 161
TOUR_SECTION
1
30
49
5
110
121
58
122
66
152
148
101
133
109
89
43
144
84
123
155
24
64
159
15
65
93
137
19
72
14
12
37
18
53
86
79
127
75
96
92
114
115
161
40
50
91
20
27
45
51
117
68
145
120
124
99
35
39
141
2
46
71
147
118
143
10
9
74
153
67
140
128
52
102
32
157
13
44
106
151
154
6
87
97
57
85
4
42
25
95
62
63
76
26
56
111
77
107
11
16
31
125
28
69
82
81
33
134
131
135
138
113
139
41
149
29
22
48
23
80
61
98
38
129
59
21
132
158
70
7
54
126
47
108
146
3
8
119
130
17
78
116
34
136
36
160
103
90
142
156
88
112
105
55
104
60
73
94
150
83
100
-1
EOF
