NAME : sim501.219202.tour
COMMENT : Length = 219202
COMMENT : Found by LKH [Keld Helsgaun] Tue Sep 11 00:31:00 2018
TYPE : TOUR
DIMENSION : 501
TOUR_SECTION
1
30
196
501
284
7
240
189
216
261
146
124
280
63
58
311
481
35
376
203
479
330
317
237
208
173
491
254
109
226
258
420
498
397
422
314
349
316
60
304
404
228
331
161
9
72
231
64
255
379
15
472
489
344
217
59
38
475
355
18
98
298
42
175
303
202
433
47
25
440
201
134
215
354
408
186
442
73
496
164
253
307
388
463
85
260
89
102
22
346
338
313
185
383
17
269
11
151
457
393
394
345
177
290
32
374
356
299
113
333
83
328
69
403
265
21
111
268
410
193
144
183
179
251
296
211
93
155
478
367
341
455
54
103
256
126
413
97
499
51
200
465
387
120
176
243
477
242
153
390
4
68
320
365
39
61
52
359
166
75
375
432
289
425
87
423
92
99
322
362
270
257
19
468
428
480
430
116
114
310
446
28
3
417
244
337
327
467
178
358
117
204
493
343
241
380
171
494
445
369
223
41
192
469
127
5
162
273
44
81
84
163
263
416
150
466
158
437
131
267
94
105
133
218
246
264
471
33
485
396
332
143
482
205
441
490
283
252
168
262
301
213
219
286
137
400
297
214
174
454
110
435
16
123
484
271
272
378
49
221
138
411
222
80
234
245
391
225
78
194
165
182
247
370
353
106
66
156
121
294
79
10
449
342
282
324
274
308
312
452
340
495
100
414
136
398
431
302
470
488
476
395
238
6
12
20
139
108
405
444
326
453
407
91
56
377
474
464
285
279
169
352
434
347
323
48
439
76
295
462
107
206
27
170
74
36
291
14
181
88
132
235
372
382
101
40
191
335
409
427
315
90
172
128
492
55
195
366
112
152
287
450
210
24
227
184
401
82
350
141
438
147
23
384
360
424
385
500
122
399
309
436
230
363
167
418
149
448
278
277
276
86
180
233
486
281
198
447
275
487
115
129
224
37
361
220
130
426
154
140
239
288
145
188
368
159
249
229
13
300
456
232
473
429
236
125
402
336
46
26
443
96
321
119
148
104
483
318
199
412
43
459
266
329
259
419
364
451
2
29
351
381
461
209
207
197
373
187
157
118
71
67
357
135
389
95
348
458
460
77
62
65
371
8
497
305
334
31
406
306
160
292
293
248
250
392
53
45
34
57
212
319
142
386
70
421
415
50
339
190
325
-1
EOF
