NAME : sim321.177512.tour
COMMENT : Length = 177512
COMMENT : Found by LKH [Keld Helsgaun] Sat Sep 15 15:17:11 2018
TYPE : TOUR
DIMENSION : 321
TOUR_SECTION
1
208
232
199
48
205
179
124
229
106
42
209
316
90
182
305
26
93
291
281
145
207
239
271
174
221
169
36
306
152
297
133
248
224
251
14
126
283
31
88
197
314
206
87
242
71
166
285
301
9
28
228
262
234
171
85
129
23
5
309
313
57
261
75
215
278
78
231
192
16
38
236
300
216
82
104
94
211
136
245
102
177
33
219
222
91
55
255
139
18
233
22
269
213
150
257
302
60
247
84
165
317
92
181
119
195
112
223
227
188
79
180
64
58
151
284
2
237
252
212
249
113
15
244
293
86
125
299
175
74
116
65
30
310
178
95
196
117
160
45
59
153
265
304
4
320
214
294
286
44
72
115
147
19
50
17
127
161
105
142
217
268
83
40
29
63
122
288
52
298
190
319
270
275
140
198
70
143
184
243
76
258
296
118
276
62
54
25
183
10
158
148
272
121
170
307
315
49
308
13
39
220
37
135
168
123
318
191
97
107
131
77
303
128
98
35
132
146
120
218
156
280
202
321
290
20
193
167
47
43
194
73
34
27
81
173
274
96
21
141
67
289
240
203
134
162
12
41
259
130
267
266
114
246
159
110
100
235
89
69
11
163
80
172
56
264
138
253
109
260
189
187
263
68
137
66
24
186
46
61
108
8
32
154
176
3
101
273
185
230
6
312
241
254
201
256
250
200
157
144
210
238
282
51
155
287
164
7
99
295
225
292
311
279
111
53
226
149
204
103
277
-1
EOF
