NAME : sim501.221992.tour
COMMENT : Length = 221992
COMMENT : Found by LKH [Keld Helsgaun] Mon Sep 10 23:46:47 2018
TYPE : TOUR
DIMENSION : 501
TOUR_SECTION
1
86
7
331
324
171
279
159
441
71
102
244
100
185
297
340
187
197
467
14
346
116
306
394
57
259
42
77
328
390
488
250
173
68
110
363
46
20
85
247
215
225
29
456
318
55
142
151
282
440
238
304
327
446
49
41
21
22
322
28
125
424
145
457
347
300
415
230
153
148
290
143
453
498
16
163
58
392
196
444
103
265
469
311
278
59
239
473
496
460
464
255
272
52
124
23
87
267
220
62
214
179
501
157
436
337
360
260
414
463
217
465
276
60
122
261
168
88
10
375
466
101
65
413
84
192
389
155
438
45
281
420
53
206
27
150
264
224
277
490
178
474
237
205
209
351
411
99
404
167
455
373
312
268
336
19
384
120
450
216
395
48
210
12
92
262
383
132
299
63
107
365
130
487
319
61
75
425
273
495
308
253
497
468
484
9
109
222
407
70
492
379
320
47
89
111
174
227
201
121
286
325
364
188
56
369
429
257
472
307
119
105
165
330
372
90
166
479
35
67
180
218
25
208
287
398
118
315
137
353
200
258
483
284
393
382
243
140
191
72
164
439
169
302
6
499
361
79
350
335
5
207
443
98
249
269
223
421
2
432
74
254
117
357
480
194
477
354
454
43
144
83
190
115
303
3
447
149
461
400
8
113
154
139
409
126
462
263
108
309
251
175
298
445
285
104
189
371
82
313
296
431
183
114
314
198
493
428
182
459
475
358
170
451
388
368
34
367
93
500
81
229
33
405
91
359
321
485
448
18
31
11
176
135
289
401
419
161
416
386
246
44
4
152
288
15
397
376
112
141
241
345
434
240
211
245
160
374
481
294
348
385
203
295
380
275
442
54
256
226
271
199
310
51
236
64
452
435
387
399
332
494
158
339
172
410
338
333
242
133
73
213
138
486
274
202
470
266
13
343
329
355
24
221
76
184
40
326
78
97
30
66
427
433
471
147
156
231
131
32
402
17
280
146
69
489
26
219
96
106
406
283
233
37
177
370
334
36
127
366
162
341
235
417
50
292
362
316
293
123
491
181
39
95
381
128
193
134
195
356
396
403
136
408
352
301
291
80
204
38
423
228
232
212
349
426
342
234
478
129
412
449
482
418
305
437
430
391
378
458
248
377
317
476
186
422
323
270
344
94
252
-1
EOF
