NAME : sim701.256344.tour
COMMENT : Length = 256344
COMMENT : Found by LKH [Keld Helsgaun] Sun Sep 16 16:50:42 2018
TYPE : TOUR
DIMENSION : 701
TOUR_SECTION
1
224
622
202
484
355
577
123
423
417
548
231
588
694
186
617
206
440
213
225
50
244
25
394
465
314
14
351
581
143
337
189
682
11
676
636
333
644
54
469
93
349
28
259
590
155
168
521
177
632
688
571
560
315
350
429
552
497
441
662
391
21
101
550
541
494
645
56
22
357
23
516
160
46
74
362
29
205
187
73
257
491
67
285
509
229
542
438
24
372
71
625
396
280
578
564
545
678
445
100
422
235
433
382
684
292
87
446
512
243
667
436
527
91
584
2
415
220
144
142
268
120
432
499
414
184
642
15
651
154
217
478
294
582
685
209
132
408
341
458
287
306
207
513
200
176
450
614
237
570
674
318
241
344
289
587
230
298
468
256
431
628
610
454
115
223
472
681
489
307
323
321
589
106
385
600
656
164
329
76
338
683
634
118
556
232
16
332
437
490
208
576
149
443
214
193
86
559
601
533
148
38
367
141
135
264
47
649
13
126
114
364
555
538
94
413
427
650
146
646
116
165
61
109
528
379
201
411
85
169
425
466
266
226
449
500
353
12
517
291
462
249
482
354
452
191
161
633
58
421
282
104
183
537
693
203
383
272
188
284
551
59
42
487
309
540
40
156
157
312
270
5
418
34
404
375
615
234
343
388
310
639
611
544
603
181
308
324
370
444
376
10
654
480
700
174
604
596
346
698
574
511
175
373
661
503
170
53
210
456
275
88
70
506
133
348
598
563
451
606
215
585
680
381
242
434
402
290
325
112
283
269
467
416
428
51
356
192
8
286
653
631
647
401
673
248
476
699
147
618
263
267
406
151
152
305
300
89
297
492
543
111
655
561
612
335
530
360
643
238
410
592
498
565
98
84
553
167
65
198
522
317
179
447
26
159
304
594
672
687
17
501
121
359
247
669
228
130
153
393
595
342
638
27
507
322
558
405
212
139
514
572
185
377
7
502
4
327
613
399
125
505
340
463
295
33
140
398
178
623
20
173
453
400
690
532
227
195
626
171
630
461
102
573
665
609
252
262
657
128
63
368
407
57
6
526
103
216
301
166
635
190
629
583
477
557
281
448
520
471
525
334
273
580
117
127
105
479
75
366
260
81
331
245
313
274
677
575
692
96
336
134
659
384
240
150
162
365
701
136
607
695
251
194
97
60
218
457
254
439
389
568
77
608
593
668
547
124
31
3
39
83
485
424
138
652
409
172
641
515
442
464
330
199
459
345
519
44
48
326
311
43
523
624
9
303
320
697
236
390
137
602
599
277
79
420
107
239
180
679
261
455
435
474
387
41
412
129
293
493
496
45
640
99
539
419
64
80
72
271
534
569
395
495
579
108
620
131
562
529
605
288
163
158
380
546
122
276
660
36
302
92
621
90
430
591
52
278
475
549
658
35
386
30
488
222
392
119
250
246
197
531
95
566
296
663
691
221
19
32
403
648
319
504
481
397
255
361
110
567
536
627
460
686
196
68
233
253
69
299
554
211
696
204
426
78
664
37
473
18
483
616
597
689
586
49
328
378
358
145
55
82
279
352
113
666
619
371
470
363
535
508
510
265
670
339
66
62
347
486
258
374
637
518
671
675
182
316
219
524
369
-1
EOF
