NAME : sim501.216030.tour
COMMENT : Length = 216030
COMMENT : Found by LKH [Keld Helsgaun] Mon Sep 10 21:30:47 2018
TYPE : TOUR
DIMENSION : 501
TOUR_SECTION
1
83
105
320
442
234
377
114
55
10
104
478
207
274
197
279
412
305
155
171
421
77
443
120
226
444
419
43
102
330
30
413
11
301
195
392
162
25
225
246
328
441
431
486
266
28
212
49
311
453
383
216
465
398
152
41
414
20
322
146
117
482
36
498
402
327
113
260
294
404
336
351
96
304
215
180
355
62
60
324
302
101
86
265
379
380
373
221
368
417
65
85
261
387
484
210
57
434
415
296
343
206
352
496
81
494
346
388
108
42
179
271
371
461
54
18
290
418
315
128
185
70
357
393
229
218
479
452
184
287
51
405
47
269
464
23
87
323
477
134
141
480
136
142
272
334
396
440
308
118
196
474
473
82
276
338
115
451
16
420
280
15
284
17
156
309
135
365
481
350
69
92
337
111
56
335
483
400
411
132
360
249
169
220
231
248
5
329
347
193
59
40
38
348
209
247
232
199
125
250
293
39
64
289
173
485
24
429
438
410
27
200
44
252
385
139
278
254
277
35
66
364
462
151
12
306
345
90
72
430
342
80
239
191
124
2
244
307
407
149
29
288
52
382
282
375
126
353
291
9
436
26
157
455
258
103
427
488
313
339
326
319
223
361
312
33
222
8
194
213
214
182
399
91
263
238
267
32
391
331
227
93
241
170
426
189
242
74
401
384
129
298
470
422
316
390
456
314
262
458
131
159
487
97
310
275
386
425
37
325
63
243
378
376
53
437
201
177
76
150
259
58
107
94
435
122
389
48
61
4
167
174
299
273
161
468
449
467
19
370
100
490
251
303
163
13
75
286
144
34
153
164
432
281
71
186
233
362
175
188
6
147
98
268
433
500
381
397
428
224
472
349
295
187
445
489
21
140
84
253
181
406
408
447
333
78
235
297
168
109
317
457
354
358
145
148
116
318
245
176
236
137
22
292
230
374
89
332
424
190
237
450
363
178
356
95
99
106
7
372
499
110
123
130
88
395
300
205
219
264
133
256
469
31
240
283
366
202
493
183
475
403
217
121
79
73
448
45
127
491
501
166
340
466
423
67
172
198
203
208
68
367
160
344
459
165
463
492
460
409
3
270
497
50
495
285
471
476
439
112
228
211
158
46
143
204
359
321
446
341
255
257
14
416
394
454
138
154
192
369
119
-1
EOF
