NAME : sim501.212186.tour
COMMENT : Length = 212186
COMMENT : Found by LKH [Keld Helsgaun] Mon Sep 10 20:48:40 2018
TYPE : TOUR
DIMENSION : 501
TOUR_SECTION
1
17
202
140
34
312
2
129
159
449
8
138
473
298
254
480
493
275
220
360
424
74
144
266
101
492
187
174
329
500
102
321
171
429
283
15
36
13
365
227
454
268
498
109
60
188
468
352
483
288
206
146
111
114
11
401
49
6
413
123
404
143
91
390
315
476
80
455
245
418
121
436
201
64
311
414
494
282
487
141
122
222
280
167
181
192
89
4
273
253
133
317
333
402
472
389
490
212
269
391
145
354
161
69
435
25
12
22
71
103
272
431
478
351
63
350
279
331
451
118
337
379
132
263
130
88
53
437
452
83
430
224
210
150
485
162
213
285
173
370
151
79
426
229
382
61
70
307
420
479
184
128
97
308
489
158
393
294
289
327
135
394
189
116
175
7
204
460
296
469
237
31
419
297
481
357
209
412
380
488
415
324
203
471
90
467
3
205
223
225
260
461
165
149
328
465
243
244
388
75
368
422
24
10
459
501
403
344
153
59
211
291
428
42
19
257
286
256
214
113
462
50
374
191
127
325
261
216
369
230
362
105
372
450
164
21
395
313
48
23
45
336
110
400
292
160
438
447
186
258
399
238
332
300
302
194
353
303
152
366
456
131
239
168
221
267
320
57
358
417
251
482
39
76
193
259
30
409
316
345
81
444
392
58
278
66
117
43
376
115
255
304
240
55
375
427
234
446
495
249
486
120
93
411
78
68
172
305
47
77
423
231
346
484
85
235
166
28
314
157
200
29
155
387
441
287
219
100
425
334
363
139
453
386
27
421
16
95
440
87
361
384
32
73
208
364
56
356
176
37
38
343
499
52
338
137
397
342
470
250
96
310
84
233
398
35
183
14
163
44
318
491
226
434
33
236
448
86
125
252
335
416
301
119
148
18
377
207
264
497
475
277
112
179
40
458
180
265
62
177
274
136
443
262
383
406
217
373
322
106
156
54
99
92
94
306
9
178
270
367
445
407
218
378
46
385
228
396
359
355
98
247
349
309
20
26
348
51
190
82
340
319
41
134
104
433
330
381
147
408
496
326
198
170
371
65
108
439
72
284
242
126
154
197
246
405
281
347
232
339
295
182
466
276
442
271
124
199
215
341
299
432
474
195
293
196
290
457
5
185
67
463
142
323
107
248
241
477
410
169
464
-1
EOF
