NAME : sim251.155865.tour
COMMENT : Length = 155865
COMMENT : Found by LKH [Keld Helsgaun] Tue Sep 11 17:44:37 2018
TYPE : TOUR
DIMENSION : 251
TOUR_SECTION
1
150
33
96
31
198
219
214
120
51
166
109
183
110
38
232
100
2
119
223
30
26
125
6
69
64
37
207
91
250
53
67
167
224
159
229
157
108
156
5
48
149
63
147
179
154
10
236
191
126
140
195
11
173
246
152
177
97
221
44
24
29
54
182
243
127
21
204
12
153
114
74
83
82
116
40
107
160
4
190
17
72
16
81
165
45
103
111
242
132
203
142
99
95
62
112
7
23
46
155
200
85
210
55
42
233
18
52
136
50
193
158
138
148
245
162
172
211
113
216
59
80
20
197
171
89
209
77
151
118
163
22
121
92
87
15
143
90
189
122
49
84
144
98
192
244
199
60
205
8
217
9
194
222
185
75
13
14
168
86
56
145
106
218
124
146
58
187
164
71
28
220
79
25
3
161
115
93
66
61
131
78
128
227
39
65
184
248
208
43
225
215
231
134
241
174
32
202
206
226
240
135
212
230
141
41
196
27
176
175
228
188
101
201
137
105
36
70
19
34
213
181
139
94
133
249
235
47
73
130
129
57
180
234
102
239
68
186
117
170
76
123
237
104
251
247
238
88
169
35
178
-1
EOF
