NAME : sim321.171682.tour
COMMENT : Length = 171682
COMMENT : Found by LKH [Keld Helsgaun] Sun Sep 16 02:02:25 2018
TYPE : TOUR
DIMENSION : 321
TOUR_SECTION
1
38
170
182
243
61
3
313
62
166
292
47
121
102
26
68
91
208
285
8
310
266
163
268
158
319
31
167
97
28
42
110
132
272
73
16
202
280
64
304
5
71
288
20
258
34
241
264
155
49
218
157
294
211
24
318
13
139
59
270
100
72
80
240
281
165
223
55
168
57
39
35
181
295
203
236
50
228
161
242
306
303
131
76
18
152
98
128
105
237
213
204
54
146
205
44
106
107
200
27
230
92
88
125
114
160
48
215
251
185
186
262
314
287
197
111
252
169
37
153
58
127
25
124
36
320
239
142
183
93
134
126
17
214
271
231
172
123
90
227
119
283
317
140
290
260
162
85
210
137
87
19
224
122
253
53
194
222
184
104
305
248
108
60
89
175
30
261
301
56
286
11
232
149
109
70
191
151
247
141
298
244
138
133
263
156
154
32
112
193
300
209
23
130
267
164
103
51
245
94
221
284
178
63
226
246
225
40
276
308
143
82
216
99
14
41
234
265
177
233
148
67
257
120
190
273
12
259
4
84
118
315
206
316
269
302
52
144
195
75
6
274
43
79
321
307
145
15
86
45
212
96
81
254
296
189
199
299
77
187
116
238
207
256
46
289
176
7
2
229
275
293
83
250
173
297
198
179
174
311
159
69
279
277
150
291
217
171
21
180
249
278
113
117
29
136
95
201
10
129
309
188
9
192
235
22
115
219
147
255
66
101
65
135
33
74
312
282
196
220
78
-1
EOF
