NAME : sim251.153908.tour
COMMENT : Length = 153908
COMMENT : Found by LKH [Keld Helsgaun] Tue Sep 11 17:05:13 2018
TYPE : TOUR
DIMENSION : 251
TOUR_SECTION
1
150
21
217
158
19
133
49
137
55
10
13
3
76
23
235
250
157
148
77
225
135
25
226
223
103
212
169
63
247
205
115
228
224
222
95
42
11
179
185
172
139
159
195
143
54
189
202
85
236
30
171
80
53
22
123
244
16
155
45
220
58
208
246
75
64
40
198
161
28
206
81
216
152
141
35
52
204
194
107
188
176
94
31
46
106
34
191
149
105
114
126
165
128
29
156
215
36
121
131
2
39
41
184
203
219
237
60
17
66
37
243
89
186
93
154
73
33
241
72
170
218
231
119
251
177
8
181
118
65
111
182
192
20
140
160
112
130
57
168
74
210
61
193
245
78
164
24
9
187
101
201
174
173
151
211
232
68
209
26
214
71
153
227
199
56
38
146
120
14
110
109
62
18
51
100
97
238
7
138
200
233
230
129
32
240
79
87
132
242
249
207
163
5
48
98
175
248
102
47
90
27
67
104
178
88
82
50
197
125
92
134
167
145
99
229
4
117
183
6
84
59
70
44
136
127
69
96
122
15
180
234
116
12
166
190
144
43
221
239
113
108
162
91
83
124
86
142
147
196
213
-1
EOF
