NAME : sim1001.306667.tour
COMMENT : Length = 306667
COMMENT : Found by LKH [Keld Helsgaun] Tue Sep 11 12:12:08 2018
TYPE : TOUR
DIMENSION : 1001
TOUR_SECTION
1
454
191
91
682
690
693
917
457
258
579
670
627
837
46
336
198
765
825
147
116
881
639
422
17
710
774
790
623
460
328
676
522
416
279
742
430
174
619
62
521
224
800
448
87
256
4
33
397
762
842
15
831
480
773
2
364
971
606
655
929
637
701
830
906
121
646
544
860
858
244
484
591
903
338
271
524
37
468
615
99
696
895
731
13
51
64
159
746
223
196
109
612
998
946
973
187
472
995
107
398
170
339
353
282
212
479
772
832
447
645
520
406
715
221
322
26
166
367
871
535
489
465
962
181
315
785
385
818
504
10
519
160
629
382
164
106
823
240
835
297
335
175
947
318
103
874
632
577
857
263
112
688
600
957
234
6
304
63
910
868
129
420
787
536
515
84
932
5
474
562
442
350
759
24
471
122
158
466
662
663
351
877
526
206
50
340
54
255
681
833
854
71
636
331
809
308
101
999
635
561
912
806
578
979
983
371
458
185
259
660
543
708
189
144
583
439
680
875
727
626
755
525
862
264
843
795
749
280
399
498
427
1001
451
913
889
532
251
861
758
941
596
492
362
209
21
81
960
744
346
410
32
542
358
467
859
123
866
950
799
805
904
574
273
726
791
421
767
396
617
876
290
530
313
267
287
572
337
252
566
766
510
141
60
176
955
36
707
501
880
667
444
677
789
286
780
488
436
989
407
120
919
327
610
114
395
804
178
11
453
905
944
200
233
985
433
570
29
633
377
25
180
225
846
907
658
558
568
616
1000
111
661
927
840
966
42
650
992
400
69
923
228
303
359
455
40
152
847
691
956
330
418
354
674
528
514
125
782
23
312
918
203
850
253
869
730
721
214
506
984
431
295
452
557
517
213
611
732
786
157
105
220
401
856
750
546
896
246
675
899
95
797
571
309
976
324
202
961
503
887
393
855
512
219
618
643
67
93
656
22
145
892
883
414
307
594
736
450
865
249
96
272
556
386
115
487
969
355
376
901
822
419
802
409
27
205
254
320
700
752
735
952
238
754
580
649
925
553
713
423
972
478
640
836
494
839
924
953
565
584
323
513
935
614
283
672
496
582
88
154
739
781
210
531
343
711
936
74
314
261
390
475
624
236
476
914
201
7
366
761
352
356
718
951
184
163
34
770
167
47
9
266
807
757
819
16
126
702
706
360
888
296
76
35
86
588
908
599
135
851
867
155
704
204
848
215
136
590
268
143
128
372
194
716
683
900
511
59
738
844
276
388
592
477
441
939
970
39
139
734
545
722
815
714
821
90
326
560
18
245
281
977
368
533
841
379
462
703
926
195
370
792
934
720
529
232
576
117
438
653
349
794
425
72
712
829
603
991
593
137
384
247
473
231
938
113
329
432
779
317
241
813
540
190
608
902
65
747
537
199
719
227
793
647
79
413
292
77
587
573
894
586
808
669
169
741
14
891
165
237
737
80
567
937
509
424
604
497
412
607
459
622
373
728
686
551
138
183
302
609
464
920
172
644
269
523
733
294
78
659
729
347
173
788
882
849
207
508
486
863
878
257
684
625
575
342
597
369
915
310
954
146
777
218
879
429
301
404
549
602
408
687
179
98
57
764
898
217
235
638
760
260
994
3
811
548
884
316
987
827
945
188
28
978
44
745
127
988
990
634
893
776
771
959
97
150
449
679
208
55
149
928
751
456
499
333
102
405
665
332
725
171
177
19
958
43
547
491
383
668
142
197
270
965
443
230
724
411
250
94
299
796
559
598
621
964
31
585
30
8
161
41
648
151
482
73
500
402
949
265
58
363
446
975
666
469
595
417
162
85
470
239
341
921
182
564
651
344
216
967
886
375
685
948
873
148
798
784
783
348
974
345
885
293
334
986
434
262
311
996
361
723
275
133
193
226
743
288
463
550
277
775
916
365
673
942
527
630
485
48
963
812
922
387
654
493
153
890
589
816
415
620
541
554
428
518
104
211
698
940
130
753
852
124
132
628
828
357
306
872
689
53
534
248
778
933
911
845
381
298
968
389
403
89
108
285
61
678
229
131
507
717
100
834
997
278
140
445
563
118
242
300
502
374
110
709
897
826
481
426
555
552
284
864
156
305
605
631
49
930
980
838
664
289
671
613
505
931
538
52
70
748
461
697
45
168
810
437
870
820
803
539
380
699
274
75
943
56
490
243
319
641
440
83
769
66
581
483
82
119
394
756
801
186
692
92
569
853
391
982
817
642
134
652
321
12
38
981
814
495
993
740
694
695
291
20
824
768
68
325
222
192
435
516
909
657
392
601
378
763
705
-1
EOF
