NAME : sim141.117439.tour
COMMENT : Length = 117439
COMMENT : Found by LKH [Keld Helsgaun] Sun Sep 16 09:29:46 2018
TYPE : TOUR
DIMENSION : 141
TOUR_SECTION
1
32
127
141
21
78
132
37
138
125
13
18
54
140
68
33
69
90
137
76
28
22
48
42
99
108
12
61
25
7
40
10
131
29
8
112
128
16
97
52
123
84
27
59
114
72
118
105
77
121
34
134
19
81
104
80
136
39
126
103
135
87
110
65
124
5
119
24
130
88
111
73
101
70
38
43
107
79
67
75
117
83
139
62
74
45
92
44
94
98
93
120
23
9
36
50
30
20
49
64
51
129
91
63
35
46
71
115
60
55
113
89
133
56
17
66
26
95
4
122
53
102
96
109
106
116
6
31
15
85
100
82
14
47
57
11
3
86
2
58
41
-1
EOF
