NAME : sim251.156133.tour
COMMENT : Length = 156133
COMMENT : Found by LKH [Keld Helsgaun] Wed Aug 29 09:05:37 2018
TYPE : TOUR
DIMENSION : 251
TOUR_SECTION
1
154
182
206
164
64
9
81
4
42
127
54
105
35
148
208
22
217
156
49
236
85
63
144
225
178
126
215
70
209
237
96
174
242
112
177
173
150
186
172
231
143
170
84
43
161
201
3
23
88
219
15
62
181
120
118
78
121
193
241
228
158
82
152
234
16
46
19
245
76
189
128
87
71
21
5
125
52
90
147
13
248
101
39
149
187
7
44
98
196
130
131
69
139
202
238
175
227
251
138
123
37
146
136
239
230
113
151
116
60
210
216
93
83
24
80
244
74
200
211
137
153
180
141
168
111
57
55
224
50
249
167
195
117
163
114
109
145
61
213
56
53
58
142
26
95
157
135
140
38
100
67
110
40
133
86
183
220
66
18
134
191
246
79
214
36
25
223
99
192
159
31
185
171
221
51
75
122
103
162
48
124
218
102
20
129
89
34
73
198
12
17
176
92
222
229
165
199
97
212
235
226
32
10
207
233
59
65
160
2
11
184
77
27
68
132
47
108
204
14
194
205
115
30
243
232
119
45
169
8
179
107
91
72
203
250
190
6
197
28
29
41
106
94
188
104
33
166
240
247
155
-1
EOF
