NAME : sim501.221608.tour
COMMENT : Length = 221608
COMMENT : Found by LKH [Keld Helsgaun] Mon Sep 10 21:52:30 2018
TYPE : TOUR
DIMENSION : 501
TOUR_SECTION
1
170
315
132
443
451
411
476
268
388
337
183
17
482
253
209
224
399
172
354
481
15
204
77
300
71
362
54
305
226
214
393
387
234
355
98
409
257
148
477
330
497
380
498
252
283
260
374
398
11
277
244
113
326
322
196
190
223
396
341
136
424
400
457
239
363
188
441
453
232
84
217
358
48
3
14
333
158
417
74
308
412
93
245
235
270
278
59
40
116
39
467
428
169
50
174
60
465
286
430
303
292
62
141
487
342
152
46
492
395
296
19
210
99
350
304
193
42
104
500
343
366
129
266
276
432
66
21
128
58
30
468
423
408
192
458
448
269
127
460
122
444
109
124
436
202
317
261
413
111
331
137
463
120
391
381
353
112
427
461
16
379
182
155
29
491
349
490
378
406
108
197
28
184
212
281
33
81
195
386
87
480
53
34
336
121
200
496
488
233
95
7
138
375
501
221
117
475
421
230
401
26
442
163
146
267
23
207
187
205
371
340
347
144
150
82
142
118
420
294
147
344
203
41
464
106
455
52
161
92
438
115
218
6
73
494
86
186
272
102
162
364
229
324
63
107
123
65
191
279
38
264
131
110
189
194
31
348
27
247
486
173
447
97
91
249
405
339
314
318
313
80
493
285
429
165
78
394
356
69
153
228
293
369
43
151
462
8
254
435
206
426
47
325
445
250
368
67
5
288
2
321
390
216
319
289
61
365
499
133
431
466
434
57
139
4
175
208
440
227
75
201
446
382
310
329
302
246
103
495
134
439
345
290
166
485
68
471
236
335
135
177
145
404
156
282
479
90
384
309
280
9
410
291
372
274
237
125
171
377
44
149
180
472
357
469
35
307
96
241
83
12
157
89
316
297
392
361
275
72
181
25
167
22
105
94
49
13
414
255
433
18
36
422
425
64
100
76
287
383
56
299
273
407
415
225
154
327
55
37
312
198
450
213
370
256
243
484
397
10
419
51
311
238
240
284
456
320
185
211
101
143
231
328
301
251
85
489
352
402
79
179
32
222
20
418
298
483
159
220
385
295
70
168
334
164
416
178
449
474
24
248
459
478
376
332
437
373
126
176
215
258
389
219
160
242
367
114
351
452
271
470
119
360
323
306
346
265
199
359
130
259
140
263
45
473
338
262
454
88
403
-1
EOF
