NAME : sim1001.306787.tour
COMMENT : Length = 306787
COMMENT : Found by LKH [Keld Helsgaun] Tue Sep 11 03:29:23 2018
TYPE : TOUR
DIMENSION : 1001
TOUR_SECTION
1
563
714
299
539
700
967
285
305
529
360
22
701
144
648
222
609
602
782
848
234
678
703
341
3
802
677
279
462
540
203
601
577
406
44
209
318
669
625
153
970
75
995
865
662
141
983
482
826
27
335
252
384
68
315
584
620
207
880
125
94
599
574
787
450
521
665
96
156
800
993
497
811
494
231
773
104
91
517
791
70
291
556
394
622
499
376
820
679
426
725
639
959
987
90
928
948
989
460
293
271
344
766
585
606
202
737
778
215
997
688
541
439
346
280
810
859
185
42
8
974
452
663
361
355
230
19
829
760
348
178
744
165
192
694
842
832
885
513
971
56
618
797
560
570
243
419
633
250
190
808
4
532
552
45
437
233
374
124
975
821
475
16
709
936
489
126
236
286
852
504
377
20
834
626
798
575
232
408
534
128
595
438
520
572
957
909
862
127
101
866
78
220
640
400
330
533
240
402
831
853
841
538
343
10
37
451
478
519
81
467
727
48
166
241
762
543
925
167
991
630
878
253
181
114
121
553
952
193
943
721
877
476
929
309
524
757
912
565
699
768
226
920
275
863
40
923
111
484
855
117
311
901
861
380
423
655
338
266
85
515
143
769
824
276
107
705
433
591
186
195
46
702
477
604
671
659
347
809
216
351
598
444
137
277
205
100
876
409
676
958
530
34
466
638
349
806
750
60
270
594
483
616
644
651
600
99
555
646
282
684
528
988
5
786
77
395
642
302
325
30
183
607
736
884
434
746
314
106
789
485
488
947
918
550
955
23
150
424
968
915
14
582
557
229
683
645
888
894
889
198
554
182
632
573
801
235
980
64
59
204
103
549
86
6
872
512
545
296
846
304
953
118
201
392
672
715
922
92
401
208
200
934
454
567
735
274
258
593
776
105
11
469
29
52
814
54
194
147
333
67
972
332
628
31
960
69
449
857
184
370
854
334
320
35
440
706
345
847
319
256
730
547
896
535
698
448
366
41
977
369
43
65
247
752
691
643
879
175
511
610
897
751
122
816
544
985
413
421
130
658
931
932
581
693
690
496
162
152
935
248
777
393
890
324
858
473
317
146
963
386
447
187
731
15
755
711
108
472
212
867
790
875
942
965
729
159
161
283
792
123
430
158
25
722
830
50
490
796
326
84
743
754
51
738
734
508
681
251
586
365
179
881
979
805
176
756
505
259
944
742
954
945
666
310
115
327
986
383
996
562
749
670
781
337
667
177
113
422
501
303
664
316
88
479
994
133
72
340
32
845
272
382
950
839
680
26
284
558
135
531
753
763
510
647
425
592
874
603
95
747
780
420
657
486
840
18
981
373
38
428
886
396
837
28
961
723
589
873
921
536
732
793
813
966
62
500
568
138
613
926
87
281
357
641
650
140
435
213
364
973
1000
429
765
191
850
53
927
196
265
287
708
415
856
228
891
273
523
33
571
733
914
197
237
649
654
707
719
39
458
331
629
445
843
819
323
321
772
405
990
548
174
590
480
55
771
294
775
933
455
9
58
674
919
214
559
956
498
163
615
525
66
870
339
930
905
418
785
132
356
838
168
21
724
336
799
864
342
199
306
612
902
82
2
255
583
264
833
397
822
217
551
390
269
774
660
713
307
292
566
481
378
907
904
759
903
908
900
818
940
587
97
387
784
359
295
79
836
493
978
895
635
290
443
300
795
157
36
804
526
442
619
267
611
432
951
416
682
391
695
244
761
883
238
668
47
783
887
119
503
748
298
242
720
537
849
794
624
227
206
652
779
120
260
828
57
969
739
83
851
389
225
471
24
892
142
353
89
411
261
268
653
718
495
764
998
358
412
17
999
367
608
906
363
93
984
407
74
7
869
913
221
80
219
637
518
160
249
492
398
868
463
898
116
329
189
740
474
410
459
180
136
245
173
882
588
154
372
911
569
661
579
441
12
109
564
817
546
131
110
788
710
297
687
939
371
578
169
938
827
301
188
399
288
102
627
468
812
257
210
770
815
313
170
692
385
403
506
561
381
76
924
623
871
164
716
712
431
218
576
246
860
992
689
917
61
527
807
134
354
745
502
617
758
352
621
155
139
417
542
49
686
461
211
368
149
148
696
263
962
596
631
129
509
941
470
13
656
946
685
262
171
516
597
172
98
112
404
835
224
726
487
916
982
453
580
446
844
350
636
507
379
741
1001
375
312
910
362
522
675
614
976
308
254
436
949
697
427
151
605
278
464
457
456
964
728
414
322
937
899
223
825
704
71
634
145
803
388
289
893
491
673
465
63
514
717
328
73
767
239
823
-1
EOF
