NAME : sim141.118087.tour
COMMENT : Length = 118087
COMMENT : Found by LKH [Keld Helsgaun] Sun Sep 16 05:37:43 2018
TYPE : TOUR
DIMENSION : 141
TOUR_SECTION
1
126
101
98
100
48
56
130
114
66
35
28
125
61
25
121
44
83
22
6
11
9
104
34
46
117
23
136
89
87
42
16
103
71
118
75
102
4
122
119
129
69
63
92
64
36
86
138
77
51
85
96
24
5
67
59
110
60
120
50
29
57
65
19
17
15
93
58
12
7
41
31
113
2
43
10
109
68
99
39
131
18
47
81
33
115
70
73
105
135
111
72
27
80
97
14
88
84
49
116
90
107
106
123
40
20
8
32
134
38
62
55
82
137
132
79
94
133
45
127
52
53
128
108
76
37
74
30
91
13
54
26
140
112
78
124
3
21
139
95
141
-1
EOF
