NAME : sim321.180411.tour
COMMENT : Length = 180411
COMMENT : Found by LKH [Keld Helsgaun] Sun Sep 16 04:49:18 2018
TYPE : TOUR
DIMENSION : 321
TOUR_SECTION
1
135
256
258
62
117
161
236
30
20
242
10
179
226
99
151
293
4
116
315
87
246
100
174
268
210
42
23
55
37
167
89
286
213
133
33
128
294
214
298
253
188
22
140
74
19
320
303
209
150
314
54
166
204
158
277
263
266
3
251
319
321
197
177
184
11
64
120
225
264
207
130
296
8
183
282
313
160
233
261
291
57
230
85
302
121
29
69
267
88
146
260
254
299
216
222
5
244
13
199
283
41
104
61
118
6
259
72
63
196
249
200
169
305
47
70
205
257
114
143
309
229
112
67
170
255
109
16
51
162
75
138
34
287
52
274
28
21
290
18
192
144
113
60
27
94
148
262
132
65
123
32
212
92
241
40
243
202
142
231
275
276
83
7
206
297
215
141
124
86
98
220
300
156
223
198
187
240
318
247
49
234
176
173
194
208
82
96
164
217
278
71
145
186
168
39
237
12
238
245
43
191
2
93
125
106
44
110
175
50
239
271
301
108
126
107
280
289
102
295
154
78
56
25
131
15
105
26
235
163
288
180
103
284
221
250
101
17
306
155
265
122
48
195
228
76
24
119
292
115
224
218
317
219
68
137
165
190
79
134
307
312
46
178
127
316
77
279
35
159
81
203
147
95
31
193
269
227
304
58
14
36
311
281
201
232
182
80
149
270
66
189
111
9
252
91
38
172
285
157
211
153
129
152
272
171
136
53
273
248
73
308
59
185
45
84
97
310
139
90
181
-1
EOF
