NAME : sim161.124013.tour
COMMENT : Length = 124013
COMMENT : Found by LKH [Keld Helsgaun] Sat Sep 15 08:47:43 2018
TYPE : TOUR
DIMENSION : 161
TOUR_SECTION
1
54
77
128
135
107
80
8
32
129
156
71
99
20
55
90
66
136
29
76
86
36
15
102
49
5
64
9
133
31
111
22
96
23
120
13
16
91
68
75
139
85
37
18
57
6
30
158
19
150
132
58
105
7
122
74
146
41
110
143
25
138
93
40
67
51
83
46
42
38
126
34
145
104
65
73
112
124
140
155
157
89
141
79
142
87
106
109
117
24
131
3
12
119
60
84
137
152
161
10
100
26
11
61
115
147
92
45
44
159
33
56
113
52
48
121
63
81
28
88
69
4
127
149
82
103
53
154
43
134
97
27
72
130
35
116
118
98
95
78
94
125
108
62
114
21
39
160
123
148
17
50
59
151
144
101
47
2
70
14
153
-1
EOF
