NAME : sim501.217365.tour
COMMENT : Length = 217365
COMMENT : Found by LKH [Keld Helsgaun] Mon Sep 10 20:52:24 2018
TYPE : TOUR
DIMENSION : 501
TOUR_SECTION
1
86
277
255
257
380
398
482
285
254
83
59
56
496
84
492
339
132
101
184
452
416
120
192
3
351
115
228
227
36
396
267
92
174
297
368
199
191
300
473
432
122
244
160
500
144
451
413
443
77
94
18
12
343
501
317
29
469
325
211
135
352
163
434
210
276
229
54
291
498
17
118
219
324
202
240
309
13
111
481
377
290
140
196
408
204
145
236
409
448
168
129
241
183
445
338
51
102
116
50
477
97
379
484
128
284
119
389
487
242
189
57
425
304
251
450
193
181
301
42
274
170
422
32
30
433
468
372
171
318
293
105
431
419
358
357
266
114
130
415
186
179
457
34
370
280
347
4
403
234
362
35
150
152
384
67
213
383
124
349
108
232
411
342
395
279
249
337
341
195
248
6
176
273
303
76
315
412
96
250
58
490
385
442
218
123
269
287
488
138
464
37
146
354
381
387
55
142
238
7
345
322
117
268
247
8
95
169
479
386
98
308
278
333
455
260
125
348
418
11
156
110
70
166
178
330
63
283
201
414
259
103
79
393
367
162
221
53
312
89
235
261
188
39
230
49
428
208
298
449
440
447
331
292
334
133
112
369
427
197
74
2
68
104
91
121
185
314
332
172
258
167
180
225
15
406
126
472
480
299
465
265
66
397
438
435
453
173
316
262
44
19
75
328
62
407
296
336
390
224
46
139
373
470
366
231
151
346
40
270
148
93
21
327
71
401
391
64
271
81
14
60
476
436
88
155
466
263
222
177
426
363
99
239
420
164
423
23
458
237
459
216
462
460
209
344
486
493
360
305
302
356
10
136
78
275
26
429
494
80
461
475
226
153
313
456
113
187
350
107
320
109
424
90
310
256
52
233
190
471
295
212
392
245
198
16
374
272
361
321
45
205
137
388
69
311
430
405
340
206
444
165
48
147
399
281
491
158
323
72
43
25
28
154
20
38
359
294
499
282
400
382
220
31
375
214
33
474
47
365
207
200
9
159
41
319
307
288
246
454
364
215
5
161
85
467
421
175
73
82
194
127
141
157
353
497
131
478
437
286
149
217
61
489
483
252
441
417
485
223
371
106
410
24
27
243
376
87
264
253
335
446
65
402
289
134
394
495
329
404
355
306
203
439
143
22
463
100
326
378
182
-1
EOF
