NAME : sim701.258629.tour
COMMENT : Length = 258629
COMMENT : Found by LKH [Keld Helsgaun] Tue Sep 18 06:59:24 2018
TYPE : TOUR
DIMENSION : 701
TOUR_SECTION
1
280
550
175
269
347
529
91
448
660
571
683
635
476
107
485
439
648
135
301
189
377
449
194
34
670
57
498
426
315
436
270
67
606
242
386
500
690
360
400
266
392
397
343
5
673
110
419
382
186
181
700
592
64
101
153
620
489
488
247
644
646
52
481
243
451
656
184
408
144
667
132
268
655
307
685
92
214
157
197
372
433
527
642
462
636
335
47
165
54
29
543
172
244
379
649
585
188
582
216
625
53
627
589
154
222
687
60
215
209
519
113
368
346
536
669
338
499
546
3
340
156
43
251
664
213
514
666
260
133
235
409
150
159
171
621
10
163
112
254
250
78
114
563
465
564
679
460
302
211
556
137
611
292
604
417
468
577
410
68
440
106
601
49
388
11
225
42
336
478
117
330
479
678
273
177
345
457
50
365
104
697
456
569
193
532
595
580
497
90
72
103
348
541
179
7
341
321
41
123
30
288
27
267
480
226
380
122
624
469
357
168
652
86
351
290
387
699
435
572
403
116
399
102
549
395
286
418
217
613
668
300
227
105
277
544
152
221
356
420
694
255
329
310
361
24
149
39
223
230
473
23
204
547
295
20
583
467
538
173
654
558
48
455
138
609
88
623
437
653
136
471
466
578
472
257
553
331
248
160
562
576
176
526
16
83
134
9
337
493
520
89
632
631
505
608
552
450
322
614
17
308
224
447
205
607
531
13
319
287
115
245
344
80
143
174
596
575
548
182
376
4
422
407
199
458
236
559
180
557
560
200
232
570
459
164
506
333
332
98
554
390
141
15
693
37
237
264
6
496
317
8
566
371
598
486
661
124
129
617
681
511
229
521
515
633
474
66
231
573
297
140
312
166
626
629
84
148
600
524
650
430
701
32
275
44
285
492
574
431
427
323
618
539
691
85
366
108
196
190
21
384
281
218
195
561
233
688
121
461
62
246
375
282
93
313
95
125
530
453
327
579
501
484
303
118
296
314
590
325
151
659
45
441
274
265
161
241
630
423
412
373
249
675
452
442
239
71
398
394
645
187
634
279
482
698
185
671
359
284
445
444
676
289
446
404
28
509
127
615
597
316
304
504
354
545
628
523
128
647
639
528
262
320
374
79
411
363
139
641
591
324
147
616
502
76
234
513
70
355
263
305
94
507
512
612
684
191
584
142
61
178
167
272
65
463
271
594
555
588
18
58
170
362
638
291
686
75
100
405
311
672
396
306
99
131
677
487
640
19
349
421
483
207
370
593
665
510
610
551
59
657
36
31
401
443
56
158
130
353
339
220
369
658
111
516
278
25
689
2
385
432
183
542
602
605
119
299
533
109
587
674
206
259
38
680
219
169
228
568
35
208
81
283
581
522
87
212
326
413
14
378
415
535
402
203
692
540
389
256
350
82
416
261
622
96
74
425
309
619
12
494
663
46
253
55
477
364
293
434
51
637
662
210
69
454
328
192
97
599
565
414
252
464
358
383
352
567
429
318
438
367
126
475
238
424
298
33
294
22
155
651
201
73
276
586
26
695
428
682
198
334
406
77
534
120
202
491
146
603
391
495
696
393
381
63
40
525
470
508
145
537
240
503
490
162
517
258
342
518
643
-1
EOF
