NAME : sim501.217410.tour
COMMENT : Length = 217410
COMMENT : Found by LKH [Keld Helsgaun] Mon Sep 10 22:01:44 2018
TYPE : TOUR
DIMENSION : 501
TOUR_SECTION
1
15
241
348
425
413
124
403
416
453
436
380
281
448
256
205
163
218
176
405
248
41
409
33
284
462
339
143
335
232
285
18
270
369
139
160
125
247
386
269
154
172
82
421
212
375
412
180
3
53
439
110
362
142
490
262
390
228
395
150
105
222
79
165
294
457
254
203
108
244
474
133
384
61
107
441
81
278
381
131
196
227
249
213
153
435
161
219
22
221
90
84
438
54
117
318
322
266
29
306
187
297
267
432
460
308
261
398
310
387
35
451
68
96
167
6
158
316
492
355
93
72
276
419
106
491
408
49
94
168
434
346
123
466
104
307
78
446
182
315
76
144
314
148
420
289
235
152
240
192
171
169
39
202
430
97
122
461
406
52
60
19
321
138
286
251
175
312
147
237
63
370
496
414
341
311
209
28
440
134
481
329
424
128
67
189
159
477
344
367
377
293
111
208
340
427
80
495
459
442
431
402
151
224
292
145
454
487
109
217
500
259
303
89
234
283
27
373
388
116
497
374
129
338
280
418
200
480
470
13
445
366
501
328
336
498
326
231
392
358
58
113
181
88
449
468
350
69
364
194
230
140
277
343
32
309
98
183
99
210
45
40
126
482
177
179
360
130
333
342
345
166
396
295
216
473
363
463
467
185
135
359
356
112
42
178
257
157
199
426
433
465
38
298
23
233
10
323
226
304
5
229
429
43
268
86
201
382
479
8
365
73
197
287
170
291
393
478
31
136
378
85
16
400
12
149
204
351
404
250
91
422
476
464
186
428
46
264
407
238
423
353
493
34
252
246
162
317
411
320
20
485
75
17
115
146
195
2
243
475
44
274
272
114
279
410
211
371
456
101
263
313
302
385
223
447
273
331
282
50
207
95
334
56
214
198
120
59
71
173
206
4
74
494
450
452
37
25
397
47
103
486
379
11
327
255
51
62
417
164
215
301
361
26
55
48
372
57
415
458
271
354
239
193
399
137
36
319
324
332
484
275
65
296
391
30
100
383
242
132
220
444
455
127
347
156
66
394
7
184
14
288
325
92
337
225
443
260
21
121
64
376
141
389
357
70
174
290
188
191
83
9
483
352
118
471
236
499
401
300
299
469
488
190
245
489
368
265
258
330
349
102
119
87
305
253
155
437
77
472
24
-1
EOF
