NAME : sim501.215207.tour
COMMENT : Length = 215207
COMMENT : Found by LKH [Keld Helsgaun] Mon Sep 10 22:27:27 2018
TYPE : TOUR
DIMENSION : 501
TOUR_SECTION
1
112
376
420
57
169
233
109
122
433
306
310
301
403
163
158
198
425
359
391
340
51
195
101
241
356
105
87
266
168
497
321
69
173
49
108
314
418
347
54
170
296
498
72
351
129
323
478
249
186
462
446
138
311
265
441
477
32
285
362
61
36
60
184
260
5
350
171
385
302
298
152
270
58
239
118
443
431
242
339
20
271
248
494
396
182
172
349
281
483
465
345
97
381
317
316
210
262
157
367
226
320
273
370
203
31
304
219
435
33
452
156
107
39
387
141
88
267
471
77
422
457
237
208
451
165
231
128
29
373
150
232
277
189
45
221
91
7
116
137
149
485
119
272
463
99
127
96
22
123
327
214
244
438
37
413
468
352
264
490
243
56
290
6
268
312
366
205
454
204
94
442
13
117
19
159
131
153
199
393
47
151
399
295
414
16
255
196
416
25
181
429
475
291
120
263
470
258
336
38
405
218
458
217
386
164
75
86
190
200
188
459
338
40
324
28
495
194
234
4
48
417
400
154
283
282
84
493
175
257
456
93
245
207
2
193
353
185
66
288
299
492
371
407
133
177
466
450
334
67
364
330
98
44
369
8
111
293
305
472
62
113
126
34
220
402
42
404
110
401
464
256
389
209
183
259
254
135
76
15
274
143
479
179
482
275
390
410
21
372
50
102
363
486
361
307
383
121
136
318
344
125
427
65
81
63
395
89
313
236
201
469
331
142
500
132
294
124
250
406
368
41
197
476
487
481
397
455
227
430
346
269
100
319
74
449
461
230
384
444
480
358
343
426
398
278
428
432
55
315
59
488
192
229
224
474
329
10
394
355
18
286
85
145
68
484
130
223
11
411
166
178
357
222
308
408
3
392
52
445
341
70
212
27
148
14
187
348
467
228
382
225
24
342
252
325
211
174
9
491
213
440
144
326
12
365
489
216
103
501
30
448
289
292
388
104
287
354
374
106
309
92
300
73
447
419
139
17
280
160
180
23
328
146
35
162
238
95
261
247
439
284
409
460
140
473
276
114
83
360
215
46
335
80
434
412
297
496
437
423
377
115
82
332
79
251
333
424
202
53
375
206
453
380
191
26
415
64
147
43
436
176
378
134
161
279
322
499
379
71
421
240
246
167
337
253
155
78
235
90
303
-1
EOF
