NAME : sim141.125504.tour
COMMENT : Length = 125504
COMMENT : Found by LKH [Keld Helsgaun] Thu Sep 20 04:32:30 2018
TYPE : TOUR
DIMENSION : 141
TOUR_SECTION
1
5
140
123
75
50
106
39
113
124
11
37
134
109
114
139
47
4
132
86
61
77
48
67
65
54
28
85
6
70
99
64
59
10
7
73
82
18
115
90
33
141
2
128
46
58
34
36
71
72
63
20
13
100
60
52
84
56
21
129
118
88
9
8
40
12
122
51
110
31
101
120
42
131
107
32
108
103
93
133
97
83
125
41
127
23
76
138
16
38
135
121
92
74
94
53
24
66
17
25
87
49
130
45
15
136
116
43
137
78
3
126
30
55
111
117
29
27
81
98
102
79
91
22
14
19
57
95
80
62
104
69
44
119
89
105
35
68
96
112
26
-1
EOF
