NAME : sim501.214391.tour
COMMENT : Length = 214391
COMMENT : Found by LKH [Keld Helsgaun] Mon Sep 10 23:05:53 2018
TYPE : TOUR
DIMENSION : 501
TOUR_SECTION
1
239
308
233
378
205
288
29
59
148
342
417
61
356
464
345
213
66
492
371
62
323
357
429
96
476
455
2
3
351
23
432
321
370
131
331
270
242
172
203
46
176
42
150
496
271
60
418
435
487
275
339
12
381
63
168
498
272
483
442
286
437
256
383
481
327
459
39
462
337
263
405
199
98
190
246
135
401
215
422
423
9
18
222
99
11
484
28
475
472
338
79
252
8
426
37
372
433
254
419
180
413
137
140
245
468
265
322
181
303
400
394
296
157
318
287
77
250
17
306
289
120
427
494
134
329
347
324
333
101
362
480
72
15
428
448
385
495
109
313
474
282
424
178
184
209
122
285
85
112
395
153
416
291
26
490
335
261
247
25
420
248
237
90
314
208
55
65
461
40
486
235
162
354
64
463
117
30
119
377
139
454
231
359
302
216
447
396
226
225
407
234
132
183
325
341
408
236
166
274
5
284
244
350
353
210
319
373
364
493
36
269
143
93
170
177
192
391
68
158
360
78
151
204
257
361
277
489
130
35
253
220
259
227
126
501
223
389
336
280
169
214
115
19
446
307
13
279
425
161
186
328
49
173
196
70
375
445
80
449
485
164
392
92
402
31
34
278
129
374
6
332
311
211
123
264
202
124
355
212
255
106
243
310
133
104
467
488
114
411
154
268
309
201
91
56
388
74
500
141
266
144
441
293
125
469
415
456
111
179
232
146
240
27
174
399
230
145
471
69
152
58
45
118
41
316
380
465
165
87
188
379
221
194
326
300
121
451
376
73
349
452
138
238
57
76
283
113
100
477
340
97
344
171
197
305
439
249
241
258
107
94
149
81
136
187
412
218
54
182
398
301
219
297
348
473
22
51
160
95
409
299
89
276
330
292
88
393
290
320
281
228
53
438
128
414
67
382
397
175
450
251
294
193
48
47
369
217
453
108
163
14
365
71
206
116
198
83
105
482
84
368
7
410
21
110
38
421
404
273
156
403
470
82
10
358
142
200
390
4
44
127
430
86
499
334
458
491
434
102
431
346
457
207
315
466
352
50
366
267
52
295
497
262
406
363
260
32
191
229
189
195
312
440
155
436
16
224
479
384
24
159
304
75
33
317
478
443
343
20
460
387
43
298
147
103
185
386
167
444
367
-1
EOF
