NAME : sim1001.306028.tour
COMMENT : Length = 306028
COMMENT : Found by LKH [Keld Helsgaun] Tue Sep 11 14:02:38 2018
TYPE : TOUR
DIMENSION : 1001
TOUR_SECTION
1
277
254
182
261
808
496
503
311
610
893
25
420
532
597
365
298
771
126
613
635
799
738
225
607
219
452
660
724
388
917
173
849
871
732
168
906
571
203
406
502
989
460
9
599
608
97
352
544
36
777
508
86
733
811
412
13
325
271
287
950
930
260
273
720
46
427
302
844
623
781
251
725
877
179
744
595
50
516
836
855
239
334
514
910
819
63
967
223
17
962
975
924
170
303
376
990
89
818
29
165
589
18
612
637
697
21
618
128
687
788
74
696
37
150
424
854
869
491
730
963
506
848
276
272
755
579
278
642
178
803
304
44
797
329
159
14
806
209
183
226
284
524
31
84
800
249
931
700
601
902
941
389
866
262
517
564
973
762
153
890
492
838
867
999
804
572
342
858
131
299
689
936
792
133
229
440
465
47
315
529
892
698
7
807
830
884
940
95
747
147
652
68
515
793
360
52
669
246
585
919
914
691
357
679
439
71
377
767
120
513
833
368
459
588
993
81
482
477
809
553
193
754
649
345
380
65
955
952
155
456
162
802
453
127
678
659
485
751
57
490
522
323
374
663
493
336
468
629
615
548
100
423
344
53
581
176
418
918
305
644
590
332
826
813
177
913
846
861
896
625
620
30
23
805
335
129
658
676
842
87
450
124
464
798
224
512
458
428
90
909
617
103
907
666
437
489
654
175
113
640
255
976
880
768
774
206
308
779
648
58
78
575
102
438
346
978
349
416
878
28
624
674
231
306
874
683
853
426
865
213
488
916
677
785
602
400
622
156
775
471
5
718
64
939
651
362
567
186
541
202
267
790
137
121
598
125
402
746
997
487
923
996
520
991
820
600
921
289
473
521
195
985
546
12
6
16
317
662
713
927
885
708
353
823
614
441
163
245
631
294
957
831
577
845
958
466
757
313
48
151
605
401
281
852
937
821
908
780
759
749
433
38
641
839
765
300
295
969
309
574
188
594
778
731
132
888
414
889
558
968
664
161
499
191
828
737
347
3
616
158
166
556
187
200
560
901
285
987
396
164
483
350
419
27
932
172
530
405
547
791
387
445
586
537
619
382
83
745
938
895
264
457
630
680
946
269
343
467
531
75
152
282
690
80
604
817
695
101
39
26
321
324
841
638
538
434
366
850
49
189
82
76
11
291
258
540
157
475
539
241
275
979
573
421
519
756
859
435
134
443
609
40
201
145
922
296
144
583
758
146
442
60
723
447
704
138
953
109
32
741
234
879
835
596
500
215
348
108
227
455
91
769
116
760
801
536
753
722
827
398
829
943
476
505
964
233
559
448
149
474
111
422
358
576
948
372
995
857
592
141
208
417
667
318
4
770
702
527
986
301
171
479
626
965
265
143
169
386
197
643
257
535
709
236
742
355
495
903
62
66
566
900
320
951
354
726
945
274
1001
881
242
661
593
876
115
369
34
367
685
911
657
565
381
72
557
391
383
928
472
984
494
106
232
117
105
174
363
681
929
339
712
107
198
77
237
729
868
555
864
160
925
33
210
268
875
94
244
331
185
816
373
671
451
645
283
429
463
734
425
411
211
449
341
297
886
860
628
549
247
773
259
41
207
994
675
847
694
795
351
135
563
85
385
578
140
552
882
319
956
812
51
408
316
822
497
243
228
972
338
393
856
898
959
212
180
656
96
949
786
711
960
340
627
686
410
328
238
646
181
222
815
705
61
99
142
673
364
359
266
840
668
436
752
270
59
112
484
220
947
288
10
205
935
370
486
764
462
721
192
93
415
190
688
252
446
55
934
45
337
498
280
256
736
204
634
98
591
114
974
569
776
22
570
699
992
905
54
639
92
706
870
194
504
104
980
851
310
394
782
693
545
230
509
983
167
843
478
523
933
154
333
371
814
787
409
582
944
891
397
832
432
719
825
942
392
714
735
469
248
961
384
312
8
728
250
314
533
740
763
526
528
862
123
551
707
122
716
981
743
110
196
15
621
148
430
632
684
413
796
655
633
761
139
954
904
136
554
218
42
672
24
982
717
783
501
379
286
872
67
461
789
511
518
361
580
966
130
988
118
88
542
794
970
356
915
543
587
184
279
920
217
703
235
824
748
326
470
431
79
863
834
897
214
603
510
977
701
322
837
390
444
330
926
199
562
739
395
480
665
399
253
403
715
682
327
73
307
971
561
784
710
766
19
550
507
727
883
606
481
998
647
263
772
692
216
290
221
584
404
894
240
912
407
1000
454
750
43
810
653
35
636
20
293
525
873
292
56
375
534
70
119
378
568
69
887
670
650
611
2
899
-1
EOF
