NAME : sim251.158059.tour
COMMENT : Length = 158059
COMMENT : Found by LKH [Keld Helsgaun] Wed Aug 29 09:20:35 2018
TYPE : TOUR
DIMENSION : 251
TOUR_SECTION
1
76
87
214
8
167
118
70
164
188
68
130
180
187
28
179
158
19
10
140
121
226
169
213
238
127
36
225
60
250
14
232
43
7
72
12
25
192
21
216
199
184
204
13
112
138
178
228
11
212
3
51
144
107
2
37
83
125
215
6
221
5
246
136
131
29
95
120
194
44
244
57
143
210
97
39
48
128
211
124
163
174
168
61
224
41
201
38
89
132
34
91
103
206
31
67
54
85
209
52
71
247
84
240
117
50
93
203
190
30
42
135
58
230
98
134
150
153
35
17
139
154
110
33
119
56
32
26
175
22
86
200
171
234
115
196
80
223
79
105
18
9
73
151
251
74
126
182
75
88
191
69
166
59
217
207
208
109
222
113
90
218
104
65
197
45
177
235
159
229
4
106
181
147
100
99
63
123
245
195
23
137
173
243
20
53
227
239
193
92
189
96
146
185
47
249
233
101
241
160
231
24
205
149
145
152
142
170
129
122
202
49
116
186
141
155
102
62
64
236
81
77
219
172
111
148
94
40
161
242
82
248
156
16
220
162
237
108
165
157
198
55
66
133
15
78
183
27
114
46
176
-1
EOF
