NAME : sim701.255664.tour
COMMENT : Length = 255664
COMMENT : Found by LKH [Keld Helsgaun] Sun Sep 16 20:55:03 2018
TYPE : TOUR
DIMENSION : 701
TOUR_SECTION
1
353
620
80
656
338
108
482
131
647
490
66
223
679
195
652
47
609
138
486
366
212
231
415
645
191
309
102
203
61
184
154
283
503
365
685
328
395
118
470
237
422
77
596
34
49
577
635
294
319
462
331
417
235
31
611
173
210
617
580
414
358
71
243
640
669
585
442
701
24
303
142
241
188
405
428
700
84
359
537
93
692
262
516
46
192
107
371
137
292
615
205
19
89
480
663
259
420
70
152
307
124
78
313
337
492
182
465
515
406
450
375
522
528
186
189
434
326
202
193
616
394
290
334
171
233
627
15
413
387
668
111
445
29
532
411
250
38
98
421
629
286
221
632
369
224
565
95
103
158
288
513
571
346
402
116
206
604
502
17
114
40
403
207
689
99
321
127
167
87
198
155
519
18
228
441
473
676
64
130
523
92
317
79
164
299
576
63
563
661
298
343
310
606
500
121
659
431
25
548
662
660
587
97
686
636
423
684
614
625
347
133
468
315
376
74
623
698
595
562
44
345
324
222
399
553
41
252
269
254
214
438
362
621
696
11
360
37
644
255
110
342
157
384
496
175
60
82
566
271
335
575
397
367
527
547
354
234
295
86
22
589
199
602
122
529
474
444
144
517
485
7
341
6
277
134
225
525
36
693
544
418
673
23
484
261
458
654
435
603
631
72
664
476
467
598
556
425
147
489
651
509
583
533
495
671
382
181
312
276
165
374
197
180
266
256
408
546
401
558
653
260
475
148
483
530
100
373
514
146
683
123
50
247
552
542
112
88
356
581
472
493
170
236
280
510
54
216
386
518
466
690
14
325
190
55
200
555
65
162
336
4
339
426
694
564
658
297
432
8
508
314
593
143
169
678
306
176
433
670
613
278
385
410
117
232
109
557
150
407
672
218
541
610
429
494
561
302
3
648
305
443
240
141
76
379
363
657
543
578
666
51
357
43
390
464
488
151
646
605
592
567
409
69
139
163
96
688
42
263
217
381
179
285
344
391
545
332
639
90
572
174
559
308
560
208
267
540
370
439
323
156
264
10
618
574
594
400
622
436
248
293
333
279
637
454
219
20
58
211
419
471
453
481
327
166
628
634
227
52
33
81
53
699
168
238
272
59
340
185
507
597
499
13
2
352
329
196
650
461
136
569
573
284
655
204
226
273
452
456
132
32
380
477
258
361
26
120
39
491
244
551
424
582
524
521
126
588
30
183
194
16
318
446
28
300
281
459
536
455
296
504
287
447
125
304
511
21
478
245
393
113
322
691
242
624
160
505
275
383
265
213
498
677
311
487
601
161
579
57
73
94
681
101
320
451
697
104
215
463
416
159
177
568
633
201
246
129
187
67
665
404
687
348
149
172
619
85
682
350
512
378
600
398
549
396
229
91
268
520
427
675
257
630
56
83
638
253
440
535
106
680
45
674
430
230
27
115
140
153
550
75
368
599
270
539
460
377
249
62
643
626
388
531
291
330
178
695
209
608
437
584
349
364
389
135
457
641
105
372
554
355
251
469
282
119
612
68
649
289
12
607
35
5
501
449
301
526
534
642
145
48
590
220
9
274
497
538
412
591
506
239
392
128
570
479
448
667
351
316
586
-1
EOF
