NAME : sim141.114317.tour
COMMENT : Length = 114317
COMMENT : Found by LKH [Keld Helsgaun] Thu Sep 20 02:52:54 2018
TYPE : TOUR
DIMENSION : 141
TOUR_SECTION
1
24
50
75
133
79
46
120
49
132
41
55
102
121
77
11
47
38
52
118
95
93
70
61
39
106
124
14
68
139
117
91
107
66
71
64
3
82
16
115
140
28
86
43
25
35
89
97
7
36
8
31
104
67
80
59
130
87
105
111
4
74
122
22
42
45
2
125
116
136
63
58
84
51
21
114
129
135
76
20
141
30
19
110
90
5
128
62
40
123
109
119
48
113
10
65
29
131
78
60
96
12
83
18
9
72
54
33
44
85
81
134
138
103
73
13
92
26
137
53
15
101
69
100
94
32
23
88
57
37
34
126
99
6
127
98
17
108
112
56
27
-1
EOF
