NAME : sim251.153740.tour
COMMENT : Length = 153740
COMMENT : Found by LKH [Keld Helsgaun] Wed Aug 29 09:40:52 2018
TYPE : TOUR
DIMENSION : 251
TOUR_SECTION
1
160
213
19
64
98
59
30
176
154
162
25
222
194
178
151
236
99
85
86
126
89
14
165
73
26
200
203
244
153
106
84
96
140
133
56
54
219
92
76
130
2
67
180
9
119
184
16
61
202
159
167
189
91
110
43
87
70
11
65
186
94
164
5
53
129
233
226
10
88
83
249
123
23
205
223
63
188
158
137
100
131
152
242
21
29
196
103
243
8
108
197
168
45
212
37
238
105
58
146
163
190
4
132
237
179
142
141
51
109
171
161
121
79
27
143
12
42
224
241
183
201
145
112
139
221
50
120
107
93
234
39
48
240
170
248
232
181
47
102
55
118
128
111
44
17
217
150
209
57
49
157
144
116
82
62
192
235
7
15
198
191
220
80
245
115
60
113
125
90
246
134
148
18
247
40
13
68
231
38
216
172
155
166
127
52
24
250
75
174
34
124
207
78
114
74
36
204
214
97
66
206
81
199
193
6
228
187
41
211
156
22
225
210
230
251
177
208
101
136
28
72
215
31
182
147
195
32
135
149
138
218
3
122
229
77
104
71
69
33
35
239
173
20
95
227
175
117
169
46
185
-1
EOF
