NAME : sim321.173977.tour
COMMENT : Length = 173977
COMMENT : Found by LKH [Keld Helsgaun] Tue Sep 18 01:01:39 2018
TYPE : TOUR
DIMENSION : 321
TOUR_SECTION
1
39
115
270
58
57
246
155
139
103
180
263
204
138
305
319
133
11
208
87
75
243
238
156
298
257
46
217
29
144
151
7
28
289
44
105
80
2
317
145
239
290
130
282
169
38
214
92
233
152
308
307
264
251
174
314
285
128
211
168
95
223
22
315
280
232
143
320
222
296
26
175
272
176
135
31
117
27
16
247
91
10
173
294
220
291
124
161
25
159
37
302
300
256
312
89
288
194
157
121
167
122
304
149
265
17
158
162
224
125
311
48
109
313
102
275
172
215
41
191
106
297
67
84
13
287
277
97
244
166
53
137
316
45
107
83
261
278
236
33
303
129
153
189
210
193
21
165
281
284
234
240
146
120
66
64
90
119
205
177
56
52
74
111
192
209
61
188
86
293
170
179
154
42
245
199
271
185
30
79
141
127
18
301
99
136
200
60
118
116
273
110
183
123
184
59
241
269
226
242
96
126
100
252
140
163
142
196
255
206
20
114
147
134
197
218
181
171
19
202
207
279
227
50
81
148
237
54
94
70
228
14
213
101
286
69
229
267
164
225
235
259
203
190
40
32
3
49
295
73
15
260
132
212
93
36
4
112
77
72
62
249
187
216
24
276
195
65
266
258
5
47
306
113
221
82
250
310
23
186
68
104
230
248
178
76
98
63
131
88
55
318
231
160
34
292
274
262
51
71
108
9
85
254
35
198
268
219
283
8
78
12
299
309
6
201
43
182
321
253
150
-1
EOF
