NAME : sim1001.302107.tour
COMMENT : Length = 302107
COMMENT : Found by LKH [Keld Helsgaun] Tue Sep 11 15:30:17 2018
TYPE : TOUR
DIMENSION : 1001
TOUR_SECTION
1
410
433
928
875
747
267
456
292
110
92
260
470
256
249
837
821
852
685
969
195
473
806
784
2
310
363
856
971
113
730
727
906
810
831
188
514
945
28
314
863
697
904
273
849
598
480
967
941
174
970
89
990
870
687
684
508
429
713
231
615
788
658
742
465
912
770
842
192
949
119
404
769
65
925
836
239
546
32
538
678
653
1001
352
580
202
591
774
493
344
279
740
531
37
254
474
407
90
510
951
177
738
826
984
639
111
993
700
482
642
244
201
31
208
354
61
719
657
630
220
613
312
161
51
234
162
23
127
235
263
468
890
173
436
503
643
629
460
313
590
449
543
707
86
275
624
181
701
392
10
581
910
536
775
939
70
621
977
262
803
63
796
236
966
507
562
548
620
383
422
15
539
266
42
389
794
593
572
189
524
674
781
184
446
533
390
103
151
560
300
498
434
241
880
805
140
9
277
68
223
862
83
203
650
931
499
981
986
955
43
134
762
749
568
149
45
29
559
311
944
329
764
57
328
938
222
87
851
52
595
194
439
107
459
17
737
670
783
596
710
804
675
855
455
402
611
301
476
628
734
733
914
635
14
154
961
431
845
307
527
421
477
238
53
594
157
751
680
492
327
412
588
67
356
169
699
827
679
575
209
671
366
954
58
295
819
381
987
4
129
454
333
464
521
348
932
398
227
218
159
690
526
102
121
846
176
206
471
303
257
636
741
135
299
334
375
490
316
780
335
948
438
472
739
926
726
488
304
891
705
522
291
960
146
296
975
900
190
289
376
865
540
807
579
269
878
763
426
859
120
776
270
315
535
608
652
104
158
989
637
962
91
760
221
825
927
215
586
976
185
991
247
614
401
519
633
618
860
869
24
187
513
478
353
663
830
357
838
379
564
165
517
293
164
505
832
82
753
395
923
723
872
411
627
898
287
999
518
534
895
786
512
308
907
319
573
922
556
373
447
829
792
128
888
282
877
606
248
219
21
268
746
876
370
716
99
123
450
321
175
106
276
861
911
934
537
772
797
7
387
662
885
607
355
153
408
552
435
22
848
193
160
142
569
141
665
698
793
899
54
756
896
197
647
902
641
224
423
709
72
561
528
98
799
495
213
965
570
150
743
782
689
758
612
936
681
840
349
516
75
597
237
956
731
385
125
884
259
882
692
243
38
879
959
968
40
917
338
358
883
921
39
371
168
691
283
661
544
729
542
995
720
587
541
196
589
602
44
306
19
331
785
394
779
16
583
648
857
761
558
400
694
3
170
908
823
139
547
47
754
755
958
25
323
105
881
582
55
46
625
377
324
405
576
893
419
475
347
682
41
288
714
988
557
504
359
217
721
245
868
563
340
94
532
479
943
974
623
850
973
264
204
469
228
501
463
427
8
985
640
167
180
656
550
290
886
525
551
666
137
767
972
60
732
152
207
616
372
683
725
76
651
735
365
368
933
752
715
828
750
854
418
813
50
889
676
78
382
285
163
963
166
929
199
147
246
240
940
759
272
555
983
388
144
442
946
62
812
440
339
790
369
437
6
397
453
634
901
919
97
814
399
5
467
873
487
994
84
425
380
212
964
156
77
35
566
506
396
117
182
491
297
481
80
892
660
330
278
777
610
816
520
787
998
509
462
118
844
251
997
935
529
81
601
688
771
109
36
96
230
980
186
515
523
530
258
818
765
445
864
284
332
281
646
937
903
744
132
824
367
668
302
724
342
214
403
982
950
286
226
655
85
232
866
216
567
424
20
619
322
920
918
874
345
69
839
924
773
337
318
143
130
430
711
696
496
452
791
952
12
145
800
326
138
205
18
686
672
432
11
632
131
736
953
114
905
887
489
947
820
553
817
778
789
362
336
309
100
654
271
229
745
179
722
693
603
233
644
458
622
360
200
417
645
441
136
428
79
704
978
545
957
915
578
391
178
667
631
858
822
49
451
48
702
853
101
996
416
843
466
298
124
768
95
913
484
116
33
605
210
717
916
669
585
108
695
847
317
554
341
677
361
172
617
802
565
584
798
599
485
59
350
502
250
500
171
757
600
649
833
252
894
930
801
30
673
457
664
56
183
346
494
809
835
706
483
897
414
718
420
708
549
261
511
1000
66
604
325
320
191
386
253
712
841
112
265
867
71
871
305
343
659
242
909
574
979
448
34
415
133
766
497
126
406
409
155
444
93
443
274
64
834
626
280
815
378
225
577
374
992
364
88
73
592
115
638
728
384
74
571
748
808
811
461
609
148
351
294
211
393
942
413
255
26
27
486
795
13
122
198
703
-1
EOF
