NAME : sim161.126288.tour
COMMENT : Length = 126288
COMMENT : Found by LKH [Keld Helsgaun] Sat Sep 15 12:35:50 2018
TYPE : TOUR
DIMENSION : 161
TOUR_SECTION
1
16
78
116
14
148
7
123
117
55
156
71
60
150
89
28
139
58
81
69
127
61
132
8
135
23
121
62
20
149
111
119
56
17
125
126
102
18
64
144
151
5
93
90
112
36
161
68
76
12
118
145
134
124
73
42
147
66
45
159
54
40
37
84
83
46
146
26
91
142
106
49
34
104
59
80
99
95
133
88
29
67
152
82
47
4
138
110
79
31
107
143
19
154
70
52
77
2
72
108
87
155
130
115
15
100
136
30
103
109
51
101
129
92
85
137
39
48
105
33
41
21
25
96
97
9
32
22
27
38
160
122
63
50
74
98
24
65
3
35
157
6
75
131
53
140
13
11
113
86
94
120
141
10
128
43
114
158
44
153
57
-1
EOF
