NAME : sim251.159176.tour
COMMENT : Length = 159176
COMMENT : Found by LKH [Keld Helsgaun] Tue Sep 11 16:54:49 2018
TYPE : TOUR
DIMENSION : 251
TOUR_SECTION
1
187
34
60
160
209
166
179
120
243
104
106
4
245
112
185
33
239
76
158
100
117
249
184
215
88
50
72
123
41
75
207
198
197
242
23
150
43
69
146
38
6
164
94
226
20
201
13
78
137
25
26
66
71
182
12
138
155
133
219
30
15
153
3
89
56
119
233
190
229
181
129
28
5
172
85
148
183
192
105
188
195
217
107
95
145
16
74
59
116
115
83
93
135
140
82
97
22
213
247
156
238
216
196
186
212
220
9
125
63
218
214
47
202
131
14
147
48
144
96
206
127
44
35
53
162
143
101
99
108
132
49
161
19
234
45
194
126
176
39
246
205
124
208
86
244
68
84
65
57
87
27
251
90
154
236
203
73
113
134
175
222
18
114
141
58
237
142
102
221
174
37
7
92
10
31
241
173
121
168
67
111
2
109
24
170
79
130
193
128
46
139
51
163
180
77
240
171
189
62
227
230
52
250
118
98
169
211
152
200
136
81
91
122
199
54
36
149
225
21
165
228
151
235
103
32
11
224
157
64
17
210
8
248
204
29
70
55
167
191
231
42
80
177
232
110
61
40
159
178
223
-1
EOF
