NAME : sim251.155871.tour
COMMENT : Length = 155871
COMMENT : Found by LKH [Keld Helsgaun] Tue Sep 11 17:40:34 2018
TYPE : TOUR
DIMENSION : 251
TOUR_SECTION
1
13
6
109
205
168
53
229
33
244
40
189
215
132
54
185
122
180
119
43
56
102
155
191
70
74
73
143
3
27
44
34
216
5
48
144
108
218
230
177
94
160
207
69
234
67
154
232
125
65
19
76
225
129
81
196
136
169
213
242
64
46
152
233
77
224
118
175
92
157
71
75
243
83
133
130
131
149
117
158
30
114
66
126
80
248
142
4
201
170
239
93
84
227
58
90
231
62
153
18
82
183
195
147
7
100
247
14
79
245
178
162
128
8
38
42
174
214
68
52
31
173
2
12
50
249
208
115
107
217
10
104
240
11
211
163
124
192
184
198
23
26
96
221
113
210
251
59
91
179
36
35
78
204
110
60
223
22
241
235
57
47
135
105
172
116
145
146
190
212
21
17
200
238
236
112
20
86
193
220
226
134
138
202
186
250
89
139
55
141
101
148
98
182
87
166
29
97
181
219
120
39
24
88
63
156
32
167
106
165
137
45
228
15
16
72
176
197
99
111
194
159
103
49
51
222
188
140
28
95
237
9
209
123
187
199
171
25
150
206
164
37
121
161
127
41
203
246
151
61
85
-1
EOF
