NAME : sim321.174038.tour
COMMENT : Length = 174038
COMMENT : Found by LKH [Keld Helsgaun] Sat Sep 15 23:26:43 2018
TYPE : TOUR
DIMENSION : 321
TOUR_SECTION
1
99
254
31
128
228
299
110
16
15
136
155
129
260
5
171
266
86
201
159
231
268
302
111
245
98
197
149
303
257
106
262
19
27
281
123
308
150
145
319
29
289
307
206
246
30
250
305
119
143
89
215
126
121
208
186
112
288
114
88
285
290
158
71
239
317
78
244
33
118
83
252
54
202
157
146
87
105
93
253
46
107
230
237
53
222
59
316
192
247
272
152
130
184
65
100
287
115
80
209
275
151
68
265
276
154
132
161
9
36
261
238
18
279
117
178
133
21
47
188
256
109
148
321
44
180
139
43
274
101
58
3
291
122
131
200
134
24
153
241
320
214
172
135
301
26
182
199
72
2
57
11
52
23
62
223
309
76
113
191
224
248
300
220
75
314
243
194
283
63
298
141
249
264
282
70
91
40
234
263
95
216
225
42
45
66
193
315
270
108
259
273
41
32
267
295
204
198
90
162
292
144
163
73
205
160
142
318
251
175
7
187
221
25
35
6
79
38
229
22
167
97
189
278
297
137
271
116
217
219
255
176
61
125
240
166
165
211
284
179
258
311
177
174
8
181
213
50
102
120
312
313
293
138
82
210
64
85
20
212
69
169
168
77
236
92
55
124
269
96
48
296
17
190
183
294
12
104
185
170
49
74
39
226
306
51
84
195
37
14
60
233
277
156
81
34
56
13
127
235
242
304
94
203
227
173
103
140
310
28
4
286
218
232
164
67
10
280
207
196
147
-1
EOF
