NAME : sim501.219318.tour
COMMENT : Length = 219318
COMMENT : Found by LKH [Keld Helsgaun] Mon Sep 10 22:10:21 2018
TYPE : TOUR
DIMENSION : 501
TOUR_SECTION
1
239
245
164
97
292
177
149
313
82
86
61
110
214
310
222
137
363
94
356
314
393
184
4
325
55
36
264
54
117
141
284
496
58
365
369
428
426
197
123
162
121
352
125
181
491
345
92
242
315
298
46
52
37
153
19
126
283
330
209
295
200
191
483
62
380
405
131
247
145
33
138
96
98
232
499
385
388
11
275
65
306
196
294
300
373
182
390
169
91
337
299
109
493
364
446
223
411
85
290
477
473
334
391
487
229
350
101
40
90
437
78
424
347
362
136
416
218
213
293
408
34
105
128
368
467
211
144
234
291
406
57
143
425
71
461
20
175
179
311
44
382
419
452
361
5
321
475
233
38
492
99
6
392
338
80
462
450
296
95
251
474
168
248
458
3
163
274
427
463
159
378
102
464
470
165
476
359
439
45
199
108
63
217
241
340
261
148
56
156
304
221
288
77
402
354
468
404
371
206
32
146
273
442
481
190
253
238
322
484
316
69
319
501
26
167
187
489
202
120
429
355
438
451
432
205
79
225
398
113
246
346
469
183
331
466
139
412
244
73
277
140
203
122
471
301
43
421
266
193
257
348
387
445
453
307
14
111
103
305
302
433
147
482
259
129
494
116
150
180
21
17
160
333
436
173
201
154
2
410
431
323
66
9
414
236
176
485
366
67
351
279
250
25
401
237
343
230
349
413
336
53
262
50
88
457
465
115
132
341
166
188
317
326
312
35
444
76
435
370
13
256
93
399
280
255
423
258
194
486
303
342
422
28
271
407
400
252
335
449
332
440
124
8
68
204
107
488
459
228
389
386
490
497
185
16
309
395
328
353
249
278
151
112
22
324
397
329
42
285
287
268
281
24
23
81
260
70
51
384
29
282
87
161
104
83
372
448
430
447
254
272
500
297
64
383
12
454
119
434
178
265
192
157
219
170
212
415
60
227
215
381
479
158
31
216
220
210
114
478
376
456
420
135
357
417
403
27
130
379
127
320
327
480
48
152
133
418
375
186
263
39
243
374
189
308
89
10
339
226
498
455
30
198
318
15
286
495
41
7
289
49
174
360
394
208
377
72
118
240
270
367
171
106
235
224
267
344
59
231
276
409
74
142
75
134
172
100
441
396
84
18
47
155
472
460
269
207
358
195
443
-1
EOF
