NAME : sim161.129765.tour
COMMENT : Length = 129765
COMMENT : Found by LKH [Keld Helsgaun] Sat Sep 15 06:43:48 2018
TYPE : TOUR
DIMENSION : 161
TOUR_SECTION
1
121
33
7
21
30
77
101
106
142
26
70
92
38
160
23
123
12
104
43
129
117
68
108
115
159
67
58
97
98
25
113
46
28
34
37
150
66
69
99
91
3
27
64
32
87
76
148
83
126
50
135
158
105
14
71
134
94
53
124
65
161
100
75
153
41
96
110
24
89
146
15
137
138
47
90
61
13
40
119
145
125
62
39
79
84
81
31
78
122
8
19
29
49
48
59
144
35
107
130
22
16
82
139
109
51
149
5
152
112
20
60
120
52
10
4
9
111
154
156
74
11
6
132
86
18
2
45
57
73
103
102
72
54
133
143
95
136
140
93
118
147
141
128
17
114
55
56
155
127
44
151
116
88
85
63
80
157
42
36
131
-1
EOF
