NAME : sim161.129824.tour
COMMENT : Length = 129824
COMMENT : Found by LKH [Keld Helsgaun] Sat Sep 15 08:33:29 2018
TYPE : TOUR
DIMENSION : 161
TOUR_SECTION
1
41
113
19
116
68
138
50
74
18
66
59
81
122
146
35
157
159
140
117
132
30
43
128
65
129
125
84
156
15
139
112
106
5
130
14
40
2
7
4
82
86
91
160
141
88
45
12
3
135
98
42
118
147
21
67
49
134
133
149
48
90
17
70
71
144
161
102
123
11
155
76
23
101
154
109
79
47
150
78
115
77
75
105
121
60
46
20
80
36
85
126
151
56
143
6
119
137
131
52
100
39
87
51
54
8
29
69
89
127
61
153
63
33
99
93
55
108
107
110
95
136
94
64
10
83
24
73
27
25
58
148
142
96
16
34
104
37
92
103
97
57
152
124
120
13
53
114
158
145
31
32
28
72
38
26
22
62
9
44
111
-1
EOF
