NAME : sim251.156944.tour
COMMENT : Length = 156944
COMMENT : Found by LKH [Keld Helsgaun] Tue Sep 11 17:26:24 2018
TYPE : TOUR
DIMENSION : 251
TOUR_SECTION
1
59
133
11
47
104
17
201
177
44
198
147
45
130
93
217
186
58
150
8
203
64
215
223
197
182
140
52
163
229
164
221
216
160
96
78
169
170
115
152
91
69
205
142
63
57
100
35
237
248
219
113
191
26
89
118
90
136
137
206
12
138
204
107
207
175
16
131
18
121
149
97
94
212
117
53
222
247
144
37
123
29
9
194
179
111
76
238
2
4
92
181
241
30
86
220
155
56
41
211
103
39
124
49
95
209
128
62
156
34
27
192
187
135
73
148
199
174
214
125
143
236
129
250
151
145
42
60
120
31
165
7
158
50
84
232
14
38
249
51
159
235
28
185
157
154
23
6
81
68
153
88
127
109
251
116
172
20
190
193
245
242
66
139
85
122
146
15
10
112
48
226
162
114
72
108
171
134
176
105
19
234
33
22
71
101
98
195
40
231
228
99
230
161
227
239
183
188
43
132
36
5
126
184
74
240
244
110
82
196
65
173
70
243
168
79
189
54
218
46
87
77
61
80
67
32
166
119
21
200
210
167
225
202
180
141
178
83
75
24
55
3
25
106
224
233
208
246
13
213
102
-1
EOF
