NAME : sim701.259506.tour
COMMENT : Length = 259506
COMMENT : Found by LKH [Keld Helsgaun] Mon Sep 17 02:58:02 2018
TYPE : TOUR
DIMENSION : 701
TOUR_SECTION
1
213
292
305
58
259
615
278
45
422
210
63
9
613
423
427
108
351
258
13
127
86
373
219
33
347
76
626
677
175
333
366
59
424
586
250
636
81
652
601
511
282
421
96
226
286
166
28
546
270
381
228
653
387
140
616
163
429
41
591
655
405
354
437
294
419
531
519
297
603
571
649
648
342
77
397
479
639
590
633
501
667
327
532
65
671
480
122
56
184
575
523
528
476
308
646
683
587
106
246
470
451
553
365
243
582
634
296
560
520
609
600
597
152
456
384
287
311
672
319
201
637
328
540
12
372
406
313
15
161
434
143
362
481
488
279
664
589
692
323
317
2
30
580
267
641
188
281
457
463
290
225
49
100
110
179
67
628
182
97
249
464
643
256
191
361
396
503
235
693
687
534
500
379
445
538
394
159
253
369
645
130
102
485
273
247
541
684
113
458
19
25
134
57
517
535
334
16
676
632
268
605
272
91
490
408
499
232
357
654
4
301
151
94
494
167
441
617
176
512
486
90
310
195
136
507
7
158
393
395
509
536
413
80
320
620
513
416
193
40
156
157
289
694
338
402
640
335
364
329
171
170
380
277
116
475
433
399
206
543
410
375
216
468
129
349
189
69
516
568
530
680
44
26
428
563
663
461
237
6
674
18
454
559
607
630
444
35
148
174
452
211
487
72
391
647
241
104
139
624
135
700
183
473
186
20
118
629
359
218
307
459
269
220
556
355
214
336
266
103
60
469
318
131
398
574
544
37
688
438
180
462
29
409
190
378
562
48
215
46
367
204
344
579
686
229
514
147
154
668
125
302
594
68
119
576
430
54
223
493
34
515
141
43
231
483
298
504
545
101
666
11
64
203
199
631
42
10
561
689
24
657
133
619
685
492
217
350
321
144
698
224
508
295
555
585
417
137
197
554
577
697
679
665
168
567
331
221
606
650
78
138
233
31
209
236
525
242
573
32
38
411
497
547
36
551
386
306
205
196
173
447
337
622
539
588
436
52
510
524
123
699
128
314
114
185
610
322
358
79
238
596
88
120
502
309
105
132
374
194
245
107
368
431
401
529
208
448
392
623
252
112
403
453
455
293
165
471
407
98
111
326
496
146
227
415
39
257
466
346
621
460
581
678
681
533
83
248
244
70
207
552
695
420
370
572
376
400
265
414
339
353
160
348
450
484
656
240
691
304
271
467
53
87
155
443
614
578
382
558
89
627
5
659
299
150
472
426
222
300
598
465
8
491
583
505
202
22
21
303
75
115
92
635
95
478
82
316
55
696
109
682
569
239
198
477
440
62
542
385
99
602
212
489
261
584
521
251
675
474
377
442
644
658
27
550
149
549
570
506
548
638
274
255
432
124
670
283
557
425
126
332
187
262
418
446
371
260
566
3
651
595
662
498
324
495
312
482
121
73
673
522
412
360
439
537
200
263
142
599
14
230
389
435
564
291
701
177
593
527
153
234
388
690
526
330
181
340
164
352
276
47
661
264
71
642
612
625
93
608
192
565
518
172
74
341
84
618
390
66
178
449
85
356
285
284
325
604
145
363
315
254
343
383
660
162
275
50
23
61
404
169
17
280
345
117
51
669
288
592
611
-1
EOF
