NAME : sim161.129484.tour
COMMENT : Length = 129484
COMMENT : Found by LKH [Keld Helsgaun] Sat Sep 15 05:50:33 2018
TYPE : TOUR
DIMENSION : 161
TOUR_SECTION
1
28
159
77
145
57
2
24
34
66
132
8
125
118
83
93
144
23
156
68
141
59
86
135
147
88
49
108
130
158
98
35
148
152
26
36
21
103
79
44
71
10
92
105
47
9
87
67
127
94
80
46
72
116
43
69
40
111
151
31
107
122
4
50
160
74
30
134
101
73
139
106
63
53
20
123
52
150
39
32
12
149
25
104
140
18
58
62
70
85
78
11
55
3
153
97
56
110
113
60
143
112
7
81
131
27
89
19
119
137
102
121
142
17
109
16
82
157
42
100
124
136
6
115
14
96
128
65
15
126
13
54
64
29
22
48
161
99
114
37
45
84
138
117
61
155
90
91
5
146
51
154
120
75
129
38
41
76
133
33
95
-1
EOF
