NAME : sim251.152115.tour
COMMENT : Length = 152115
COMMENT : Found by LKH [Keld Helsgaun] Tue Sep 11 16:55:50 2018
TYPE : TOUR
DIMENSION : 251
TOUR_SECTION
1
184
51
16
164
182
65
120
107
241
162
44
70
191
150
90
81
50
198
75
165
117
233
18
9
12
146
32
98
156
243
112
187
53
167
87
222
223
41
30
207
126
168
110
157
29
57
218
214
119
179
224
28
104
89
199
59
113
172
225
230
134
133
215
93
47
84
169
194
209
160
141
186
13
54
97
161
143
246
248
71
106
73
163
140
131
83
31
103
23
24
206
11
25
105
61
129
148
216
238
68
95
49
175
235
33
37
91
212
130
211
178
219
139
192
52
7
116
58
88
202
64
101
147
94
35
188
76
221
183
39
74
234
231
15
226
123
159
46
208
66
229
115
239
136
236
109
79
176
78
204
5
86
8
62
34
27
19
60
96
210
240
203
195
3
251
149
56
244
142
80
77
180
121
170
189
17
114
237
108
40
197
153
22
155
171
10
137
193
249
43
48
21
220
72
135
2
82
55
69
36
14
26
154
124
227
125
145
132
196
111
67
85
166
232
177
99
118
128
151
228
100
6
245
217
63
38
144
213
127
158
138
173
242
20
4
152
181
102
45
250
185
247
92
200
174
205
122
201
42
190
-1
EOF
