NAME : sim701.255856.tour
COMMENT : Length = 255856
COMMENT : Found by LKH [Keld Helsgaun] Sun Sep 16 22:41:50 2018
TYPE : TOUR
DIMENSION : 701
TOUR_SECTION
1
398
284
20
412
627
635
98
129
379
256
69
24
351
551
616
447
479
656
155
96
465
200
179
624
88
156
682
173
496
432
46
208
341
264
225
283
187
619
275
323
469
544
681
168
354
472
218
11
654
641
221
483
511
125
646
78
119
512
295
562
410
407
22
199
384
673
293
257
47
473
490
363
578
382
242
675
325
696
339
679
391
19
214
117
623
205
531
557
462
695
475
122
216
389
345
486
355
260
651
505
247
308
406
35
138
180
56
91
548
87
422
40
234
74
626
305
476
680
213
399
299
569
659
233
566
51
220
533
605
3
319
212
554
188
633
426
298
27
75
690
140
643
558
669
495
693
530
622
4
279
381
439
29
611
595
441
182
383
34
64
292
286
600
231
93
471
452
401
620
686
676
645
44
108
350
127
193
9
697
318
352
285
653
527
592
8
433
658
484
380
73
451
555
687
509
289
340
421
459
435
330
466
36
7
215
55
344
670
348
559
597
206
165
436
258
678
316
667
296
26
640
67
359
97
196
328
608
455
356
245
106
507
668
516
369
294
68
700
175
202
223
446
539
591
90
560
10
177
458
107
207
429
116
145
376
638
336
499
464
144
278
694
262
269
419
77
367
403
306
543
45
360
94
25
128
248
38
418
313
457
598
577
249
613
586
280
582
136
83
540
632
461
478
343
37
453
362
120
251
561
689
143
450
677
272
2
449
110
589
50
203
302
594
80
105
288
503
636
300
139
153
124
413
445
502
303
513
518
246
552
637
238
416
332
565
176
63
270
197
342
123
524
549
30
131
311
575
259
541
691
603
126
337
390
274
33
639
409
388
137
189
420
374
570
402
368
103
95
66
6
39
142
404
229
358
227
49
5
237
606
28
568
265
609
23
506
353
255
504
612
522
331
361
547
240
550
634
642
92
630
427
587
373
100
133
423
114
273
519
468
101
253
172
467
150
493
171
394
309
610
329
147
481
151
497
102
70
371
460
160
537
621
161
326
62
154
521
396
477
327
618
287
243
57
510
572
386
169
529
146
625
601
520
268
631
271
261
121
648
585
443
431
528
324
250
663
16
204
159
599
317
241
666
71
657
425
85
536
489
14
494
290
185
346
602
112
134
244
43
209
79
480
583
615
485
263
588
58
89
104
397
574
164
81
590
442
456
573
41
470
113
448
130
491
556
542
392
194
474
661
186
239
430
281
13
307
338
334
12
282
252
59
437
501
198
157
366
424
660
395
365
438
184
224
254
664
115
135
118
48
617
183
378
99
579
387
190
428
535
230
400
86
698
517
508
629
312
166
222
454
444
405
415
148
417
310
545
42
72
192
315
178
434
571
31
526
523
277
699
684
335
564
567
141
688
500
217
385
162
347
297
498
488
525
644
17
235
538
276
291
685
109
649
304
652
584
201
349
662
414
372
170
370
580
440
546
321
301
375
266
604
671
563
532
314
76
607
228
411
674
581
53
52
647
219
357
320
333
514
655
236
408
515
210
82
158
650
628
111
226
692
181
65
149
21
492
18
191
665
132
61
195
377
482
487
672
211
163
267
322
553
54
15
393
32
576
60
701
167
364
84
614
232
152
534
174
596
463
683
593
-1
EOF
