NAME : sim161.128029.tour
COMMENT : Length = 128029
COMMENT : Found by LKH [Keld Helsgaun] Sat Sep 15 13:36:08 2018
TYPE : TOUR
DIMENSION : 161
TOUR_SECTION
1
131
142
21
34
57
122
43
20
123
115
98
16
136
58
93
133
14
35
61
159
101
116
52
24
8
9
12
73
147
66
132
75
31
7
40
25
108
151
54
144
105
82
74
97
65
102
127
110
47
49
3
13
6
62
37
28
124
11
44
15
109
36
112
60
154
155
126
38
149
69
68
130
27
111
128
94
46
146
32
53
119
118
30
91
158
152
17
120
55
2
80
19
87
106
45
121
84
83
99
64
22
26
95
100
134
161
89
139
104
42
88
117
71
48
157
41
10
90
50
114
153
23
107
63
125
29
135
5
67
140
59
51
85
76
113
33
148
70
72
96
77
138
78
56
81
39
86
4
137
141
143
150
103
129
18
156
145
92
79
160
-1
EOF
