NAME : sim321.169590.tour
COMMENT : Length = 169590
COMMENT : Found by LKH [Keld Helsgaun] Sat Sep 15 19:13:32 2018
TYPE : TOUR
DIMENSION : 321
TOUR_SECTION
1
171
41
21
195
4
24
100
55
166
109
257
263
16
47
160
239
212
225
237
304
106
186
89
93
170
178
311
287
103
112
174
135
224
148
321
51
191
200
204
226
39
115
45
220
274
198
165
125
133
101
216
251
261
17
95
183
312
319
235
29
192
31
270
6
289
120
208
229
156
177
50
275
48
288
241
34
246
44
206
161
214
149
242
81
87
318
314
67
10
59
113
233
236
282
223
108
119
154
131
129
11
294
276
146
277
296
79
159
232
283
32
54
5
240
213
58
273
71
266
268
53
179
27
293
60
264
130
163
38
13
205
84
307
85
201
90
305
116
243
316
203
117
255
69
74
279
46
105
140
215
310
30
88
271
127
77
281
194
111
2
99
63
65
107
92
152
202
22
187
37
102
272
36
8
238
114
297
295
317
299
158
280
78
12
97
189
76
308
73
162
244
169
197
72
306
222
82
136
278
134
173
23
122
142
61
182
184
128
14
75
18
153
260
249
209
157
83
52
199
167
234
172
110
211
150
254
66
64
286
253
228
141
315
123
33
56
118
245
256
43
193
143
20
132
196
291
267
285
104
217
151
155
248
265
185
68
19
9
301
28
292
168
252
145
181
313
320
124
180
230
247
250
3
98
309
62
96
91
284
139
303
218
221
210
121
300
259
190
231
262
302
126
35
175
80
49
269
138
86
40
207
94
57
298
164
15
42
26
7
70
290
227
25
258
147
188
137
144
219
176
-1
EOF
