NAME : sim501.215579.tour
COMMENT : Length = 215579
COMMENT : Found by LKH [Keld Helsgaun] Tue Sep 11 00:33:55 2018
TYPE : TOUR
DIMENSION : 501
TOUR_SECTION
1
42
443
62
419
11
488
136
379
63
150
416
432
442
233
384
74
242
13
468
185
276
183
299
353
55
447
217
341
361
230
84
106
236
296
97
392
38
9
5
263
374
133
87
475
22
469
466
359
269
285
464
428
30
482
358
35
485
355
3
221
423
303
224
366
155
114
424
415
241
82
123
145
229
59
40
365
434
33
481
390
129
277
251
186
130
144
205
453
69
284
128
202
306
258
262
117
253
300
334
4
103
210
238
429
483
345
44
324
402
368
131
29
425
43
327
367
168
396
100
310
297
193
204
51
322
254
17
142
65
265
78
126
160
153
138
66
20
308
493
104
259
16
98
439
161
264
152
19
487
305
227
412
347
352
337
188
348
380
313
235
289
18
112
400
329
125
427
467
58
266
39
180
326
270
199
68
8
473
342
438
397
72
437
24
330
232
463
382
349
363
140
480
139
226
499
321
364
179
354
383
53
376
454
225
422
293
333
490
149
460
213
200
146
216
455
194
173
474
343
260
83
91
109
489
370
116
449
340
301
75
197
478
50
486
248
77
405
377
70
335
158
47
282
278
245
96
214
172
34
211
261
196
312
154
165
413
45
450
319
318
157
132
73
369
177
105
417
134
362
409
267
344
317
25
339
398
115
37
178
166
272
456
406
89
201
457
215
435
484
295
451
418
60
395
338
122
332
239
163
459
218
461
430
101
120
203
283
86
99
346
298
387
479
228
195
496
237
222
27
291
234
280
141
15
371
41
386
350
46
498
81
328
440
252
187
279
281
401
71
288
171
314
445
26
268
316
135
181
88
147
404
323
446
159
290
287
448
111
48
61
492
208
256
219
247
273
407
56
470
372
167
385
357
393
52
212
80
151
336
426
394
472
462
243
325
403
79
198
286
207
373
28
176
169
182
162
90
10
249
127
411
164
206
320
54
501
410
102
32
21
93
190
246
294
124
302
388
356
381
436
67
494
255
257
23
244
292
311
391
57
420
421
31
184
231
148
191
389
118
85
2
110
175
408
431
271
495
275
351
113
399
92
156
315
307
378
476
441
12
94
375
170
64
137
360
497
220
331
223
119
500
14
36
304
465
209
49
189
6
309
452
121
240
107
471
108
76
250
491
7
433
414
143
274
174
192
477
444
95
458
-1
EOF
