NAME : sim1001.306897.tour
COMMENT : Length = 306897
COMMENT : Found by LKH [Keld Helsgaun] Tue Sep 11 07:08:56 2018
TYPE : TOUR
DIMENSION : 1001
TOUR_SECTION
1
506
169
624
225
454
233
574
691
822
382
876
613
544
187
591
167
437
953
228
356
135
322
792
68
560
649
425
373
838
266
693
790
749
943
843
728
608
447
567
942
555
579
157
418
656
314
378
176
180
308
819
352
105
561
367
509
894
832
98
309
402
171
865
983
479
674
853
677
16
113
921
950
805
683
558
156
213
154
22
678
610
138
682
148
688
892
569
423
468
460
190
122
796
259
208
340
118
328
785
751
77
117
242
626
652
746
705
231
628
602
623
821
635
445
960
184
79
760
358
459
636
247
372
376
478
123
928
720
841
890
774
986
614
791
690
93
483
927
420
922
642
429
354
452
570
973
29
323
548
703
361
101
735
909
597
19
44
612
442
965
238
27
364
207
605
332
229
654
588
54
84
458
879
834
976
846
501
375
40
104
545
537
14
100
627
472
330
768
908
849
808
222
255
661
566
488
417
586
351
455
144
902
381
366
629
748
475
446
130
617
673
355
587
687
954
869
699
880
83
311
344
51
335
575
226
708
955
15
596
723
401
964
108
237
81
262
199
511
412
304
168
540
739
71
870
536
74
680
59
359
903
709
580
615
195
285
126
267
987
35
704
634
498
621
469
655
53
631
72
339
427
406
368
864
46
57
913
551
181
398
776
65
286
131
338
250
500
319
644
116
34
457
513
917
384
752
474
939
867
753
958
948
316
256
794
593
937
516
886
959
220
31
576
771
689
52
806
290
466
49
263
961
532
210
757
350
365
265
464
977
767
489
129
717
938
991
185
698
291
526
43
212
451
473
324
547
630
915
763
855
842
62
294
918
484
380
571
775
754
743
47
522
63
647
502
136
531
535
956
12
770
146
578
24
882
665
697
439
979
713
802
109
139
232
721
696
719
716
962
765
188
868
289
872
132
1001
525
643
92
107
543
18
783
78
549
900
679
658
6
496
10
530
164
69
86
594
653
932
2
239
186
257
738
619
990
686
512
906
33
823
646
828
155
357
863
931
400
325
514
799
885
981
550
667
260
999
329
82
692
435
414
219
50
945
967
432
56
270
67
798
559
676
604
456
845
524
862
298
428
28
159
152
810
60
127
582
706
13
147
9
780
641
583
622
772
609
895
930
718
369
982
694
724
618
980
8
786
217
197
712
88
494
172
121
997
764
659
194
1000
797
914
592
633
271
837
640
541
296
778
510
907
600
595
413
788
741
782
878
55
303
681
422
305
241
497
866
334
192
36
897
607
405
926
826
276
321
302
675
874
297
989
546
379
835
481
891
888
538
603
471
858
711
295
371
390
278
244
974
795
450
934
70
552
817
851
85
415
115
112
759
96
944
492
438
179
700
520
306
804
90
202
899
253
349
183
209
141
252
857
969
750
174
657
140
346
293
275
947
985
102
966
99
527
201
528
745
732
182
758
342
461
75
856
421
206
374
584
847
747
42
912
639
793
850
737
434
4
87
317
11
120
200
48
978
103
465
331
383
396
370
769
170
274
26
397
443
301
650
76
827
326
666
648
941
904
32
23
601
254
480
299
777
606
436
153
198
616
784
17
283
20
161
280
160
893
951
620
539
337
779
685
507
150
133
336
347
701
787
431
143
844
734
288
264
493
781
896
940
272
508
491
984
214
564
300
936
424
877
504
957
175
727
189
599
664
581
487
66
345
310
482
391
111
419
995
426
672
165
733
831
273
637
883
91
517
521
149
95
142
215
875
318
89
236
246
519
320
227
660
670
744
245
178
145
873
151
910
7
223
162
562
818
25
925
409
203
871
315
410
740
684
393
898
663
731
996
563
240
499
542
128
470
755
486
106
216
251
403
377
807
462
282
94
463
972
773
137
230
45
577
395
124
490
313
363
830
816
196
307
243
761
662
360
193
58
268
993
80
166
388
343
341
284
671
234
407
39
269
848
766
433
919
924
554
859
30
485
523
840
41
191
809
441
495
963
968
205
503
585
515
224
861
362
440
920
813
277
476
645
565
119
533
992
281
815
651
279
860
824
477
611
408
64
800
333
762
392
638
3
448
97
730
411
820
416
389
803
789
386
812
852
556
404
916
952
889
312
589
125
625
935
572
110
518
348
235
467
632
399
221
261
715
901
726
158
829
923
929
998
933
5
292
994
825
742
353
61
394
249
905
73
177
38
258
668
836
553
911
598
707
975
756
557
573
444
854
327
695
287
833
449
736
811
387
710
114
505
988
669
970
839
37
430
949
173
134
204
801
722
702
218
714
814
946
529
534
163
971
887
453
248
21
725
568
884
385
729
211
590
881
-1
EOF
