NAME : sim251.154836.tour
COMMENT : Length = 154836
COMMENT : Found by LKH [Keld Helsgaun] Wed Aug 29 09:47:51 2018
TYPE : TOUR
DIMENSION : 251
TOUR_SECTION
1
154
34
69
53
112
124
247
156
192
250
67
204
77
220
146
39
19
116
96
109
158
210
161
133
52
25
94
169
198
190
57
88
186
175
104
242
100
14
166
63
12
87
29
231
3
83
126
233
92
76
118
13
50
238
213
167
120
70
93
119
90
171
28
172
177
32
152
98
30
10
138
6
51
61
224
64
113
62
16
117
181
36
153
162
71
136
121
23
168
75
150
206
248
174
221
217
188
31
251
86
202
58
4
240
22
21
173
194
68
89
80
184
201
149
143
241
189
60
197
27
165
137
134
125
37
123
212
91
243
2
182
236
209
183
228
42
178
230
107
193
122
135
216
218
187
33
185
145
211
49
219
227
79
131
226
225
223
46
127
48
101
229
129
72
155
99
81
17
244
102
114
5
73
44
7
222
15
176
151
11
85
235
35
24
54
164
18
234
55
43
245
246
147
132
97
159
47
95
106
141
41
103
20
139
200
128
130
84
203
40
8
66
26
82
78
207
142
170
199
108
59
205
157
163
148
249
160
237
115
180
140
110
239
65
208
232
9
38
196
56
191
179
144
105
215
45
111
195
74
214
-1
EOF
