NAME : sim1001.305351.tour
COMMENT : Length = 305351
COMMENT : Found by LKH [Keld Helsgaun] Tue Sep 11 16:46:06 2018
TYPE : TOUR
DIMENSION : 1001
TOUR_SECTION
1
742
318
144
532
152
964
157
826
511
468
90
366
664
72
125
37
619
797
933
633
739
272
353
470
813
737
179
763
158
129
497
808
281
788
782
289
19
878
505
775
684
774
629
839
688
598
165
492
439
464
172
680
241
99
988
658
47
893
671
415
362
111
821
523
250
40
873
465
934
917
61
735
617
213
403
709
211
288
783
569
259
909
8
393
373
561
170
752
847
707
335
715
32
307
586
666
248
169
968
542
202
642
519
184
65
862
230
874
631
696
228
130
450
993
556
106
97
781
457
660
529
132
500
151
160
880
64
694
441
451
254
578
128
579
766
816
803
940
481
270
817
686
894
372
449
295
875
293
921
1001
401
597
303
558
868
641
355
923
869
368
687
309
911
536
811
780
881
948
149
66
312
420
612
674
520
574
363
809
582
73
855
219
904
220
198
448
669
952
661
538
146
229
233
695
977
892
701
939
173
351
914
997
153
189
390
262
50
154
118
168
12
916
930
109
285
573
159
245
559
610
859
377
44
10
647
386
531
866
356
267
296
683
717
618
24
992
703
792
910
601
706
672
740
891
461
257
376
712
297
222
975
756
282
577
804
460
208
478
462
814
396
328
455
347
828
644
860
522
95
308
632
298
697
886
134
744
634
456
346
310
357
175
657
736
26
290
751
284
762
560
433
315
776
141
637
112
626
359
379
622
75
480
304
830
920
516
207
23
907
38
89
885
941
115
552
854
421
807
606
20
958
2
314
291
926
278
16
507
275
677
562
93
915
682
899
551
237
201
69
498
570
280
218
349
332
463
950
954
773
970
150
994
495
246
710
104
231
499
823
748
838
322
4
190
895
540
725
200
943
180
414
580
496
576
384
266
765
55
479
517
912
277
57
600
767
139
471
411
953
221
593
525
743
186
324
311
33
83
183
733
524
408
49
197
52
704
974
554
867
143
274
747
521
120
412
413
58
801
192
256
575
509
223
829
844
475
409
769
949
980
594
528
7
908
793
883
836
713
581
764
861
731
837
905
754
843
331
260
931
716
422
344
583
6
502
491
982
319
15
795
760
796
824
789
651
283
729
53
966
46
263
615
820
164
999
268
1000
659
435
232
119
638
306
369
216
67
771
148
692
965
772
367
381
889
45
94
121
898
986
352
553
959
557
36
82
513
864
436
539
790
900
203
214
244
437
300
919
418
62
928
423
452
484
850
749
466
890
469
723
30
714
187
96
566
863
546
102
127
673
391
549
447
325
794
48
726
806
287
35
787
305
805
702
167
166
174
530
404
960
791
398
663
613
720
616
126
264
757
371
799
327
652
544
937
178
932
31
605
194
963
336
858
60
56
550
339
936
653
25
689
962
21
171
741
984
506
947
77
565
316
901
236
113
852
785
571
249
240
269
383
98
429
810
364
279
107
442
834
101
124
872
345
691
419
329
913
494
425
822
798
424
17
105
28
512
604
802
18
732
927
595
841
985
86
473
261
699
206
533
488
273
438
243
348
79
778
755
400
903
43
568
897
476
815
607
961
188
812
700
585
969
534
750
621
719
620
22
131
906
676
265
876
81
623
635
645
596
599
333
394
848
430
204
217
879
199
63
972
142
995
388
724
853
453
338
375
887
417
294
761
698
991
177
722
59
842
608
591
588
486
650
987
831
902
80
587
955
11
117
410
656
846
185
350
343
487
746
320
238
432
399
147
543
827
786
708
235
155
301
971
518
779
196
71
317
777
321
14
942
541
276
832
690
212
156
870
34
721
472
851
504
91
114
944
685
54
434
337
326
39
648
678
5
225
299
41
454
138
490
592
614
818
630
510
87
247
563
389
100
365
397
956
609
416
378
358
625
209
628
271
768
924
226
548
387
888
602
162
770
483
313
68
825
370
70
654
643
877
428
485
973
501
918
242
679
649
405
42
981
998
85
360
407
84
385
730
459
140
857
759
547
636
990
856
784
135
545
849
527
215
514
477
380
443
646
78
738
589
665
938
163
374
711
427
526
967
675
871
667
535
624
176
925
195
51
976
13
205
668
922
946
431
603
122
727
239
567
446
996
354
440
865
957
110
555
334
718
840
979
745
983
224
800
323
133
210
116
627
474
508
572
251
88
193
108
253
537
728
342
286
882
392
361
341
681
655
662
258
137
640
292
402
590
426
989
395
9
951
145
3
758
161
302
564
181
835
670
123
92
819
444
467
884
191
833
255
330
103
29
639
74
27
584
182
503
493
406
458
935
945
382
693
445
227
76
489
929
234
515
753
734
340
611
252
978
482
705
136
896
845
-1
EOF
