NAME : sim251.154619.tour
COMMENT : Length = 154619
COMMENT : Found by LKH [Keld Helsgaun] Tue Sep 11 17:24:59 2018
TYPE : TOUR
DIMENSION : 251
TOUR_SECTION
1
77
220
111
23
75
55
38
96
250
181
82
102
227
192
215
43
187
115
89
157
236
134
235
9
47
50
146
172
178
117
41
169
2
135
4
17
183
190
141
138
44
185
166
202
148
142
58
106
228
180
242
26
71
25
221
184
241
224
136
246
34
144
81
204
99
12
42
123
225
223
132
93
84
234
233
119
19
18
86
5
7
90
3
108
124
200
203
21
121
196
212
219
139
182
163
53
120
20
206
31
160
214
27
145
152
131
36
208
61
216
189
197
74
140
62
218
125
195
70
52
173
210
6
29
176
91
251
35
211
24
248
48
112
232
79
226
15
30
46
153
188
191
247
244
33
8
54
10
243
201
101
143
98
222
105
162
127
199
56
103
159
37
72
229
126
22
209
231
73
116
28
97
213
161
130
230
238
13
32
100
249
156
11
109
133
154
64
107
51
175
237
85
128
69
49
59
63
39
78
83
94
66
207
110
137
113
186
80
67
171
57
16
114
198
179
158
65
167
92
240
151
118
122
40
60
168
76
205
165
104
87
149
177
147
129
193
95
164
155
88
170
239
245
45
150
14
68
194
174
217
-1
EOF
