NAME : sim251.149905.tour
COMMENT : Length = 149905
COMMENT : Found by LKH [Keld Helsgaun] Wed Aug 29 09:37:54 2018
TYPE : TOUR
DIMENSION : 251
TOUR_SECTION
1
143
238
127
73
193
5
179
137
207
225
250
105
35
223
100
243
249
180
94
176
56
117
147
34
75
59
31
173
183
80
42
7
79
58
104
206
62
188
38
191
169
178
224
47
70
30
141
242
90
168
228
64
194
85
95
3
82
205
98
233
92
10
210
201
166
222
51
15
152
138
200
121
132
113
37
12
150
213
229
22
163
69
2
16
145
146
45
133
196
6
126
128
118
192
4
165
50
71
39
239
218
91
36
202
177
86
106
124
235
215
27
170
185
136
153
13
221
54
154
226
108
48
68
135
107
109
134
17
44
110
65
175
115
156
53
19
11
219
63
72
190
172
123
198
99
52
142
96
28
102
114
246
240
111
61
84
244
199
209
29
87
120
230
57
184
77
144
227
76
155
130
160
74
149
186
119
129
97
122
212
217
125
88
89
40
214
33
162
197
211
131
23
32
181
101
231
24
81
43
67
203
93
21
232
234
66
116
174
26
41
18
248
247
182
9
164
55
139
60
236
220
8
195
20
14
112
46
25
158
241
148
237
161
159
78
208
204
83
157
216
151
140
103
49
171
187
189
167
245
251
-1
EOF
