NAME : sim1001.307276.tour
COMMENT : Length = 307276
COMMENT : Found by LKH [Keld Helsgaun] Tue Sep 11 07:16:05 2018
TYPE : TOUR
DIMENSION : 1001
TOUR_SECTION
1
204
429
426
205
999
612
588
168
313
819
263
466
971
740
223
198
911
94
171
995
825
383
235
874
112
60
945
240
667
746
758
524
229
284
201
818
43
701
847
830
87
938
596
655
592
329
978
387
45
188
191
424
14
887
534
179
934
550
538
128
829
846
930
864
742
779
682
452
392
854
710
942
767
673
414
504
772
69
469
253
109
796
614
778
261
288
539
898
393
210
704
423
696
737
851
610
341
170
948
481
909
889
39
405
773
207
462
641
225
578
678
965
944
626
689
970
259
183
736
900
570
919
322
963
903
71
771
849
878
923
831
884
410
489
28
458
425
139
560
36
439
611
150
256
711
455
285
321
388
551
2
983
104
137
217
154
982
326
638
749
377
845
555
373
371
348
892
157
320
636
136
203
553
453
725
338
5
953
189
574
841
378
44
537
491
25
24
312
363
665
357
278
659
668
487
862
844
763
905
151
619
661
523
915
757
639
51
34
981
46
625
186
585
654
797
148
145
871
480
195
782
513
419
774
318
252
669
939
812
65
477
37
979
700
572
400
694
138
601
508
633
324
510
806
912
266
360
519
351
280
836
430
456
848
476
306
990
214
632
125
926
73
697
695
208
616
723
408
192
299
475
714
293
956
739
522
907
913
685
52
239
562
196
675
786
753
869
209
580
624
382
792
908
35
591
653
367
765
88
790
503
582
556
40
153
528
604
317
486
870
33
394
542
19
464
783
113
857
499
127
332
642
743
160
784
640
401
855
662
496
342
345
657
734
693
310
18
677
500
369
175
415
994
228
230
840
315
954
563
245
233
618
705
931
294
891
11
158
719
395
735
96
579
413
132
376
890
167
81
622
637
290
547
384
606
199
206
882
566
988
957
507
813
788
833
97
493
940
795
190
10
372
702
727
921
111
85
777
895
643
650
502
262
597
989
147
766
916
754
72
434
308
839
402
501
307
6
955
935
202
658
997
224
216
248
584
787
670
799
509
53
821
559
631
540
552
211
159
385
867
770
863
962
194
623
438
375
134
674
645
635
108
793
856
684
465
29
820
362
716
593
242
968
789
801
959
747
517
467
768
709
444
257
238
664
164
924
417
68
897
902
853
328
987
251
443
969
764
47
744
861
231
679
946
131
57
726
120
976
300
91
536
660
448
130
255
124
573
986
406
761
866
925
686
910
681
292
738
568
450
303
479
775
427
50
838
269
273
286
482
101
173
258
881
605
80
860
451
802
933
672
244
380
472
858
906
683
436
64
750
289
161
463
721
809
918
888
717
993
121
305
169
166
901
185
103
276
998
99
459
333
8
589
325
260
59
929
875
511
323
442
162
102
411
352
82
960
390
337
365
291
985
374
713
42
141
973
634
644
587
535
494
613
327
144
756
966
174
149
100
74
334
118
687
879
301
748
952
474
250
361
354
575
268
880
399
221
267
347
543
972
431
824
447
492
804
404
781
304
432
558
117
899
516
980
751
752
941
949
412
440
364
526
115
484
598
105
86
21
339
298
490
264
187
58
140
66
331
807
932
815
718
569
356
842
814
581
26
200
688
776
143
119
722
794
247
227
89
520
449
991
219
680
607
177
877
865
271
428
497
992
67
800
16
630
583
193
810
218
546
868
832
728
220
904
720
561
274
893
172
545
435
63
798
302
603
920
236
478
20
594
715
31
416
283
731
368
549
817
590
349
355
212
77
996
964
470
346
571
421
707
564
651
182
803
805
785
265
958
122
181
984
156
652
296
468
852
295
277
226
703
586
835
755
15
816
246
353
4
615
629
759
876
133
488
23
530
180
712
343
129
243
106
690
762
599
663
237
396
403
628
279
922
241
409
61
232
671
791
745
70
460
330
311
541
950
595
894
287
41
506
270
275
75
554
473
336
116
420
647
95
533
859
38
608
27
389
837
733
445
79
366
627
692
609
215
254
282
152
741
602
872
557
234
454
515
548
691
90
485
1000
98
617
350
407
646
123
3
314
84
213
567
706
834
620
114
309
974
600
379
512
521
165
967
873
975
529
885
708
826
676
22
961
1001
943
457
249
30
977
93
297
760
437
184
446
828
577
83
13
525
827
142
471
936
822
811
55
544
724
928
62
732
76
176
92
666
483
391
699
381
808
927
398
319
505
272
498
565
7
155
146
335
621
937
648
418
49
54
769
656
518
532
107
344
433
780
78
222
441
370
197
886
126
729
340
12
422
48
495
917
698
850
951
883
32
461
163
896
823
576
110
397
316
843
358
527
9
386
56
359
17
281
649
178
730
514
914
531
135
947
-1
EOF
