NAME : sim251.155823.tour
COMMENT : Length = 155823
COMMENT : Found by LKH [Keld Helsgaun] Wed Aug 29 10:12:44 2018
TYPE : TOUR
DIMENSION : 251
TOUR_SECTION
1
11
113
170
195
57
54
135
150
90
189
197
145
105
17
237
4
176
47
204
250
184
169
219
233
72
173
232
117
238
218
55
205
157
127
59
15
123
36
141
65
223
217
79
154
103
12
236
58
82
95
175
137
221
202
44
209
251
244
42
118
228
213
246
149
171
146
235
230
208
74
80
97
174
112
92
124
34
102
13
182
242
142
194
119
186
37
125
231
53
158
99
22
160
132
100
9
164
116
70
73
75
120
40
26
109
139
35
131
68
66
19
29
69
16
200
166
183
191
152
172
28
211
49
115
52
43
234
185
30
156
38
106
7
229
56
8
215
23
222
239
243
178
207
31
190
240
163
214
140
63
121
181
91
51
33
25
153
98
20
148
247
24
210
227
133
67
107
226
188
180
45
62
249
168
201
39
83
155
128
193
88
21
225
245
77
187
147
89
48
87
86
61
101
6
14
94
136
5
108
224
2
85
71
143
179
81
130
114
41
144
18
212
198
10
177
161
248
192
27
206
84
32
196
64
111
60
220
151
199
50
76
129
167
126
203
165
96
3
122
216
104
46
138
134
162
159
110
93
78
241
-1
EOF
