NAME : sim141.119324.tour
COMMENT : Length = 119324
COMMENT : Found by LKH [Keld Helsgaun] Thu Sep 20 02:37:58 2018
TYPE : TOUR
DIMENSION : 141
TOUR_SECTION
1
9
102
131
99
74
79
129
57
103
125
65
96
119
25
112
124
16
30
10
31
12
95
77
117
21
93
141
14
59
48
88
20
115
32
55
132
138
28
128
26
3
121
41
106
91
68
86
43
56
136
133
78
35
47
40
11
73
66
39
137
34
8
123
113
127
130
51
22
134
118
27
19
36
71
15
75
89
83
61
6
5
101
62
126
24
60
135
49
98
139
82
4
58
52
54
50
104
122
18
13
92
69
110
64
108
17
44
114
46
111
80
100
45
70
29
116
37
97
81
2
76
84
53
63
94
23
120
107
105
38
90
42
67
140
7
33
72
109
85
87
-1
EOF
