NAME : sim501.215829.tour
COMMENT : Length = 215829
COMMENT : Found by LKH [Keld Helsgaun] Mon Sep 10 21:43:12 2018
TYPE : TOUR
DIMENSION : 501
TOUR_SECTION
1
87
282
74
439
183
463
165
410
488
24
190
394
445
490
185
15
269
4
267
419
61
140
150
65
234
96
417
340
166
237
443
333
387
283
210
436
411
168
389
148
42
396
498
51
469
147
263
75
400
111
250
367
16
403
354
373
118
468
390
208
348
491
103
225
435
70
86
53
422
455
46
77
137
259
277
76
52
414
296
211
301
325
450
496
253
2
454
218
5
123
23
432
408
352
386
264
286
276
475
293
265
231
243
35
108
428
430
198
179
382
128
380
363
7
176
197
227
57
366
122
405
141
336
124
303
175
247
381
194
437
157
80
397
275
471
415
466
94
180
79
258
360
424
131
162
215
9
499
460
464
184
200
132
423
17
483
39
95
223
266
81
323
441
442
69
10
500
305
444
308
169
14
377
477
306
420
383
317
214
117
26
467
68
353
28
121
368
204
312
346
205
369
485
49
139
489
486
448
376
407
284
149
251
494
91
307
452
295
125
413
355
474
213
392
299
350
326
322
232
228
102
457
379
34
36
449
199
33
359
174
337
202
239
281
341
279
356
342
324
50
343
12
482
90
105
270
193
153
158
384
115
318
181
112
221
313
260
60
189
393
113
107
8
134
447
55
351
171
110
71
161
338
315
248
226
40
114
238
274
395
427
152
254
297
399
501
371
344
402
453
492
362
164
332
73
321
256
89
59
249
45
22
99
375
431
37
285
160
29
82
268
138
201
451
203
216
319
88
314
331
177
187
257
126
119
172
25
92
240
62
459
217
20
300
146
136
438
290
365
309
154
242
273
43
206
47
364
327
287
358
63
470
465
18
478
421
222
27
130
54
462
385
310
64
426
38
236
241
294
3
182
142
144
109
93
456
433
484
170
476
339
458
219
104
246
196
418
101
32
245
280
334
106
192
67
461
472
372
156
155
495
13
191
401
302
481
84
220
56
207
173
66
143
133
311
44
493
188
345
135
129
398
255
388
244
97
163
120
412
409
261
434
391
145
21
98
304
497
41
349
480
167
229
100
195
262
292
298
224
19
328
85
316
30
357
288
425
72
278
289
429
83
209
212
416
186
330
473
446
320
11
252
370
378
329
127
78
58
487
479
233
440
178
6
116
31
151
230
406
404
272
271
361
235
48
335
374
291
159
347
-1
EOF
