NAME : sim501.219027.tour
COMMENT : Length = 219027
COMMENT : Found by LKH [Keld Helsgaun] Mon Sep 10 22:07:10 2018
TYPE : TOUR
DIMENSION : 501
TOUR_SECTION
1
432
331
408
47
380
449
142
29
73
474
177
10
49
454
476
201
115
402
89
4
94
220
477
323
114
61
110
390
174
327
297
127
260
145
282
203
43
435
58
129
213
357
63
276
122
263
450
32
270
284
186
480
199
403
468
156
41
113
22
283
240
118
441
321
7
344
92
360
311
315
325
140
223
182
314
219
33
368
131
54
367
202
98
193
190
381
237
376
418
137
280
493
303
332
349
65
216
365
470
255
74
117
410
379
340
369
99
2
97
338
218
208
272
17
264
482
155
501
11
265
414
289
456
318
277
64
242
300
215
359
400
317
417
187
268
294
90
312
487
491
444
424
290
134
152
197
448
339
460
483
126
378
160
162
124
245
287
351
44
171
375
366
136
275
353
71
120
106
107
57
337
374
305
273
469
146
363
392
253
453
362
178
72
316
259
494
13
108
141
292
391
81
95
210
440
229
341
16
84
465
188
23
133
352
310
15
123
372
239
88
383
345
243
111
407
247
269
116
386
66
251
76
217
434
39
172
295
399
495
37
234
241
159
326
486
343
20
302
322
228
221
179
34
428
130
426
348
389
165
288
286
250
396
164
370
423
459
231
455
447
361
478
485
52
147
420
248
387
324
479
439
151
103
278
261
119
461
299
475
252
496
75
421
398
180
224
308
489
176
256
69
153
24
319
373
42
226
175
350
462
422
452
96
419
358
356
56
301
148
109
184
279
416
499
8
12
307
473
28
86
329
446
430
443
68
433
161
377
80
232
93
236
222
401
293
371
35
298
412
395
62
79
38
257
385
442
82
205
436
170
132
70
262
139
125
154
406
472
67
128
189
144
192
309
196
169
158
393
121
173
484
267
166
330
181
364
91
342
206
46
333
467
19
157
212
334
102
101
238
233
191
235
14
411
413
135
163
3
336
51
429
77
458
211
463
500
281
55
225
335
183
404
437
347
425
5
83
198
304
26
457
230
104
382
227
354
415
50
30
200
18
388
492
138
85
266
497
150
498
285
9
31
105
149
291
60
6
445
209
464
409
405
207
488
274
195
168
100
25
427
320
490
394
185
438
167
45
258
313
48
328
246
40
306
481
204
87
21
254
397
143
78
214
431
296
112
36
249
194
27
355
471
271
53
346
59
451
244
384
466
-1
EOF
