NAME : sim251.157658.tour
COMMENT : Length = 157658
COMMENT : Found by LKH [Keld Helsgaun] Tue Sep 11 17:15:11 2018
TYPE : TOUR
DIMENSION : 251
TOUR_SECTION
1
66
205
207
201
19
57
245
40
105
244
183
191
42
117
120
143
110
51
220
168
68
221
163
82
203
232
71
236
206
164
149
89
121
100
72
41
35
108
112
12
208
156
170
125
33
209
78
225
216
187
177
79
26
21
214
27
153
231
101
129
122
239
109
148
238
195
131
55
53
137
32
99
160
83
81
199
106
4
15
45
176
224
84
242
222
52
165
190
114
102
104
142
250
140
37
235
87
64
94
217
155
197
54
98
39
30
192
158
185
7
60
11
159
116
154
147
115
20
210
173
63
138
230
182
174
241
215
181
9
152
76
48
123
132
59
240
74
180
93
75
213
218
186
134
61
29
47
135
36
85
43
136
113
228
107
189
144
200
167
44
249
133
10
157
49
233
34
24
95
77
69
50
162
150
198
38
103
202
90
248
219
169
28
111
25
58
17
13
126
18
80
6
196
96
3
127
92
31
56
251
130
171
97
146
227
229
211
67
246
166
91
119
141
73
175
139
204
8
212
124
16
46
179
226
5
151
62
161
234
172
128
188
118
184
178
2
88
23
223
145
86
247
243
237
193
14
22
194
65
70
-1
EOF
