NAME : sim141.122368.tour
COMMENT : Length = 122368
COMMENT : Found by LKH [Keld Helsgaun] Thu Sep 20 03:37:36 2018
TYPE : TOUR
DIMENSION : 141
TOUR_SECTION
1
50
105
26
139
101
19
112
94
132
111
30
110
109
17
27
68
45
100
103
55
13
123
81
48
97
60
49
77
43
73
16
33
71
35
92
11
130
119
7
6
86
115
138
96
124
90
5
113
88
106
134
58
78
10
31
70
63
4
22
62
29
39
64
21
99
51
129
25
3
20
57
2
15
36
24
104
12
84
23
46
95
133
131
93
126
114
102
107
32
137
28
118
128
52
34
116
41
89
98
136
76
117
56
122
121
67
44
127
85
54
87
120
80
79
42
65
40
125
108
135
37
83
82
74
38
61
14
59
47
75
66
8
140
69
53
9
18
141
72
91
-1
EOF
