NAME : sim141.113894.tour
COMMENT : Length = 113894
COMMENT : Found by LKH [Keld Helsgaun] Sun Sep 16 00:58:44 2018
TYPE : TOUR
DIMENSION : 141
TOUR_SECTION
1
37
24
17
40
92
79
132
113
82
53
90
102
88
98
136
122
140
8
124
138
120
89
30
35
31
107
114
18
7
42
41
106
28
45
62
71
22
67
11
133
13
81
46
39
96
21
6
73
127
141
112
20
4
100
32
128
119
25
68
38
75
56
3
14
95
34
9
2
26
99
87
55
66
29
126
78
77
50
64
111
129
109
85
23
121
94
44
101
70
27
49
52
130
15
43
59
116
97
137
54
60
131
10
76
139
65
61
16
12
5
48
69
72
125
84
51
80
115
58
86
117
108
36
74
19
104
93
103
47
105
110
57
118
33
123
63
134
135
83
91
-1
EOF
