NAME : sim161.121188.tour
COMMENT : Length = 121188
COMMENT : Found by LKH [Keld Helsgaun] Sat Sep 15 04:35:48 2018
TYPE : TOUR
DIMENSION : 161
TOUR_SECTION
1
87
148
101
38
51
145
83
54
107
156
138
68
11
2
57
146
99
25
64
75
69
63
23
153
108
91
111
70
88
52
80
59
50
81
132
106
120
143
72
84
79
130
112
43
147
13
66
16
142
74
144
82
105
58
154
30
73
39
27
31
45
20
44
124
98
139
114
86
131
140
128
78
17
48
36
123
115
100
35
22
61
137
151
9
94
34
71
92
7
117
5
150
21
90
29
56
118
85
62
76
129
67
12
26
134
103
116
14
97
33
28
32
133
93
127
42
152
18
155
49
121
122
89
40
3
15
141
159
46
95
96
19
136
55
109
161
126
41
77
10
104
8
113
125
60
24
110
65
135
53
4
119
160
157
149
6
158
47
37
102
-1
EOF
