NAME : sim1001.308190.tour
COMMENT : Length = 308190
COMMENT : Found by LKH [Keld Helsgaun] Tue Sep 11 05:02:21 2018
TYPE : TOUR
DIMENSION : 1001
TOUR_SECTION
1
241
826
250
736
334
132
822
933
845
575
162
924
425
240
911
330
894
481
97
72
294
91
686
252
587
438
883
340
471
18
467
385
9
774
766
636
779
785
465
620
257
560
767
645
112
443
902
644
512
159
913
193
392
130
458
178
973
892
961
134
660
6
16
872
397
668
737
871
541
941
570
78
976
428
888
778
225
585
552
576
520
335
400
566
642
757
364
399
842
823
394
529
732
953
526
954
960
598
206
699
640
350
635
971
567
292
535
652
126
246
599
138
286
406
8
513
710
387
811
497
553
728
812
821
283
937
524
422
935
773
630
707
725
60
444
760
527
34
518
507
574
485
256
691
545
285
678
756
714
956
992
833
909
515
244
293
332
522
247
764
253
430
873
659
837
61
196
479
912
35
934
730
317
460
780
219
323
328
381
648
548
278
89
238
295
555
594
498
329
564
693
936
947
590
357
181
478
763
456
120
161
875
793
304
367
284
52
429
743
517
561
646
128
654
550
521
536
882
59
122
339
389
586
200
398
353
125
729
922
604
489
670
776
997
490
401
486
342
192
386
24
25
649
794
468
571
129
952
266
990
805
866
838
382
876
596
15
610
580
84
372
577
23
539
582
917
651
726
439
64
802
991
230
276
624
741
643
46
313
337
315
605
90
835
51
755
989
236
96
158
982
687
797
431
501
114
140
7
201
154
694
106
454
146
75
265
626
988
1001
220
290
864
49
930
625
702
169
854
500
449
788
434
141
275
79
231
411
190
696
374
416
618
672
984
562
273
664
17
899
790
677
249
216
457
901
88
551
20
65
857
980
131
218
205
893
107
32
661
480
749
115
772
801
752
791
475
359
557
415
861
781
921
259
27
939
119
476
723
203
442
322
665
987
441
554
104
689
724
45
634
375
818
967
103
547
506
384
657
93
167
217
69
650
703
588
712
597
262
180
940
727
358
73
523
336
243
326
946
48
303
963
614
569
316
81
237
747
994
617
495
593
121
211
938
99
349
863
185
581
307
949
942
919
546
904
865
662
426
927
549
391
210
202
999
572
671
583
932
404
314
324
30
669
607
83
839
753
63
41
432
855
188
832
207
998
945
77
684
491
377
641
903
629
496
860
153
862
414
102
271
786
943
880
975
379
369
834
890
803
979
682
26
929
182
383
289
814
969
213
47
297
840
395
782
445
907
647
482
447
319
156
579
638
716
679
258
282
33
784
232
816
197
628
637
223
789
715
118
390
373
738
37
86
543
417
274
68
453
135
113
418
147
680
195
841
127
674
144
301
261
194
346
877
163
251
870
844
955
459
889
226
186
675
57
746
427
327
450
810
616
619
601
11
783
887
926
184
734
908
828
356
768
338
494
775
360
884
191
4
175
318
505
544
298
235
245
31
155
50
514
152
631
145
808
311
843
711
690
667
363
885
609
853
204
331
532
796
848
10
705
306
538
408
739
70
279
38
98
477
371
224
906
595
867
71
409
436
87
173
612
509
948
234
606
149
419
92
150
996
623
849
137
66
116
633
915
565
959
807
470
437
530
277
110
735
451
157
58
762
769
435
365
827
758
174
352
974
354
484
108
13
366
28
345
905
43
740
981
199
951
309
370
268
280
393
900
215
351
985
260
540
806
519
248
950
12
718
850
925
492
2
142
100
3
896
452
525
923
895
836
254
972
958
164
423
94
448
968
270
321
168
209
683
405
380
563
74
473
720
744
745
742
556
914
847
464
474
325
663
222
655
831
124
1000
748
343
299
320
602
239
300
487
53
829
208
986
407
281
229
771
754
856
267
85
697
815
817
22
361
255
944
402
591
706
412
227
166
176
510
830
658
673
879
759
504
995
777
695
148
368
859
171
198
798
403
291
396
977
792
288
189
440
701
302
589
770
362
348
310
916
516
559
62
39
608
143
600
233
109
700
688
868
242
568
819
95
29
151
869
511
55
170
878
681
40
388
272
446
462
603
305
632
421
296
483
799
676
622
765
347
751
731
80
698
931
578
886
187
824
611
804
264
466
463
503
533
413
534
719
852
964
111
123
639
627
56
897
14
410
761
558
918
928
287
666
212
809
139
499
613
165
433
469
820
653
965
105
136
573
117
721
692
891
750
269
378
76
846
455
355
621
214
851
420
722
813
488
713
221
344
993
528
910
21
508
376
957
172
308
312
183
825
263
19
36
708
461
542
966
228
54
82
970
920
874
795
717
160
67
881
531
615
537
584
656
704
42
983
101
5
472
424
493
800
44
733
502
898
179
978
787
592
333
962
709
177
685
341
133
858
-1
EOF
