NAME : sim501.217537.tour
COMMENT : Length = 217537
COMMENT : Found by LKH [Keld Helsgaun] Wed Aug 29 10:30:03 2018
TYPE : TOUR
DIMENSION : 501
TOUR_SECTION
1
267
416
307
215
273
186
403
106
172
71
485
345
301
47
441
192
9
319
451
242
366
312
291
166
491
388
239
75
207
190
278
429
289
346
473
154
247
131
49
332
160
431
246
44
435
497
324
37
288
420
290
217
28
500
140
360
310
408
380
393
194
39
499
445
176
132
299
233
274
228
80
449
11
358
496
201
306
42
415
155
471
212
153
321
219
256
361
143
472
177
381
74
112
275
245
230
199
149
52
254
396
484
115
45
105
469
87
62
235
98
54
266
419
447
6
110
20
214
264
351
327
439
227
330
297
178
165
223
181
454
464
95
428
371
349
158
479
156
397
197
436
357
76
283
315
475
424
56
157
99
337
395
457
88
53
202
137
97
116
338
64
259
314
81
423
459
241
168
59
303
90
253
169
412
326
133
399
244
234
2
33
263
260
111
413
458
316
394
442
82
179
400
66
152
188
401
3
284
493
488
446
171
341
14
35
378
114
348
462
84
7
60
494
38
492
191
276
30
372
432
368
354
474
85
107
163
65
340
121
182
280
226
117
483
389
68
24
443
417
141
209
89
108
375
282
411
391
362
25
136
4
374
216
150
438
211
487
144
322
295
238
422
402
343
34
352
16
318
498
369
5
359
293
277
203
218
48
78
265
406
407
10
196
180
43
138
229
31
480
102
376
486
224
232
270
390
8
448
398
19
309
100
198
184
120
481
437
248
370
456
313
347
342
385
363
426
298
139
50
222
36
206
495
478
183
221
103
470
79
300
151
200
164
22
294
129
331
135
243
23
67
317
392
477
123
384
460
96
325
118
455
250
261
167
205
386
262
220
269
73
467
130
501
147
29
94
364
58
185
279
41
285
86
323
189
379
440
377
119
350
468
328
237
91
466
83
213
231
134
126
61
128
124
286
427
336
122
387
344
13
27
258
302
430
125
490
210
311
281
292
142
452
414
329
236
489
308
421
382
174
355
272
425
373
257
353
17
383
92
193
109
146
101
365
405
173
418
72
251
145
335
356
127
434
339
40
77
252
453
268
93
159
161
55
433
296
225
287
26
170
444
410
204
12
450
113
255
409
187
104
18
208
249
69
32
404
51
465
482
367
305
271
175
63
57
320
195
46
463
162
304
461
148
15
240
21
334
70
476
333
-1
EOF
