NAME : sim251.158453.tour
COMMENT : Length = 158453
COMMENT : Found by LKH [Keld Helsgaun] Tue Sep 11 17:45:07 2018
TYPE : TOUR
DIMENSION : 251
TOUR_SECTION
1
91
75
165
187
65
221
108
21
250
109
198
66
37
8
122
39
31
119
61
33
189
24
97
186
77
148
223
159
57
162
234
142
130
143
70
174
4
222
2
131
170
11
140
103
152
202
102
193
107
244
98
38
168
225
141
220
194
6
83
166
235
56
197
245
164
112
120
217
62
85
208
58
23
227
207
87
249
155
139
145
82
218
163
52
69
241
135
49
242
150
192
230
43
209
81
41
224
110
179
190
236
63
160
181
184
126
7
125
167
136
147
40
86
232
153
35
151
53
156
173
42
183
50
89
123
46
80
14
196
30
20
229
237
188
114
178
138
246
118
214
251
72
185
133
206
243
154
74
96
211
215
191
10
180
88
111
199
95
22
169
117
212
29
204
233
27
238
51
105
129
132
219
16
36
115
144
93
44
146
177
210
64
134
195
116
18
67
84
68
248
226
121
171
5
54
231
79
92
15
59
100
137
17
124
45
94
161
76
55
239
28
104
149
106
60
12
157
182
228
48
73
200
201
71
128
205
127
25
26
101
9
158
247
113
3
176
78
32
13
47
19
175
34
203
213
90
99
216
172
240
-1
EOF
