NAME : sim501.220057.tour
COMMENT : Length = 220057
COMMENT : Found by LKH [Keld Helsgaun] Mon Sep 10 20:46:02 2018
TYPE : TOUR
DIMENSION : 501
TOUR_SECTION
1
20
333
419
270
410
86
89
411
376
450
101
326
434
214
196
36
347
481
249
70
480
489
278
416
324
431
381
43
440
175
82
383
151
399
102
223
8
363
2
243
206
37
366
197
118
443
325
153
320
224
478
472
247
322
168
83
95
327
80
231
230
283
267
68
340
335
179
465
261
388
274
210
72
181
426
143
236
60
370
475
3
183
396
308
356
190
255
7
18
88
251
140
292
392
39
41
234
222
254
346
31
103
215
425
67
298
244
54
53
186
225
483
142
242
477
22
217
38
447
24
187
84
276
123
451
300
387
454
406
491
302
339
312
428
287
191
17
338
63
162
432
47
493
407
205
474
310
456
21
452
367
147
319
45
382
49
137
275
358
91
52
471
4
177
323
166
198
393
99
28
64
238
262
429
469
445
130
385
395
227
457
19
29
494
40
318
239
372
398
69
464
134
279
207
405
156
331
501
404
328
268
486
341
351
315
412
117
152
380
81
116
453
94
368
390
391
259
233
359
115
114
155
296
112
271
212
106
139
220
12
303
285
458
306
272
379
149
470
172
75
98
424
293
13
421
96
240
120
6
161
204
129
159
334
90
77
299
78
309
100
104
46
57
266
263
269
253
499
277
286
71
374
250
301
203
221
342
413
62
332
23
482
135
439
248
461
44
291
154
360
16
282
216
55
211
400
208
110
343
336
353
188
79
264
329
170
476
350
273
113
66
73
213
473
433
108
218
403
430
448
290
76
490
229
297
354
128
455
488
364
10
25
111
199
121
246
349
30
105
316
420
487
423
365
144
485
176
418
371
189
193
438
174
167
164
484
171
93
417
163
209
256
132
11
97
26
408
362
344
131
317
180
337
414
498
375
5
409
496
185
237
51
141
195
459
460
87
48
394
107
33
145
258
468
436
345
369
462
9
146
280
200
289
184
178
133
422
384
314
348
192
352
442
492
260
228
50
355
157
148
42
435
65
357
61
150
311
415
466
226
284
59
127
126
136
14
219
34
500
245
125
32
202
232
265
281
124
194
58
401
304
495
467
27
122
402
165
119
92
160
444
305
389
182
252
373
294
330
56
378
497
109
169
235
74
158
361
241
441
321
386
397
437
85
35
15
201
446
173
463
449
427
313
377
479
307
295
138
288
257
-1
EOF
