NAME : sim141.117130.tour
COMMENT : Length = 117130
COMMENT : Found by LKH [Keld Helsgaun] Thu Sep 20 03:58:16 2018
TYPE : TOUR
DIMENSION : 141
TOUR_SECTION
1
56
7
41
124
9
99
72
36
71
54
13
93
97
4
90
49
61
137
58
140
122
116
111
32
94
113
50
70
119
38
43
128
53
11
132
68
139
78
108
45
82
92
25
81
18
134
123
75
69
40
20
118
74
76
115
141
67
138
24
103
44
91
3
19
29
52
135
114
48
12
73
101
51
136
84
102
65
15
107
2
14
129
31
85
87
63
37
83
59
55
66
30
57
64
110
33
105
35
109
106
27
10
22
125
98
79
23
16
60
42
96
21
127
95
121
6
34
5
39
130
100
104
8
80
88
28
62
47
89
131
112
126
133
86
46
77
117
26
17
120
-1
EOF
