NAME : sim701.256046.tour
COMMENT : Length = 256046
COMMENT : Found by LKH [Keld Helsgaun] Tue Sep 18 17:09:31 2018
TYPE : TOUR
DIMENSION : 701
TOUR_SECTION
1
202
505
477
293
565
500
494
137
498
131
50
623
624
53
584
86
669
326
321
484
433
415
87
228
330
115
71
119
7
695
455
102
404
586
503
464
628
638
233
135
561
447
160
562
611
302
258
380
407
414
274
172
248
434
295
39
353
656
619
528
614
451
327
97
557
659
328
412
632
512
405
231
646
658
556
227
34
470
411
426
28
667
612
153
432
475
260
118
89
80
229
566
444
456
303
285
582
490
617
409
23
192
670
606
165
232
111
361
618
56
257
580
76
299
525
100
396
269
176
588
688
315
466
178
425
287
604
121
24
216
58
45
139
401
52
279
541
678
448
446
643
376
413
366
371
473
471
225
595
482
395
579
143
292
18
647
88
365
685
226
92
637
649
603
689
104
16
480
266
331
533
699
608
253
142
384
457
44
296
79
65
583
72
250
350
616
499
19
684
642
372
534
169
513
495
133
609
288
134
683
680
510
400
316
383
157
306
605
529
264
386
101
622
183
184
486
397
246
522
507
700
108
149
629
627
35
130
440
575
150
509
66
138
207
182
437
113
568
621
203
419
474
701
332
665
155
171
12
343
422
445
37
587
247
487
240
179
211
399
198
201
515
698
449
501
243
435
148
254
657
126
518
523
26
154
341
313
85
674
200
610
14
197
49
54
83
428
318
187
212
423
224
30
220
280
506
436
162
452
517
167
585
589
31
574
144
696
519
252
403
57
572
520
460
504
127
406
697
239
427
195
564
78
430
370
591
485
99
309
32
38
377
336
544
208
320
297
61
6
514
360
687
391
333
291
379
151
235
105
185
382
282
691
3
532
600
210
381
358
690
635
592
259
241
106
666
516
479
301
189
476
547
146
158
271
324
389
174
373
132
319
679
543
307
305
693
599
661
550
4
283
145
686
390
180
304
43
163
325
489
644
469
249
388
577
344
323
581
369
677
329
276
103
237
597
553
335
663
122
17
378
51
196
125
136
549
590
453
93
636
230
217
450
573
387
458
199
641
62
277
540
42
613
431
521
322
493
645
634
173
141
655
559
631
218
84
394
272
107
256
110
27
662
654
496
439
454
278
351
308
375
481
650
281
615
340
251
170
60
576
653
90
459
193
70
159
255
488
694
11
491
74
555
63
20
385
417
221
569
530
671
40
633
286
47
356
244
536
215
191
300
116
558
41
82
204
348
275
640
67
424
598
345
408
648
567
526
188
552
607
578
314
676
421
147
270
546
620
563
25
548
161
418
692
234
59
268
539
98
55
9
359
338
114
535
364
177
223
346
156
33
120
140
392
531
461
36
96
342
242
334
502
478
236
593
10
245
420
186
462
152
29
48
273
339
128
416
508
337
672
357
398
166
298
625
626
284
551
347
68
317
465
222
214
73
483
261
15
441
602
594
190
363
472
22
511
2
639
81
571
570
664
77
596
94
352
668
542
263
368
64
681
682
267
168
209
652
443
21
497
651
206
164
129
112
290
75
13
310
467
673
175
463
630
374
527
545
442
538
429
362
194
109
660
123
265
213
367
5
354
262
349
69
205
355
537
675
393
524
311
438
124
560
294
219
238
402
312
601
468
289
46
91
554
95
181
117
8
492
410
-1
EOF
