NAME : sim321.176925.tour
COMMENT : Length = 176925
COMMENT : Found by LKH [Keld Helsgaun] Sat Sep 15 21:44:56 2018
TYPE : TOUR
DIMENSION : 321
TOUR_SECTION
1
88
148
298
29
175
147
44
120
181
129
286
209
41
269
94
79
90
180
285
89
26
145
278
103
85
93
186
51
66
68
113
320
10
155
135
240
101
164
43
289
173
270
125
242
312
280
251
54
143
158
185
77
142
131
134
174
28
293
130
34
260
58
171
273
97
190
110
319
189
161
222
81
5
38
91
22
310
14
255
183
42
61
305
152
109
30
16
114
306
211
307
39
196
268
25
248
182
283
207
80
105
205
226
184
265
297
72
272
35
107
37
223
2
87
165
256
178
291
314
78
317
168
252
137
146
6
70
315
149
271
117
192
170
86
236
32
304
63
219
230
296
21
208
46
67
160
246
17
220
159
239
71
138
279
31
218
234
264
237
98
254
229
177
250
11
12
263
40
75
141
284
261
151
303
128
108
191
50
233
172
162
15
245
193
57
55
302
311
102
253
100
92
200
45
157
154
76
232
96
166
163
60
288
47
247
99
3
133
139
118
277
321
199
33
197
221
300
156
228
123
210
7
282
8
212
73
124
49
64
115
213
224
206
204
274
290
169
276
292
244
203
187
266
299
95
258
122
216
308
214
83
225
132
167
294
313
249
24
257
281
144
59
241
119
36
104
243
179
262
62
316
53
318
84
301
20
82
111
69
235
52
112
127
48
202
27
116
9
194
238
150
195
231
140
217
18
56
153
215
19
295
267
309
121
106
201
74
13
126
176
188
136
259
227
65
4
275
23
198
287
-1
EOF
