NAME : sim701.256322.tour
COMMENT : Length = 256322
COMMENT : Found by LKH [Keld Helsgaun] Mon Sep 17 17:55:55 2018
TYPE : TOUR
DIMENSION : 701
TOUR_SECTION
1
17
110
515
270
139
482
414
565
216
586
143
666
220
121
514
11
532
118
22
475
628
540
616
192
683
28
207
574
368
635
507
155
623
319
446
60
448
315
300
294
474
142
614
450
436
186
153
576
438
230
511
654
74
56
378
416
533
578
417
672
342
690
130
472
592
380
569
589
456
253
345
280
240
80
57
601
241
211
544
453
581
9
634
643
331
604
516
181
58
238
161
545
119
75
570
67
31
21
305
167
274
606
488
18
413
77
109
7
20
541
440
136
557
674
686
658
510
437
183
465
79
307
333
160
386
41
290
303
595
484
552
537
696
152
141
675
632
46
98
198
39
427
697
528
408
409
76
381
620
92
188
196
326
217
360
445
397
5
700
519
83
38
103
476
266
664
314
370
619
543
529
369
297
82
312
246
172
291
645
584
483
336
317
112
325
363
441
224
97
212
93
222
54
550
8
100
572
390
48
684
487
352
359
310
45
353
101
347
327
81
670
615
113
242
384
277
42
577
284
398
585
660
562
232
231
227
269
127
268
549
99
542
419
513
637
564
125
221
435
400
657
151
191
182
451
306
245
366
618
633
449
308
309
164
293
233
688
335
219
636
517
687
52
444
47
494
145
579
559
251
124
651
200
193
605
671
202
401
434
252
132
104
403
608
535
667
548
215
617
262
271
473
177
208
184
209
162
524
362
676
365
681
512
358
699
120
597
567
693
13
466
265
502
197
377
682
701
288
364
430
328
489
173
647
111
402
51
218
631
194
505
205
506
250
276
698
204
486
396
203
166
49
170
469
178
334
439
128
459
588
272
311
630
16
146
467
273
650
460
25
123
665
320
187
281
91
88
596
70
87
201
254
301
210
478
602
260
243
385
432
131
527
554
458
471
691
292
24
267
376
322
404
622
626
361
661
412
470
341
624
3
37
35
30
213
337
89
283
560
108
96
678
2
610
428
411
237
106
433
150
566
248
382
350
668
349
669
480
44
85
64
72
462
599
355
69
235
329
154
447
598
179
426
420
261
286
431
295
149
95
346
275
228
34
137
330
663
140
323
656
373
571
561
27
611
659
642
313
255
156
452
525
289
133
279
249
225
497
534
324
66
304
655
594
340
644
257
547
607
603
71
694
372
138
463
425
673
357
43
582
84
206
302
499
367
19
498
530
236
338
278
481
159
491
214
468
639
590
485
190
583
575
536
490
646
282
356
117
461
59
65
662
287
171
652
247
68
169
387
50
195
223
501
391
6
392
685
4
609
526
299
189
259
175
148
32
114
180
296
580
115
457
423
61
339
73
407
354
55
629
135
493
593
389
157
53
316
573
129
318
144
479
344
503
174
176
12
508
677
509
348
591
23
689
477
168
422
239
443
147
429
555
495
14
116
531
395
15
523
518
199
424
638
558
244
126
122
36
321
496
641
94
504
539
256
454
649
492
653
520
442
587
185
332
285
62
234
165
568
612
63
538
78
563
406
551
263
640
521
102
546
107
343
553
648
226
421
405
158
163
393
621
134
415
627
556
29
695
613
679
379
625
351
394
264
258
522
383
229
464
399
298
86
455
33
680
90
40
418
375
600
388
105
10
374
371
500
26
692
410
-1
EOF
