NAME : sim251.158520.tour
COMMENT : Length = 158520
COMMENT : Found by LKH [Keld Helsgaun] Tue Sep 11 16:47:40 2018
TYPE : TOUR
DIMENSION : 251
TOUR_SECTION
1
33
69
43
218
213
82
35
212
251
19
18
38
188
154
3
243
164
114
58
110
138
151
54
132
5
249
9
13
193
24
112
208
242
152
139
245
109
214
85
118
134
220
26
240
10
36
86
136
113
102
219
14
115
157
30
74
27
99
234
137
72
64
111
168
165
223
45
96
247
124
203
222
206
241
15
237
51
142
166
224
103
246
66
141
161
20
192
106
225
180
71
100
179
53
84
216
105
229
59
195
121
65
68
211
185
173
2
201
87
94
186
250
37
184
79
47
162
196
198
34
176
160
48
123
21
183
200
119
248
131
182
98
77
190
52
135
236
29
60
159
90
44
150
108
56
239
191
127
210
187
23
81
199
22
169
89
97
202
171
178
228
40
175
7
231
93
167
6
55
226
181
207
120
238
17
177
12
235
128
92
215
204
62
104
205
8
197
88
189
70
76
158
153
148
16
80
67
75
227
107
42
147
91
233
129
73
11
232
163
140
155
194
209
39
50
126
78
28
145
32
31
116
49
144
125
172
244
156
61
101
130
4
117
149
174
143
230
57
83
41
122
63
25
221
46
217
133
95
170
146
-1
EOF
