NAME : sim501.214777.tour
COMMENT : Length = 214777
COMMENT : Found by LKH [Keld Helsgaun] Mon Sep 10 22:42:15 2018
TYPE : TOUR
DIMENSION : 501
TOUR_SECTION
1
218
42
228
118
174
422
57
473
243
494
321
114
147
449
499
424
46
214
307
382
241
331
53
411
340
313
404
295
22
173
308
219
346
472
84
83
479
406
284
129
108
87
470
4
287
137
438
298
115
394
245
150
375
366
468
69
230
159
143
91
356
116
428
368
85
266
306
258
246
19
291
32
80
17
467
380
165
229
24
303
392
315
203
99
217
100
377
237
387
272
207
286
448
320
160
15
405
155
93
213
391
349
71
403
120
439
205
79
299
498
433
220
332
264
195
385
101
184
301
21
414
136
423
178
500
76
158
60
280
72
300
23
297
386
279
110
55
466
371
38
376
200
188
221
194
410
259
278
204
14
369
239
130
232
113
65
128
345
45
395
486
183
40
231
127
421
201
267
251
372
383
327
149
402
477
342
257
334
285
363
131
427
59
62
269
271
75
10
98
347
156
425
70
139
487
138
318
26
335
336
310
250
192
34
456
252
351
88
30
480
409
497
180
20
140
6
67
496
233
64
132
33
170
121
254
25
255
362
343
103
443
253
268
488
235
325
491
141
2
378
323
124
447
29
94
43
58
226
412
418
135
199
86
157
181
446
145
322
361
437
326
49
384
417
161
393
28
166
196
400
292
105
276
107
458
290
432
474
489
374
102
455
66
95
146
413
493
348
104
302
77
224
416
274
485
492
234
242
89
82
153
364
352
151
111
294
167
81
350
48
172
97
240
454
134
78
225
478
482
5
288
465
123
339
96
244
262
12
90
450
442
270
106
324
61
460
31
462
305
445
109
344
210
52
501
54
208
39
190
7
265
44
390
436
316
407
435
126
484
283
202
434
179
171
215
401
309
314
11
357
293
444
353
388
3
328
112
144
142
36
256
92
222
459
367
275
260
223
152
483
125
317
481
186
216
73
175
426
189
475
154
358
27
453
117
464
273
56
41
193
168
415
457
63
452
35
311
249
37
396
122
163
261
248
177
365
51
471
440
68
169
74
289
461
431
319
333
370
359
211
330
397
198
399
441
281
133
476
451
430
16
18
164
227
206
381
187
398
50
47
495
354
373
236
282
419
191
429
185
420
338
337
360
238
209
329
182
408
148
162
379
277
469
463
8
247
296
389
490
312
355
263
13
197
341
176
119
9
212
304
-1
EOF
