NAME : sim141.115614.tour
COMMENT : Length = 115614
COMMENT : Found by LKH [Keld Helsgaun] Sun Sep 16 07:55:28 2018
TYPE : TOUR
DIMENSION : 141
TOUR_SECTION
1
27
97
117
75
67
90
119
127
3
36
136
123
34
59
118
26
126
16
108
107
101
17
140
23
129
116
54
10
49
21
18
79
105
85
121
135
46
84
45
104
20
138
2
102
139
40
106
109
115
80
111
83
44
77
82
12
103
15
63
4
99
42
86
87
57
134
61
89
9
32
56
19
72
29
48
113
114
130
141
91
13
70
8
55
66
37
76
7
110
51
47
132
98
30
124
33
74
24
112
65
50
43
39
92
22
25
133
88
52
53
31
120
5
64
122
14
131
6
71
60
94
73
62
41
93
128
11
96
28
69
58
100
38
81
68
95
35
137
125
78
-1
EOF
