NAME : sim161.128113.tour
COMMENT : Length = 128113
COMMENT : Found by LKH [Keld Helsgaun] Sat Sep 15 11:38:41 2018
TYPE : TOUR
DIMENSION : 161
TOUR_SECTION
1
74
39
117
41
114
127
130
3
141
11
31
135
121
51
136
90
96
2
36
47
80
125
69
44
61
113
137
158
106
5
73
70
37
129
123
9
154
34
161
119
147
85
16
143
95
120
112
133
58
100
160
21
97
159
27
139
155
142
8
65
33
118
52
92
48
146
71
150
105
12
4
62
101
116
53
88
132
91
13
149
40
25
72
20
86
134
23
29
110
57
152
148
35
109
77
42
151
115
38
6
144
49
84
145
94
98
108
102
76
54
15
83
111
128
66
10
43
89
122
32
138
30
45
60
103
79
87
99
157
28
56
18
67
22
64
7
14
78
140
82
75
156
55
68
26
153
59
126
17
107
50
46
24
81
131
93
19
63
124
104
-1
EOF
