NAME : sim161.128406.tour
COMMENT : Length = 128406
COMMENT : Found by LKH [Keld Helsgaun] Sat Sep 15 14:02:49 2018
TYPE : TOUR
DIMENSION : 161
TOUR_SECTION
1
57
94
131
86
46
140
77
16
42
150
96
75
113
139
148
64
107
142
134
62
141
110
3
32
23
81
53
68
59
13
10
157
147
120
27
114
71
87
155
156
72
79
50
31
115
132
119
88
47
125
102
118
33
56
83
158
37
108
61
4
35
127
2
28
101
44
136
85
36
111
76
137
7
74
82
26
146
92
78
123
80
106
105
52
30
34
103
90
95
39
60
143
138
97
135
58
21
9
154
22
121
25
84
29
129
122
63
51
91
15
98
100
20
54
133
18
40
19
109
70
112
149
12
89
93
43
17
8
99
153
104
126
159
41
160
11
151
73
55
116
144
145
124
14
161
38
5
24
69
48
65
128
6
130
66
117
49
45
152
67
-1
EOF
