NAME : sim701.256179.tour
COMMENT : Length = 256179
COMMENT : Found by LKH [Keld Helsgaun] Mon Sep 17 22:22:12 2018
TYPE : TOUR
DIMENSION : 701
TOUR_SECTION
1
382
686
469
74
10
276
146
681
312
182
482
349
431
37
337
29
447
35
444
300
446
694
173
56
509
236
404
383
394
290
432
403
600
440
165
234
472
357
456
206
201
547
325
544
416
421
341
147
400
168
208
107
630
540
539
209
268
487
64
419
573
220
189
516
314
28
143
136
24
556
215
159
407
195
73
45
338
570
307
698
638
240
131
434
212
196
585
176
609
221
9
205
145
682
674
267
476
424
525
533
122
401
76
619
535
82
433
634
587
494
78
622
85
22
589
257
216
485
371
33
344
438
163
652
605
44
324
502
294
365
425
278
452
397
637
92
497
66
252
250
247
496
577
684
664
235
14
31
219
530
177
84
280
561
191
641
645
412
564
16
439
101
335
194
319
213
178
549
237
385
315
398
54
274
454
80
246
218
395
5
363
284
409
79
463
11
105
248
568
574
579
464
62
233
326
334
387
117
38
373
166
197
298
655
321
134
171
228
97
376
550
42
510
7
361
130
428
396
135
626
590
239
59
286
491
305
504
427
445
493
302
157
647
576
53
442
214
500
292
368
615
369
46
512
102
388
598
281
639
151
301
625
289
61
40
317
232
112
358
129
364
288
518
613
596
483
595
124
659
607
571
34
210
646
679
617
611
374
538
462
650
501
635
13
665
27
69
260
202
614
563
331
678
624
653
91
154
656
41
380
255
118
271
169
601
179
345
458
402
121
654
104
523
18
354
51
592
327
323
629
225
643
460
490
386
254
137
423
172
481
119
90
522
111
185
332
658
93
265
567
644
610
55
495
238
477
183
340
167
623
691
378
103
405
283
303
467
356
175
566
65
204
188
270
75
554
94
562
448
23
277
471
144
186
480
8
299
150
411
269
457
435
422
415
677
515
308
474
627
71
293
553
392
517
192
526
348
632
575
437
475
417
359
377
20
683
223
339
253
690
330
282
633
642
689
309
193
583
558
666
310
263
203
83
149
685
616
217
72
98
36
174
26
699
503
410
187
184
306
2
584
465
599
688
582
536
342
245
125
628
273
199
30
355
207
39
606
43
508
336
484
108
534
296
520
657
50
242
532
675
441
687
322
366
418
226
106
96
156
459
70
552
391
155
420
580
138
229
115
479
89
160
648
328
126
511
588
591
560
671
251
362
565
60
4
132
19
95
651
430
109
241
429
304
88
680
414
333
291
57
662
569
67
258
478
514
200
360
572
436
498
506
47
148
297
230
116
266
52
181
466
375
673
6
505
492
548
663
489
406
541
486
449
473
86
32
15
519
87
692
527
578
537
272
470
227
141
170
604
399
608
696
25
346
381
353
162
77
243
120
660
114
455
701
127
81
12
451
545
499
555
295
513
413
190
347
390
529
123
597
443
259
594
152
524
140
262
285
618
528
100
379
543
63
620
320
370
612
58
640
110
180
48
531
602
224
450
461
350
158
667
631
21
256
17
244
586
68
153
559
313
507
672
261
49
700
139
367
351
603
649
352
488
161
343
453
393
164
3
661
198
557
669
697
676
316
311
128
542
287
99
668
593
426
468
636
384
318
693
551
695
264
546
279
275
408
670
231
389
621
329
222
372
249
133
211
581
142
113
521
-1
EOF
