NAME : sim251.155460.tour
COMMENT : Length = 155460
COMMENT : Found by LKH [Keld Helsgaun] Tue Sep 11 17:03:26 2018
TYPE : TOUR
DIMENSION : 251
TOUR_SECTION
1
59
189
156
164
208
55
4
70
226
122
120
56
32
213
153
154
48
89
16
20
190
241
136
96
137
146
17
69
92
109
94
72
108
27
186
167
196
233
28
155
127
66
100
216
217
182
229
130
42
5
40
227
34
243
207
242
121
3
13
67
138
81
139
165
104
145
236
158
202
46
174
160
166
188
173
68
60
129
88
180
212
15
39
58
30
177
116
150
31
87
77
61
128
84
99
147
111
221
234
37
113
151
201
245
144
71
95
73
223
11
65
197
115
175
172
244
44
199
222
75
228
62
110
195
102
83
200
8
176
49
43
24
239
118
85
26
232
134
198
86
132
47
205
6
14
90
163
18
235
124
206
184
210
237
133
231
9
168
101
12
143
91
220
19
249
103
142
41
225
107
105
240
187
224
159
193
36
131
7
152
183
247
33
215
169
45
114
123
82
23
112
148
246
170
248
191
78
149
50
106
238
21
126
219
214
194
25
10
35
157
203
135
162
97
63
250
192
64
125
98
119
161
251
53
181
93
22
76
218
80
38
74
140
29
230
2
185
117
171
57
179
211
204
51
141
79
52
178
54
209
-1
EOF
