NAME : sim1001.304479.tour
COMMENT : Length = 304479
COMMENT : Found by LKH [Keld Helsgaun] Tue Sep 11 11:48:50 2018
TYPE : TOUR
DIMENSION : 1001
TOUR_SECTION
1
273
968
37
733
137
323
332
703
277
405
55
290
52
149
994
621
396
606
40
388
887
86
774
294
127
307
742
793
76
651
14
814
952
197
667
559
923
537
379
536
982
382
415
426
849
245
999
919
867
582
791
660
109
64
383
875
270
227
89
265
762
31
166
966
325
618
483
765
859
260
727
75
349
674
165
437
95
787
685
576
54
287
567
251
384
544
516
56
739
580
868
173
817
808
864
515
473
970
598
790
571
542
597
885
41
343
337
237
756
930
579
962
385
66
971
811
150
454
763
866
94
450
495
876
192
732
522
987
802
750
262
972
452
176
152
327
603
70
474
279
645
8
448
394
878
622
409
226
318
423
35
830
521
985
608
533
693
611
816
949
411
822
617
5
754
764
796
895
144
354
284
125
530
402
736
418
142
393
91
848
106
900
976
387
906
695
374
888
794
589
157
175
950
980
901
340
440
526
459
128
102
636
924
19
902
191
788
376
960
371
804
596
850
748
341
897
975
205
27
688
870
910
291
475
209
242
111
188
925
303
296
480
654
298
915
400
527
508
737
160
697
104
812
594
666
377
319
267
59
22
434
709
855
243
367
206
841
694
361
531
800
825
715
203
505
939
336
556
78
716
552
492
61
421
896
359
464
927
780
506
199
565
956
549
49
777
993
730
884
83
238
722
342
541
528
93
38
462
183
663
381
432
922
419
801
961
365
299
42
717
322
350
133
573
321
837
412
983
500
314
334
161
815
358
187
712
364
683
292
164
591
931
60
550
100
585
362
486
366
568
344
195
782
96
510
637
892
498
592
123
455
821
587
44
189
497
507
24
253
605
615
468
333
557
588
300
917
783
159
944
482
162
610
338
215
79
978
134
620
47
488
121
520
877
601
399
401
2
363
146
844
378
439
124
933
456
684
633
28
369
959
545
907
649
951
249
213
118
461
652
82
607
914
640
992
201
417
200
491
493
957
616
375
250
668
231
288
406
228
494
995
476
969
872
670
214
501
704
390
309
646
469
170
293
974
937
986
656
630
39
758
989
710
863
681
4
427
525
858
862
395
447
230
898
92
600
207
36
446
686
535
664
564
286
503
179
297
301
938
58
538
721
69
920
662
120
935
543
429
6
3
786
310
398
963
499
792
98
217
860
45
285
103
768
659
560
857
485
734
773
886
692
122
229
487
252
965
324
119
845
481
208
9
153
280
775
425
523
18
129
509
404
648
612
562
947
798
631
113
274
913
776
193
813
518
470
718
828
669
778
882
283
735
266
34
766
836
679
101
881
223
894
259
893
691
479
148
653
178
979
820
609
834
753
586
546
236
171
614
1001
11
71
15
682
77
624
707
996
26
335
278
225
807
738
699
689
745
50
182
477
719
48
940
315
158
169
720
246
839
328
934
490
138
135
701
33
517
514
767
304
945
276
635
865
534
676
846
130
114
108
198
926
185
946
445
117
115
23
43
805
73
873
779
386
329
222
219
196
241
355
569
731
590
233
759
444
909
81
65
254
705
139
428
583
116
879
755
555
331
380
932
194
880
661
351
713
143
696
435
680
698
809
466
184
433
625
638
295
339
496
87
458
690
905
746
602
840
973
216
431
32
258
842
729
12
642
422
132
770
57
643
348
988
438
430
883
112
856
943
53
984
232
147
408
824
831
826
904
326
806
502
84
512
413
554
62
803
181
20
593
561
829
275
264
1000
88
604
211
655
964
760
472
46
478
851
308
256
524
424
723
572
781
247
953
489
991
929
743
107
990
180
239
578
346
465
797
97
771
345
370
99
627
761
958
941
869
789
204
835
658
757
874
460
954
675
186
955
154
190
936
833
752
10
156
647
581
13
823
854
210
711
843
30
403
613
741
141
257
641
263
271
220
861
391
410
244
519
539
463
818
769
574
672
90
948
677
436
313
566
747
240
255
110
513
619
740
671
819
724
678
234
928
547
899
838
657
852
131
453
687
532
650
21
785
726
330
368
414
511
632
281
799
80
320
639
163
889
352
749
553
347
177
784
832
628
282
289
998
317
871
168
890
140
449
272
548
575
353
623
847
248
356
167
577
908
504
312
626
911
407
136
305
389
529
457
145
126
629
595
172
644
942
7
302
372
74
397
634
570
981
751
558
967
706
218
827
708
728
202
151
903
443
51
68
25
269
29
584
467
221
795
853
484
235
772
451
155
563
997
665
316
261
540
373
306
268
442
744
392
441
921
357
72
912
714
725
67
174
700
360
702
551
810
420
918
63
416
916
891
85
599
17
212
471
673
977
224
105
16
311
-1
EOF
