NAME : sim501.217498.tour
COMMENT : Length = 217498
COMMENT : Found by LKH [Keld Helsgaun] Mon Sep 10 21:16:37 2018
TYPE : TOUR
DIMENSION : 501
TOUR_SECTION
1
367
268
426
290
177
417
94
205
399
347
276
445
101
232
99
158
63
245
97
392
129
118
180
244
369
120
188
421
39
246
26
286
481
303
364
218
227
352
424
30
214
239
115
184
224
249
356
102
199
323
442
84
334
251
49
45
15
430
425
66
378
165
410
43
375
354
104
100
190
47
206
305
117
360
484
198
229
106
203
301
405
453
225
11
289
193
396
379
494
365
270
471
233
69
33
113
152
371
68
173
18
16
273
259
87
285
458
309
114
108
155
407
389
124
329
491
46
195
72
490
267
248
50
472
28
498
31
393
395
208
320
308
34
310
298
71
411
355
361
282
105
48
372
427
220
166
281
230
231
38
304
468
302
493
312
5
412
207
29
153
414
178
400
75
446
381
275
443
316
332
376
183
154
337
4
313
157
122
288
212
73
476
311
168
345
487
219
60
201
436
467
9
123
350
434
339
330
327
466
464
331
36
148
81
254
287
130
235
325
76
500
95
236
283
20
55
416
413
2
96
444
79
423
475
147
408
284
151
175
215
179
380
473
495
221
67
296
358
465
160
162
111
41
191
86
136
420
346
139
377
387
93
295
293
480
409
292
228
56
22
88
112
140
362
271
163
42
403
59
238
82
40
257
77
266
341
353
142
181
176
433
349
404
422
243
92
461
197
398
274
469
366
460
57
255
65
437
247
62
91
127
14
452
300
110
265
315
119
70
149
297
454
324
385
314
447
74
58
391
240
237
61
37
141
194
209
51
262
116
171
13
449
156
109
373
185
234
3
328
132
252
343
211
280
133
307
80
462
342
419
159
253
455
226
485
317
401
161
242
27
121
169
318
182
125
428
44
429
448
278
291
126
440
336
138
406
394
340
217
53
210
32
145
432
263
23
474
370
7
497
496
333
21
167
390
344
294
489
483
187
146
64
492
488
10
299
384
170
264
90
261
418
172
459
186
150
319
482
8
200
12
386
279
456
19
137
52
222
216
223
431
439
457
499
256
382
17
258
486
164
83
388
348
477
363
435
321
54
103
25
383
135
250
470
196
479
204
35
326
397
269
85
260
338
6
415
174
131
450
143
357
144
463
322
89
335
272
24
213
192
241
202
107
359
134
368
277
451
189
128
351
402
438
441
78
98
501
374
306
478
-1
EOF
