NAME : sim251.160523.tour
COMMENT : Length = 160523
COMMENT : Found by LKH [Keld Helsgaun] Tue Sep 11 17:13:38 2018
TYPE : TOUR
DIMENSION : 251
TOUR_SECTION
1
71
186
64
205
160
31
38
102
228
155
139
76
59
114
107
56
146
65
187
49
172
200
236
242
126
30
70
216
84
148
237
100
233
198
86
213
238
60
88
221
111
161
127
133
21
141
232
210
23
63
231
166
14
208
39
149
153
87
184
118
206
217
170
13
53
124
222
28
201
204
5
72
104
108
183
50
117
43
79
196
121
131
8
219
239
62
125
152
135
246
140
98
12
27
29
194
25
240
218
35
55
58
137
214
18
132
41
144
189
180
220
163
249
51
32
3
179
154
106
123
75
168
247
223
248
24
99
245
192
36
199
150
234
158
147
169
195
34
48
119
241
54
177
136
45
69
197
207
173
142
105
101
251
2
93
52
122
130
47
134
164
191
212
230
89
66
22
103
42
250
129
82
156
110
178
7
6
80
215
224
115
73
16
46
157
37
116
145
96
90
33
185
15
243
227
209
97
167
165
68
81
171
138
162
26
211
151
182
67
91
120
190
78
229
225
203
77
40
57
159
202
235
181
109
44
193
61
74
113
10
19
176
20
175
112
143
226
85
128
244
174
83
11
94
4
95
92
17
9
188
-1
EOF
