NAME : sim501.215045.tour
COMMENT : Length = 215045
COMMENT : Found by LKH [Keld Helsgaun] Mon Sep 10 22:11:10 2018
TYPE : TOUR
DIMENSION : 501
TOUR_SECTION
1
67
276
386
400
367
14
456
7
449
233
180
369
255
54
457
99
109
390
399
172
259
279
476
60
199
330
417
48
117
287
349
453
494
260
439
83
405
68
177
484
329
27
111
297
220
40
130
144
459
3
222
354
341
317
384
381
88
477
20
426
61
171
38
93
163
78
334
212
418
4
24
159
397
492
198
388
191
263
382
169
431
104
103
257
408
286
219
452
303
293
350
84
9
410
266
493
162
136
393
324
398
478
308
448
377
73
271
122
223
313
63
44
97
280
318
85
310
472
269
421
464
469
277
422
201
226
30
353
385
211
412
360
444
92
8
101
107
234
370
488
491
500
420
434
157
59
178
57
294
135
254
256
47
235
251
273
241
213
74
321
274
13
195
87
327
361
299
173
134
278
298
121
375
292
5
17
202
138
482
302
265
141
481
325
467
358
288
314
95
340
307
41
441
98
435
428
392
295
242
75
319
229
425
113
261
366
466
12
378
112
446
275
480
118
396
238
496
137
284
45
119
34
348
248
415
51
187
462
272
345
76
89
359
230
387
158
450
355
139
264
336
240
342
414
326
166
55
21
204
221
188
427
175
362
72
146
487
391
232
133
409
401
403
126
15
197
290
186
96
363
216
145
170
35
49
140
497
153
228
473
149
373
474
56
483
244
50
43
447
182
94
372
16
283
205
270
155
193
322
411
291
165
380
423
142
413
164
217
364
150
42
315
129
184
429
105
289
445
127
305
25
106
2
253
120
245
200
81
316
311
424
282
343
18
46
185
209
224
430
407
236
151
32
252
192
437
206
328
196
100
156
52
463
402
168
231
379
455
239
91
470
39
227
332
267
215
189
296
123
460
365
406
419
167
339
258
82
176
371
208
69
347
116
304
490
66
247
214
383
458
335
237
79
451
53
498
148
90
80
22
389
36
161
6
356
115
333
183
128
436
70
64
489
19
432
268
203
11
210
395
33
501
433
108
352
10
114
479
471
337
58
207
174
262
243
394
309
246
438
499
225
344
442
468
160
110
440
486
368
312
190
250
346
338
124
454
285
300
281
28
495
465
376
179
62
323
23
77
475
29
218
306
443
416
374
143
131
249
301
194
147
71
125
461
485
154
404
132
26
357
331
351
152
31
65
86
181
102
37
320
-1
EOF
