NAME : sim1001.306591.tour
COMMENT : Length = 306591
COMMENT : Found by LKH [Keld Helsgaun] Tue Sep 11 06:04:58 2018
TYPE : TOUR
DIMENSION : 1001
TOUR_SECTION
1
527
276
679
193
98
410
934
225
659
982
544
169
933
762
284
136
882
647
488
844
258
357
713
618
249
551
347
924
956
14
561
957
541
468
890
918
996
513
729
817
505
832
794
174
445
759
57
109
435
747
297
986
653
622
220
992
793
308
636
275
539
484
906
23
828
748
786
306
100
753
305
196
416
549
835
660
319
263
327
420
503
500
556
963
520
4
623
569
208
897
453
629
364
592
487
905
949
12
143
282
474
860
977
583
90
385
973
579
801
336
68
708
980
686
102
820
815
42
419
649
974
442
129
115
990
954
888
620
617
39
553
175
635
917
329
195
857
899
498
695
668
675
979
213
107
31
156
993
340
269
697
975
54
678
186
256
785
411
302
172
598
96
260
521
873
240
494
782
743
964
509
113
75
81
413
572
885
783
313
650
577
59
565
773
831
941
570
684
228
616
224
40
202
422
638
628
262
215
603
464
599
593
62
485
580
379
123
104
571
185
37
339
682
200
63
991
545
925
731
48
46
424
346
366
687
402
694
995
138
913
926
344
816
351
6
633
536
757
227
278
352
522
407
540
878
738
145
292
876
951
320
940
55
267
952
574
345
501
147
182
761
989
412
634
717
758
283
315
537
475
430
26
458
919
317
368
277
241
164
701
393
829
323
454
530
5
625
524
2
272
190
268
124
859
567
212
325
25
721
205
889
606
709
774
988
211
842
170
332
371
922
369
672
384
310
880
372
146
597
187
36
291
394
294
939
66
451
89
199
705
32
900
204
137
916
489
727
84
655
690
978
546
34
423
88
261
648
97
646
600
642
966
160
119
333
656
673
223
478
242
887
460
140
892
395
461
851
400
159
126
499
739
110
552
961
664
167
144
768
152
253
380
515
326
342
161
459
502
608
271
806
312
99
203
741
21
22
491
968
493
49
582
909
944
772
911
341
787
381
732
632
41
624
734
141
529
417
714
131
198
116
531
830
937
781
850
797
235
848
360
959
538
289
16
504
497
923
399
808
811
194
771
287
670
247
309
535
386
7
960
790
150
953
231
692
584
139
703
78
221
496
657
318
886
280
809
149
466
30
780
316
752
651
456
868
836
378
987
331
715
429
483
490
769
958
71
798
994
301
557
375
764
662
298
398
35
449
543
1000
702
440
891
915
15
533
226
869
965
133
613
285
321
117
101
43
350
218
588
788
611
51
173
10
396
750
437
719
157
998
67
304
854
559
999
446
183
716
547
737
73
33
414
79
846
65
328
674
822
948
823
575
439
840
971
639
300
428
72
585
365
230
293
779
712
614
469
467
723
573
688
166
526
176
250
792
257
92
354
555
69
589
751
162
590
153
307
58
74
421
804
946
197
244
841
290
122
563
85
434
286
847
11
943
856
188
24
492
50
740
118
985
192
184
718
884
645
766
168
125
177
699
432
206
710
928
814
252
266
511
390
238
711
947
604
296
403
91
17
358
861
666
120
927
237
28
834
343
1001
901
29
681
736
525
824
637
303
20
770
777
392
38
404
507
607
77
45
406
760
661
898
907
658
472
83
689
512
550
799
853
767
255
652
568
566
746
455
383
427
972
935
640
495
363
938
94
450
874
477
908
910
376
431
514
763
239
596
201
683
877
476
8
594
936
405
134
862
821
955
409
324
180
349
181
669
106
810
755
626
969
108
60
389
554
866
518
930
970
733
281
155
80
591
800
295
696
56
619
534
558
470
165
359
871
735
103
209
128
818
903
265
765
665
82
581
904
726
443
189
528
730
163
436
391
976
576
612
912
481
264
532
444
578
754
872
53
803
587
397
893
627
845
191
895
610
217
438
425
232
707
377
864
135
27
114
471
945
121
362
931
644
222
457
95
855
997
216
962
981
641
288
756
273
867
704
248
229
921
852
920
523
9
207
784
671
388
789
685
602
18
984
370
519
896
744
3
691
775
408
967
865
506
849
722
677
883
433
245
843
105
335
367
233
742
353
700
171
142
870
725
676
837
508
299
654
720
663
516
983
564
858
778
338
401
745
838
950
127
178
630
93
130
486
87
441
807
631
795
243
875
330
643
148
158
334
929
621
839
64
812
448
270
44
881
827
595
418
560
805
819
387
463
246
426
61
698
374
348
605
337
601
76
548
311
609
902
749
826
813
462
210
154
279
112
214
356
894
52
236
615
361
70
863
234
680
314
447
879
254
274
465
480
86
776
13
355
791
322
373
693
479
179
111
19
219
942
47
382
562
259
724
833
802
482
151
510
728
251
706
796
452
914
542
473
667
415
932
132
517
586
825
-1
EOF
