NAME : sim251.160333.tour
COMMENT : Length = 160333
COMMENT : Found by LKH [Keld Helsgaun] Wed Aug 29 10:10:05 2018
TYPE : TOUR
DIMENSION : 251
TOUR_SECTION
1
190
202
178
41
25
82
201
141
23
107
157
197
207
35
127
109
52
211
132
63
195
19
59
71
78
81
199
242
210
16
94
14
200
33
7
104
227
31
46
177
218
130
136
186
196
238
129
95
13
120
39
171
233
240
182
225
98
140
89
137
62
135
167
111
179
164
90
43
87
223
184
198
48
40
216
134
245
183
8
246
77
142
173
15
125
26
60
163
187
189
185
75
61
228
128
110
241
152
73
224
123
250
67
176
229
27
84
10
148
213
108
221
72
4
83
21
42
145
24
215
222
79
88
191
91
32
20
204
168
234
124
192
239
146
144
54
165
206
121
3
34
212
100
160
92
45
248
99
226
193
235
251
151
153
76
143
28
237
101
203
29
9
131
64
2
154
214
180
96
158
85
150
169
55
119
149
147
66
93
37
44
113
70
205
236
172
116
18
97
49
102
170
80
155
217
58
219
126
188
12
36
139
53
68
6
231
69
17
181
243
133
57
74
103
244
65
118
105
166
209
106
22
161
51
208
56
115
162
86
220
122
194
175
11
156
247
249
117
47
138
38
174
112
159
114
50
5
232
30
230
-1
EOF
