NAME : sim501.219409.tour
COMMENT : Length = 219409
COMMENT : Found by LKH [Keld Helsgaun] Mon Sep 10 21:11:43 2018
TYPE : TOUR
DIMENSION : 501
TOUR_SECTION
1
22
457
339
189
468
315
484
135
32
92
312
429
400
8
254
450
493
344
16
317
141
93
5
195
184
389
61
151
276
363
145
311
499
324
172
213
388
219
440
73
455
229
206
211
199
289
329
40
293
7
205
144
80
224
355
86
325
108
116
366
57
318
126
408
271
486
430
94
209
298
103
259
358
241
129
492
264
393
117
441
110
146
31
166
234
154
465
226
257
156
87
446
424
479
212
181
43
341
459
265
369
20
240
112
171
203
330
427
243
100
444
41
267
496
54
109
322
74
405
69
396
414
458
28
247
104
235
474
356
70
416
258
313
81
217
273
223
348
432
437
44
15
498
302
433
48
383
476
183
386
372
236
33
323
150
397
331
173
297
412
478
245
375
23
288
49
487
477
238
90
111
65
308
42
453
201
365
227
407
160
45
185
266
454
196
35
169
423
177
307
124
481
336
387
305
310
101
232
72
107
180
403
198
321
279
480
52
53
59
225
207
221
346
60
448
367
326
39
447
71
435
161
10
2
451
402
191
385
306
167
411
6
314
467
159
29
304
426
4
84
122
200
436
132
50
362
282
176
68
11
27
337
138
272
421
18
361
256
130
136
377
255
242
168
218
262
228
380
490
233
488
36
17
250
193
294
354
95
413
292
56
121
202
78
419
239
12
285
303
462
373
442
58
79
133
47
182
127
83
320
98
349
186
153
434
163
473
96
460
364
390
114
274
425
401
26
485
244
399
286
149
359
64
113
62
471
283
392
466
422
246
220
222
46
115
494
152
24
105
158
350
162
119
125
420
197
501
190
128
66
428
281
475
347
155
34
164
332
63
382
316
333
268
123
327
75
91
19
483
445
188
456
342
404
253
319
301
21
165
391
192
379
237
299
261
230
13
249
216
381
148
204
360
143
55
231
210
9
280
368
290
30
352
291
334
67
208
469
14
345
134
439
482
295
118
252
170
357
140
374
174
409
260
131
395
384
214
139
378
500
287
215
77
371
351
343
335
296
270
157
461
178
394
284
102
415
464
370
275
398
85
251
418
410
76
443
82
278
338
3
248
179
328
495
277
120
309
38
106
438
51
489
269
37
491
472
187
194
263
470
376
449
99
406
25
97
88
137
452
142
463
353
89
431
147
417
300
340
497
175
-1
EOF
