NAME : sim1001.307028.tour
COMMENT : Length = 307028
COMMENT : Found by LKH [Keld Helsgaun] Tue Sep 11 11:43:58 2018
TYPE : TOUR
DIMENSION : 1001
TOUR_SECTION
1
270
991
407
686
434
688
958
582
335
454
936
356
336
17
91
230
104
912
345
588
279
705
488
376
517
272
548
352
254
231
516
199
666
975
694
102
633
785
238
29
836
440
645
607
742
120
928
955
413
138
25
185
581
208
682
681
487
456
994
700
563
117
385
787
793
679
478
56
73
608
198
670
61
258
323
247
794
267
933
282
971
65
674
37
531
543
140
626
891
900
5
505
83
849
50
861
648
878
610
134
568
669
805
480
144
424
192
980
441
265
766
375
510
97
127
804
675
901
386
701
801
897
690
278
126
557
826
447
367
242
632
190
551
146
224
329
661
328
853
749
657
256
173
243
450
311
71
591
756
755
845
253
95
906
325
54
667
643
165
656
284
941
332
339
535
357
518
519
358
990
693
119
110
6
795
802
344
713
702
289
327
777
141
988
631
221
286
947
437
553
41
623
733
369
296
463
316
69
984
426
841
42
57
873
167
301
521
909
848
533
752
366
596
412
944
251
213
651
896
609
318
523
646
634
828
759
552
72
283
85
111
704
708
829
993
130
732
461
983
812
169
372
393
498
970
123
734
401
655
625
8
112
739
100
443
58
7
840
601
846
942
735
748
66
404
18
216
170
80
598
391
923
641
78
285
333
997
789
21
163
109
815
226
514
613
183
560
594
16
757
823
82
522
468
707
570
419
937
402
273
979
135
239
1000
973
751
147
20
506
453
389
394
850
574
507
951
544
860
252
223
39
442
747
578
496
961
945
51
377
927
781
698
978
837
98
999
672
220
892
38
362
844
750
449
660
803
428
559
615
35
652
472
187
264
340
908
334
9
313
460
12
606
210
203
294
842
825
133
875
122
409
502
858
685
662
45
603
342
719
479
11
720
304
444
399
324
556
671
880
139
571
680
689
259
486
562
455
153
403
731
985
890
446
225
168
764
780
271
957
464
291
629
396
191
177
22
346
882
717
484
348
915
637
452
819
382
75
483
68
319
902
627
843
481
895
925
314
650
981
832
31
799
155
569
893
154
989
235
400
288
195
347
998
790
193
887
171
379
94
43
939
3
879
129
262
722
565
622
611
149
137
365
306
728
965
576
398
914
166
710
465
499
63
244
595
729
397
410
427
593
706
370
952
726
188
530
784
977
534
810
115
411
201
762
855
926
976
93
40
575
156
143
390
640
715
778
317
586
934
179
276
745
67
935
28
420
839
423
337
684
960
916
638
281
485
34
237
774
938
384
315
248
36
885
469
60
817
293
232
151
260
182
877
721
148
467
618
215
388
894
164
309
269
773
992
822
295
782
541
868
886
542
969
758
577
70
600
44
354
918
512
107
859
573
779
387
422
378
353
515
90
2
292
712
824
616
820
246
280
929
105
783
791
763
49
931
184
968
639
47
580
476
492
741
590
767
471
953
114
150
857
211
874
696
769
374
555
949
52
561
738
4
612
438
218
816
831
89
833
653
920
457
716
703
889
86
856
954
910
350
361
14
642
77
368
53
299
290
967
676
101
202
714
546
658
448
619
564
194
765
363
236
520
771
620
406
431
664
303
209
425
898
33
740
508
433
888
176
32
566
266
207
943
27
197
321
436
776
987
233
414
753
511
818
308
79
408
503
809
206
806
432
940
103
300
737
76
159
950
636
429
145
644
84
458
59
15
395
287
263
504
974
907
106
851
687
540
381
964
417
678
524
921
359
268
617
736
470
919
88
307
871
550
161
982
302
245
55
683
343
497
862
584
204
814
852
501
445
883
905
986
459
772
677
614
597
494
219
697
490
572
800
786
108
439
320
62
132
798
913
418
539
495
364
96
373
48
635
864
665
493
946
863
525
746
160
99
228
827
876
380
865
807
587
549
338
948
903
158
599
371
538
128
602
172
81
200
870
13
174
711
922
118
647
966
241
275
466
351
924
415
383
744
630
723
605
489
392
932
830
760
962
74
274
649
866
972
310
421
205
175
526
881
628
19
730
196
963
529
474
558
547
513
131
124
64
152
451
298
491
186
917
585
214
10
869
500
121
92
326
355
250
775
813
435
624
761
768
30
229
554
212
113
821
536
956
699
26
181
788
360
884
125
46
995
23
277
532
811
854
834
663
604
482
189
724
1001
835
330
297
162
240
178
136
770
743
796
792
899
416
654
257
808
867
659
911
592
621
473
475
545
255
996
673
528
930
567
157
695
331
462
847
312
709
691
142
217
589
509
477
838
527
24
261
959
405
904
180
797
349
579
222
234
116
668
249
87
341
322
227
725
754
727
430
692
872
305
537
718
583
-1
EOF
