NAME : sim251.161405.tour
COMMENT : Length = 161405
COMMENT : Found by LKH [Keld Helsgaun] Tue Sep 11 17:06:35 2018
TYPE : TOUR
DIMENSION : 251
TOUR_SECTION
1
5
13
78
37
140
204
108
242
194
159
54
137
147
173
190
107
103
9
25
144
106
50
118
4
138
195
178
163
45
228
66
226
125
218
89
31
154
76
136
250
231
73
207
233
91
127
77
188
58
248
123
87
236
84
162
161
47
16
129
44
111
34
251
170
124
238
26
7
10
181
67
19
160
112
240
113
15
81
120
155
205
20
157
59
146
168
115
208
164
243
153
220
57
176
101
80
22
11
64
53
8
48
117
212
203
128
104
35
245
214
246
42
179
72
132
6
172
96
150
17
27
24
119
217
43
175
74
122
200
219
33
166
109
206
224
121
211
49
180
18
199
215
79
36
130
114
63
213
235
14
61
60
97
99
82
70
191
65
83
28
167
210
94
116
131
234
133
46
135
197
68
184
52
85
141
148
185
95
62
189
56
158
90
232
229
32
142
92
100
88
225
55
230
156
126
177
209
182
29
12
71
165
41
216
149
134
75
249
192
196
152
187
193
105
183
223
139
247
143
241
39
2
110
174
93
201
98
222
23
244
239
40
3
171
38
51
69
237
202
102
186
221
86
151
169
21
227
145
30
198
-1
EOF
