NAME : sim251.156560.tour
COMMENT : Length = 156560
COMMENT : Found by LKH [Keld Helsgaun] Tue Sep 11 17:14:10 2018
TYPE : TOUR
DIMENSION : 251
TOUR_SECTION
1
33
249
202
67
172
41
147
32
247
93
35
98
251
215
95
70
240
86
156
248
26
114
42
24
187
138
13
102
115
104
28
131
174
146
160
25
149
218
242
78
185
58
151
231
226
137
141
227
63
21
20
167
207
123
153
11
90
5
168
165
92
117
124
239
243
163
27
36
59
244
116
113
19
65
56
200
161
43
50
221
196
183
130
148
3
52
192
229
40
250
74
158
2
8
237
211
232
223
105
101
145
204
73
9
142
107
83
190
77
136
150
209
100
54
71
72
214
57
96
111
245
197
60
143
125
22
152
23
184
133
170
39
126
38
230
203
109
44
177
194
195
140
216
29
217
79
4
129
122
118
155
224
34
189
69
55
188
154
108
186
31
164
120
171
76
18
162
51
181
45
119
112
53
246
169
220
193
201
128
241
99
64
10
48
16
198
89
14
199
94
228
178
61
37
62
6
233
238
159
121
182
88
66
219
235
47
49
134
234
132
68
212
84
91
127
82
97
205
210
7
46
81
179
103
12
87
213
225
208
173
135
176
15
85
236
30
139
80
17
75
106
191
166
110
222
206
175
144
157
180
-1
EOF
