NAME : sim1001.306776.tour
COMMENT : Length = 306776
COMMENT : Found by LKH [Keld Helsgaun] Tue Sep 11 03:00:09 2018
TYPE : TOUR
DIMENSION : 1001
TOUR_SECTION
1
458
896
529
47
801
818
486
148
487
920
312
922
194
612
950
65
504
709
909
288
605
232
432
372
918
708
548
251
982
473
543
255
595
375
916
673
886
871
385
993
164
978
704
410
409
813
973
835
45
779
180
948
705
720
907
506
335
463
564
494
808
145
672
888
342
19
642
172
285
188
983
617
389
843
78
908
367
395
687
44
752
92
25
944
379
465
778
590
48
798
373
478
597
9
906
861
266
323
370
891
90
398
363
809
71
49
923
596
276
362
884
963
491
975
585
119
851
558
306
880
939
369
633
913
222
230
7
742
215
966
159
140
331
461
653
626
803
307
599
86
126
728
716
241
984
468
360
397
759
242
949
284
789
233
107
844
764
547
710
770
549
745
995
382
144
806
550
733
388
197
41
325
143
106
807
714
283
526
146
604
208
737
780
3
935
386
527
365
592
630
748
333
304
102
849
499
553
901
350
469
826
858
6
974
848
874
113
204
726
996
971
52
26
668
621
537
505
203
758
917
352
471
431
201
686
817
268
755
489
885
753
787
746
309
768
545
265
663
931
400
662
730
37
824
293
254
141
883
765
338
162
598
321
961
514
794
396
738
447
989
220
976
825
67
21
519
631
165
811
594
624
317
602
39
154
149
24
927
237
61
941
274
551
977
139
693
349
456
788
571
406
823
427
231
199
555
583
394
539
30
912
899
374
934
103
644
205
77
479
250
96
368
163
132
51
384
836
412
869
423
462
525
589
95
238
115
747
100
12
660
391
435
735
565
87
355
799
559
804
930
701
562
226
301
815
74
33
88
639
209
303
998
358
224
339
445
442
588
863
366
348
903
390
466
727
611
947
960
416
249
659
634
125
262
544
725
566
953
757
247
786
955
356
225
707
23
79
17
796
852
455
178
692
393
98
703
696
59
196
343
732
887
214
443
853
493
522
133
84
334
650
609
501
542
791
890
401
136
480
878
754
316
574
943
294
76
289
915
841
192
658
430
520
437
610
408
474
330
568
275
691
676
577
193
534
557
223
675
933
556
346
70
38
657
236
80
290
99
36
524
956
635
661
438
181
1001
830
664
28
648
444
810
402
864
315
258
563
790
490
407
951
938
945
985
150
881
781
123
689
55
986
216
719
722
980
127
414
253
894
523
889
269
618
632
57
5
426
118
313
93
625
873
541
904
743
928
198
361
105
35
441
424
959
666
628
66
731
573
53
679
336
43
4
472
440
924
952
359
477
865
847
991
2
62
364
218
615
846
94
347
69
134
160
821
64
240
569
40
82
492
897
613
724
354
155
299
484
832
700
688
882
954
177
740
711
60
63
18
702
270
459
22
762
187
259
58
13
603
645
744
831
640
647
584
371
101
91
10
964
137
324
147
142
772
110
190
637
681
766
470
116
420
992
429
399
286
169
8
838
446
819
507
968
795
606
670
892
680
614
46
706
962
656
929
498
405
893
879
854
868
629
561
981
298
717
856
206
302
690
417
464
694
138
496
651
749
173
34
905
678
560
536
699
195
921
495
783
135
646
503
957
377
518
946
85
586
538
958
277
182
415
157
320
608
264
997
969
667
820
862
383
497
439
718
344
793
213
244
607
281
531
797
582
591
767
89
641
580
448
898
210
117
546
967
31
411
183
124
528
130
926
175
812
970
433
979
68
273
683
328
994
42
988
517
875
800
937
627
902
575
111
515
202
773
114
451
999
271
167
581
314
310
261
734
827
739
500
721
860
27
278
219
311
805
475
833
715
452
911
246
257
654
280
326
212
895
422
576
153
940
792
834
636
965
449
729
483
467
552
176
840
376
305
914
345
488
855
511
248
296
877
593
131
291
572
649
14
418
392
870
174
751
332
910
481
570
56
152
357
73
425
108
327
121
243
482
567
436
1000
866
867
75
643
351
229
267
682
872
221
129
665
942
677
502
697
512
166
857
300
619
760
671
990
516
736
579
698
454
322
775
533
919
211
112
782
600
340
287
378
713
120
419
83
785
508
381
936
228
876
207
521
450
925
235
828
652
540
845
191
987
217
453
802
170
179
972
655
932
185
282
353
308
403
900
685
756
387
622
428
695
842
485
554
763
761
476
404
816
776
16
168
122
829
532
850
252
530
11
97
72
460
771
128
822
620
723
151
32
260
769
20
337
158
279
156
189
814
263
774
234
535
457
341
859
297
319
784
318
578
513
839
380
413
29
669
239
510
837
227
601
684
186
509
421
712
200
161
587
109
674
256
50
741
292
184
777
104
623
171
329
54
15
81
750
245
272
295
434
638
616
-1
EOF
