NAME : sim251.155231.tour
COMMENT : Length = 155231
COMMENT : Found by LKH [Keld Helsgaun] Wed Aug 29 10:05:45 2018
TYPE : TOUR
DIMENSION : 251
TOUR_SECTION
1
46
162
161
137
120
154
184
25
237
23
8
249
100
104
199
62
229
194
246
166
73
131
64
9
109
208
19
4
187
139
71
122
193
117
205
132
66
58
250
220
180
245
75
130
28
88
214
84
116
83
41
160
127
124
89
172
150
240
181
94
226
203
105
179
92
175
225
183
144
37
126
235
69
114
206
81
79
233
80
251
123
90
201
219
5
110
171
27
145
40
112
115
182
169
141
136
70
34
224
55
149
204
113
158
133
232
230
96
244
95
215
168
176
218
102
159
241
6
86
10
156
207
85
45
22
228
148
76
198
57
26
211
223
121
189
78
129
242
32
163
29
234
142
77
146
164
97
49
20
153
190
21
216
48
213
103
151
52
13
31
177
138
118
7
147
191
239
56
63
51
35
11
38
185
134
125
101
247
119
178
50
17
217
72
188
157
174
59
186
54
143
209
128
111
12
65
30
16
43
221
42
39
87
24
152
173
61
108
15
140
212
99
192
98
53
14
2
243
60
74
238
91
231
222
44
135
47
210
200
67
167
106
18
248
236
196
170
33
107
227
3
93
202
82
197
36
155
165
195
68
-1
EOF
