NAME : sim321.177850.tour
COMMENT : Length = 177850
COMMENT : Found by LKH [Keld Helsgaun] Sun Sep 16 02:26:12 2018
TYPE : TOUR
DIMENSION : 321
TOUR_SECTION
1
108
142
126
67
55
282
6
73
191
291
199
19
107
217
287
98
14
100
312
317
300
200
139
269
201
307
205
64
251
250
28
119
105
109
154
283
315
149
25
158
272
92
240
123
209
261
114
213
155
227
216
103
44
147
74
230
285
194
106
297
59
247
24
68
159
140
84
121
131
32
136
9
7
156
256
228
94
65
186
133
69
259
232
61
252
246
206
35
311
52
88
226
46
49
316
219
43
303
76
182
255
237
244
286
289
242
5
195
193
163
79
271
279
111
41
296
189
174
187
17
72
276
87
264
129
318
295
197
122
160
274
120
273
238
104
212
284
145
179
134
221
57
48
224
302
124
125
265
176
8
225
268
169
280
167
229
223
183
208
162
175
207
235
66
165
16
93
262
257
141
181
128
27
164
58
135
157
275
188
53
2
309
214
116
146
95
97
305
153
202
101
60
37
178
301
234
166
277
118
211
113
36
270
196
254
294
117
293
320
248
3
29
148
39
308
310
71
110
222
150
12
80
161
33
70
130
78
220
99
151
236
34
96
11
137
89
243
22
4
203
258
177
82
54
198
278
56
267
20
115
173
233
30
18
112
83
239
288
319
321
168
127
185
170
210
249
45
190
13
180
86
81
241
298
172
260
204
290
62
138
90
171
23
31
306
102
314
10
144
40
215
77
63
152
266
21
218
281
91
253
263
51
42
143
304
292
47
192
75
26
184
313
85
132
245
50
38
299
15
231
-1
EOF
