NAME : sim161.127454.tour
COMMENT : Length = 127454
COMMENT : Found by LKH [Keld Helsgaun] Sat Sep 15 03:06:40 2018
TYPE : TOUR
DIMENSION : 161
TOUR_SECTION
1
52
16
84
133
69
154
99
85
6
108
63
9
96
23
30
107
155
139
41
57
111
15
46
97
116
38
77
59
101
18
43
135
120
54
34
2
14
105
21
95
40
102
93
157
68
67
44
35
64
161
109
47
143
42
145
48
118
82
142
158
119
121
55
37
86
90
39
4
83
160
141
29
131
10
134
122
25
19
8
104
88
33
22
136
153
31
92
60
137
5
159
72
151
98
81
3
7
50
12
89
132
61
75
17
74
70
113
62
126
91
45
149
128
78
123
147
115
129
79
28
58
144
71
49
94
156
26
146
112
130
24
66
124
36
73
103
148
11
140
32
20
117
110
100
114
56
27
13
87
76
138
106
65
53
152
51
127
150
80
125
-1
EOF
