NAME : sim321.174840.tour
COMMENT : Length = 174840
COMMENT : Found by LKH [Keld Helsgaun] Sat Sep 15 22:32:41 2018
TYPE : TOUR
DIMENSION : 321
TOUR_SECTION
1
4
305
113
137
318
248
95
163
68
309
117
139
250
129
132
266
41
133
105
9
86
63
273
232
253
62
272
150
90
210
136
152
77
148
230
3
121
14
20
313
251
101
258
87
212
195
162
159
27
166
226
257
290
214
74
73
196
151
270
227
291
188
124
185
24
96
222
43
111
52
141
142
178
49
37
236
259
102
119
285
310
234
11
46
208
186
319
312
264
177
228
198
279
123
44
213
84
109
66
205
120
5
76
58
221
33
146
140
315
233
106
65
202
300
83
281
42
203
207
293
60
61
81
15
78
192
239
183
261
283
244
238
103
216
25
154
256
298
71
125
28
69
2
50
260
110
200
53
269
180
175
181
231
268
134
246
262
45
321
23
274
55
247
292
171
67
82
174
217
64
158
80
104
131
116
182
301
156
56
10
311
187
245
39
160
145
91
299
235
225
276
51
99
147
249
242
18
218
179
307
297
204
189
224
240
16
288
8
286
85
157
122
184
92
296
30
190
191
287
215
267
194
32
70
79
167
112
302
12
317
280
128
36
209
295
35
314
278
277
220
118
47
98
114
48
237
254
284
201
21
172
263
13
115
34
100
255
31
7
282
308
173
153
94
75
38
211
155
72
304
57
199
275
320
289
303
219
93
143
170
26
241
19
6
144
176
40
130
135
316
197
252
88
206
294
193
89
22
138
165
59
161
149
17
265
169
229
126
127
271
164
29
107
306
97
54
223
108
243
168
-1
EOF
