NAME : sim1001.306601.tour
COMMENT : Length = 306601
COMMENT : Found by LKH [Keld Helsgaun] Tue Sep 11 15:41:38 2018
TYPE : TOUR
DIMENSION : 1001
TOUR_SECTION
1
282
35
110
512
813
196
396
14
319
105
317
458
593
204
647
411
586
500
547
309
120
880
109
794
336
274
767
667
748
184
413
273
960
778
357
514
516
351
625
256
722
441
215
340
874
900
796
724
613
896
360
53
384
434
897
363
954
313
51
107
729
104
876
617
717
844
330
412
155
188
457
616
465
460
765
878
907
445
660
985
694
534
799
270
869
662
517
628
296
374
154
68
630
606
924
475
912
524
720
326
942
271
190
436
263
830
7
940
354
955
430
29
785
156
429
102
758
936
72
966
693
157
818
957
658
169
556
642
916
656
44
197
322
135
490
930
342
508
179
637
703
388
521
160
832
712
837
847
466
200
341
92
493
418
70
69
380
732
843
551
483
590
902
491
361
640
136
780
293
938
822
509
264
17
865
438
484
127
175
368
598
927
333
988
904
498
400
242
636
972
246
394
24
428
756
772
116
283
608
554
103
12
752
933
43
467
348
621
165
482
252
289
437
151
84
214
226
657
707
836
779
164
986
80
591
539
604
101
478
217
567
133
614
894
98
18
947
734
88
22
292
202
40
82
802
42
815
96
648
73
347
209
992
643
706
290
346
71
762
901
774
850
618
426
299
367
941
994
868
519
387
795
401
474
764
377
236
147
515
860
939
595
862
610
812
409
589
393
402
291
223
60
892
243
355
535
462
664
652
15
272
903
626
146
261
397
38
111
415
670
990
425
889
526
798
537
337
997
183
265
66
192
219
89
145
914
782
277
823
199
877
259
607
544
775
325
398
318
549
597
704
615
951
99
50
565
320
266
305
404
74
728
6
776
629
307
440
113
432
771
257
37
470
755
477
424
210
875
870
395
36
150
858
138
790
331
349
275
691
201
583
476
853
211
587
962
800
172
206
216
195
148
471
131
831
552
558
123
891
557
33
433
742
884
258
228
316
532
185
661
212
545
738
659
682
839
983
893
603
702
568
332
718
447
300
887
161
492
234
925
645
883
13
950
783
267
254
899
681
28
909
620
699
697
944
751
281
408
334
673
826
468
456
935
255
48
301
117
770
978
312
747
87
655
842
665
915
825
250
577
600
984
543
304
178
499
10
241
856
920
182
803
134
391
112
668
541
777
464
594
886
879
857
218
381
167
540
323
193
553
690
297
420
768
187
855
4
286
759
260
76
863
338
906
240
788
119
678
560
675
585
726
890
356
574
423
230
824
923
9
835
225
455
235
85
170
530
908
973
308
421
885
431
733
701
851
846
46
559
838
495
834
867
698
946
248
16
819
352
754
566
502
449
859
503
94
303
65
371
709
507
602
562
435
792
171
895
917
403
280
523
49
416
561
118
501
888
548
314
719
714
531
11
848
564
442
688
929
584
639
612
653
115
809
952
473
791
672
816
522
459
821
683
980
278
736
977
481
828
353
373
715
366
251
153
224
624
81
611
695
450
671
448
238
181
504
294
506
189
130
911
19
905
410
789
716
840
379
439
743
999
376
383
753
663
422
627
198
27
518
443
769
725
180
546
766
222
142
666
141
739
487
805
126
311
399
852
727
1000
849
480
194
122
208
745
389
749
56
287
344
97
623
686
375
90
176
91
969
227
444
635
417
721
921
922
370
882
555
571
931
26
967
392
996
592
993
533
601
713
5
362
646
95
186
144
570
77
427
479
328
845
943
359
177
763
654
987
881
744
669
651
687
57
970
41
269
64
78
750
52
793
525
288
542
784
191
132
926
731
390
918
55
634
382
773
159
343
93
976
79
58
128
674
964
761
741
39
244
622
302
700
233
757
827
419
310
285
245
452
573
62
806
496
47
279
810
329
20
872
86
575
619
520
576
804
75
378
453
488
910
59
864
685
631
708
746
34
948
801
963
137
730
949
497
528
579
489
220
247
679
405
956
486
529
25
205
454
249
581
262
596
538
580
633
605
54
974
23
358
786
461
829
680
649
239
63
919
129
298
2
945
386
83
807
163
114
961
463
781
841
536
451
472
406
369
1001
253
3
965
21
563
572
45
268
696
979
174
121
705
811
372
710
689
641
158
324
124
932
414
295
335
203
513
808
928
125
385
735
981
237
684
152
569
207
108
723
959
365
327
958
446
350
644
166
550
140
306
737
588
315
866
817
854
407
913
173
139
510
527
30
31
968
8
861
345
364
989
692
975
609
677
934
505
61
632
149
833
276
67
229
676
100
787
638
711
871
650
162
953
971
32
582
485
760
339
991
995
231
284
106
213
797
814
321
982
820
221
494
143
469
998
937
599
168
873
578
740
232
898
511
-1
EOF
