NAME : sim1001.304572.tour
COMMENT : Length = 304572
COMMENT : Found by LKH [Keld Helsgaun] Tue Sep 11 15:54:36 2018
TYPE : TOUR
DIMENSION : 1001
TOUR_SECTION
1
132
192
651
266
648
446
681
314
89
479
573
786
591
483
16
733
67
470
949
161
719
180
226
862
429
966
582
814
256
566
118
34
239
806
668
679
176
828
731
81
137
919
413
66
876
149
863
869
683
760
360
755
36
445
366
736
318
477
875
555
559
28
39
244
659
669
330
684
87
853
528
963
184
486
95
218
421
395
643
116
817
558
285
697
431
294
715
254
818
1000
756
27
144
751
174
595
718
804
237
708
844
287
995
270
440
773
977
819
841
587
815
283
498
466
780
70
824
453
125
25
476
74
21
843
181
793
215
576
774
416
713
906
596
703
505
694
991
42
787
714
965
792
626
460
732
829
300
206
554
6
338
763
185
488
831
249
467
632
660
106
316
501
199
808
515
362
259
927
545
13
469
974
5
19
279
798
53
544
107
536
319
222
678
821
386
410
119
201
640
934
706
562
614
500
606
702
775
926
189
216
435
978
229
57
442
258
915
652
114
77
518
419
513
260
289
886
493
671
358
454
88
771
321
171
213
968
359
762
916
485
753
210
972
370
212
534
156
894
912
448
33
278
560
37
663
339
345
720
48
491
207
583
905
618
778
807
86
540
182
816
38
900
194
740
973
947
148
44
143
939
826
173
465
922
865
635
510
425
271
211
383
351
693
405
178
638
796
630
531
704
541
509
231
705
190
346
634
592
183
504
845
317
224
391
490
967
426
90
105
379
519
128
449
990
625
31
474
281
805
561
734
217
861
556
187
52
891
179
136
998
607
800
738
929
711
620
690
375
80
196
110
830
599
983
961
975
897
994
312
664
523
382
563
542
393
423
177
655
96
993
657
489
197
326
945
127
273
11
882
874
943
347
739
424
790
243
350
47
472
980
438
404
744
981
686
878
32
40
767
480
397
430
575
524
298
62
901
108
754
925
871
72
436
997
881
836
701
999
868
341
937
497
893
250
113
251
388
433
533
91
645
167
315
712
109
917
282
8
950
214
356
777
399
783
851
839
609
532
948
195
230
198
768
699
245
9
746
7
439
441
794
450
757
525
276
954
10
749
737
227
168
958
320
286
633
56
163
329
94
234
335
855
623
898
852
860
511
101
723
427
856
834
381
415
305
964
78
157
931
373
232
324
850
361
252
100
864
302
138
548
165
675
272
688
971
567
23
325
141
506
989
434
656
364
152
160
1001
621
716
960
385
403
619
348
175
336
447
22
936
867
456
17
93
367
147
748
700
203
333
759
933
248
729
337
76
507
520
43
193
151
492
603
384
730
188
365
274
570
721
913
51
799
455
546
764
41
97
873
832
158
123
363
761
584
982
98
235
512
267
908
811
662
551
328
813
400
262
979
654
411
85
848
331
380
208
976
987
131
641
574
938
343
255
306
75
884
677
602
854
83
647
904
389
710
597
4
776
275
571
564
527
529
377
154
661
139
50
696
698
849
779
280
422
374
885
629
344
209
508
617
92
481
390
781
957
84
462
724
394
73
550
514
233
133
590
650
418
879
857
866
392
219
349
636
923
637
887
484
910
112
644
722
593
473
297
412
122
228
784
60
952
478
487
407
253
120
307
785
401
299
847
992
572
680
332
842
918
24
769
301
822
672
499
649
942
726
608
802
398
695
658
552
858
64
888
789
631
883
459
628
899
682
530
872
130
941
820
955
494
969
895
788
911
65
428
284
327
685
598
357
903
29
308
517
914
451
103
717
265
676
220
61
838
568
291
257
310
837
539
204
371
353
202
71
557
835
959
304
340
581
111
770
743
452
553
522
322
890
940
627
735
797
372
615
932
782
920
134
240
970
121
516
140
247
624
889
457
437
728
461
772
432
295
46
674
667
709
246
930
468
935
653
809
30
953
870
502
747
549
200
115
578
471
241
951
129
15
892
589
692
145
12
45
26
611
420
288
99
20
577
691
612
354
444
303
242
823
68
605
580
277
82
69
622
153
142
292
172
579
689
616
944
475
535
378
55
543
104
35
63
907
369
18
985
495
146
741
268
765
225
296
921
159
150
526
135
408
687
727
293
3
745
58
2
565
406
909
155
463
996
586
409
402
750
269
988
825
342
191
414
376
827
707
588
311
791
896
984
594
124
117
725
54
162
186
902
569
986
79
102
537
14
946
49
601
205
880
928
443
962
639
812
164
309
840
170
604
126
261
833
334
758
752
290
482
956
547
521
666
600
646
352
417
503
673
859
368
538
642
795
169
801
221
323
610
166
810
742
238
223
236
496
803
924
458
670
59
263
464
387
846
355
665
613
766
396
264
877
313
585
-1
EOF
