NAME : sim501.217534.tour
COMMENT : Length = 217534
COMMENT : Found by LKH [Keld Helsgaun] Mon Sep 10 21:33:03 2018
TYPE : TOUR
DIMENSION : 501
TOUR_SECTION
1
61
37
11
303
81
111
240
214
187
280
451
458
399
171
283
108
395
138
176
179
143
392
363
128
422
62
203
436
278
151
344
347
164
377
391
375
476
362
336
480
101
194
65
261
40
19
93
173
146
269
130
396
370
388
384
266
403
367
374
263
45
251
145
497
245
321
75
380
109
226
350
44
74
139
442
50
382
385
383
6
21
237
358
270
360
9
186
85
257
248
197
401
479
444
426
72
292
317
326
79
307
343
150
47
356
421
210
276
341
168
253
67
213
153
156
34
293
287
259
463
489
493
348
327
250
301
472
352
320
125
484
223
166
490
454
371
453
28
199
103
204
124
351
230
165
390
185
342
217
448
18
412
4
60
195
33
188
3
346
110
26
440
178
492
36
239
200
413
461
117
105
433
260
323
48
432
331
423
114
118
58
234
148
254
163
174
132
430
235
71
308
219
247
205
57
182
161
41
207
455
88
119
162
104
227
485
83
31
402
335
285
8
456
69
49
252
487
309
154
420
419
315
167
272
322
291
299
256
496
241
452
131
127
339
7
438
271
77
417
15
231
133
216
431
192
284
379
129
98
498
324
262
434
54
410
449
180
418
311
126
177
246
297
121
471
94
76
328
441
96
495
330
376
474
12
56
220
59
38
353
14
337
24
5
55
244
265
46
190
196
288
286
147
405
73
27
349
473
39
70
289
416
258
242
491
406
175
172
302
115
319
13
325
313
135
170
334
42
300
338
51
340
274
481
112
87
243
92
238
149
466
499
106
113
17
52
141
97
446
400
80
457
460
435
477
158
381
136
95
10
296
137
310
501
273
215
408
364
450
249
218
155
64
409
483
443
275
279
100
428
295
369
225
486
209
183
211
467
123
229
312
30
468
202
201
23
99
437
25
294
424
407
482
22
184
84
268
102
53
478
414
314
445
90
378
198
206
208
32
116
475
290
373
404
191
398
212
368
470
316
142
134
332
157
189
2
393
318
500
361
228
68
35
281
107
394
439
415
63
78
387
140
427
264
86
447
306
366
43
494
357
359
152
255
236
298
267
459
411
89
233
122
193
465
159
372
345
144
120
355
224
91
82
29
365
333
304
429
169
16
488
222
464
305
397
282
462
469
20
425
389
160
221
386
354
181
329
277
232
66
-1
EOF
