NAME : sim1001.307718.tour
COMMENT : Length = 307718
COMMENT : Found by LKH [Keld Helsgaun] Tue Sep 11 07:38:25 2018
TYPE : TOUR
DIMENSION : 1001
TOUR_SECTION
1
451
159
549
568
343
275
887
971
194
157
93
719
637
479
393
457
357
496
580
590
404
480
28
962
992
131
440
484
323
842
873
516
911
635
859
600
685
15
230
680
62
379
555
663
886
849
935
220
347
237
22
967
166
352
726
589
179
103
165
380
541
545
706
784
879
302
432
303
796
98
41
495
30
279
670
489
34
21
697
522
579
877
813
97
902
260
526
172
975
656
739
488
830
416
164
83
769
288
957
841
104
266
870
478
300
52
395
84
353
200
606
207
821
919
731
898
447
585
553
869
985
556
881
332
816
197
532
636
292
280
33
134
99
941
296
264
156
640
211
221
346
712
16
219
822
846
233
224
660
576
168
592
468
171
945
95
551
690
40
70
615
536
487
330
737
193
284
368
511
143
42
312
384
646
679
749
11
586
950
185
459
276
204
263
632
524
535
510
50
683
75
105
973
313
55
668
665
675
622
779
927
89
652
58
372
259
715
850
547
205
671
827
86
29
915
734
788
605
420
422
53
669
624
986
248
862
642
25
818
436
415
293
758
643
474
66
972
803
601
753
306
319
228
793
987
858
894
281
713
460
374
976
797
470
268
314
297
809
544
39
327
91
530
410
235
709
321
912
127
819
107
892
307
138
36
47
874
770
896
621
301
926
435
903
538
994
504
531
364
121
403
923
358
897
198
387
716
552
711
38
730
386
990
492
508
483
439
514
452
8
494
56
616
294
761
309
789
450
215
507
244
162
689
959
383
932
429
469
920
948
340
855
115
515
764
969
829
360
844
498
998
587
245
265
906
694
337
828
441
236
860
720
626
100
528
463
186
630
982
252
735
425
890
72
682
402
246
757
428
148
717
418
917
980
354
659
564
208
203
820
61
695
599
876
329
776
255
868
316
362
101
865
701
481
355
736
136
232
804
158
63
161
936
117
454
304
703
146
794
128
341
31
398
88
667
724
852
51
766
349
741
810
639
676
999
964
500
46
446
543
678
477
800
721
866
3
907
608
619
234
385
953
523
365
612
934
18
472
382
85
687
732
310
899
270
786
817
815
534
984
76
94
790
490
181
851
438
627
780
431
631
363
356
486
421
169
110
271
295
960
910
430
320
242
705
64
378
548
123
371
396
768
750
638
674
593
277
968
437
763
482
106
187
722
189
710
651
192
738
833
563
834
139
699
465
831
787
824
133
142
918
746
124
517
184
361
777
754
229
843
677
311
170
113
417
773
645
65
591
895
856
733
995
286
812
633
338
35
653
672
81
767
837
575
647
567
546
908
956
467
153
880
37
373
540
328
82
554
811
222
152
963
949
217
497
658
618
930
145
693
785
714
49
413
174
59
322
988
261
595
610
227
979
443
406
723
182
916
583
905
433
376
688
604
473
444
445
527
826
199
539
351
648
634
408
914
456
929
325
974
609
213
666
80
43
814
210
942
752
650
602
707
125
308
857
424
471
144
655
597
348
698
118
807
466
476
940
584
742
521
92
54
799
966
12
109
505
69
253
191
126
867
560
225
925
140
884
614
491
155
291
875
772
114
176
748
598
775
801
188
931
135
299
889
745
573
882
370
947
464
178
611
298
180
216
391
854
629
872
759
574
19
835
664
529
681
981
392
458
4
399
218
214
781
150
258
375
120
751
173
48
287
390
933
588
24
783
414
282
289
762
691
149
342
839
729
45
755
970
847
946
77
272
996
825
954
455
26
572
838
485
937
333
461
111
369
267
657
20
578
628
518
978
792
102
607
400
991
262
116
175
345
119
381
249
122
519
13
2
581
853
96
702
503
641
283
943
10
9
747
241
686
226
501
326
861
397
243
167
79
728
625
520
273
577
832
339
1000
774
475
951
502
561
900
27
924
613
377
938
513
955
582
367
350
662
983
654
6
557
73
506
407
196
250
550
405
202
212
901
922
744
499
623
7
644
885
359
223
448
129
965
558
388
569
700
251
1001
238
183
14
684
274
409
928
921
977
878
620
559
336
864
269
163
177
231
334
891
493
5
335
201
798
137
909
566
871
426
412
67
848
278
782
993
74
888
692
596
389
845
87
883
805
806
863
537
78
939
562
344
154
112
254
760
315
661
423
132
32
808
840
462
512
141
209
331
190
756
108
239
419
791
771
57
151
952
649
533
206
60
317
944
130
904
247
778
708
765
257
366
696
718
525
795
958
740
411
823
290
17
23
442
743
704
401
71
90
160
324
989
617
570
571
509
68
427
997
318
285
727
961
673
256
594
44
240
147
802
434
542
725
394
449
893
836
195
913
603
453
305
565
-1
EOF
