NAME : sim161.128254.tour
COMMENT : Length = 128254
COMMENT : Found by LKH [Keld Helsgaun] Sat Sep 15 09:55:31 2018
TYPE : TOUR
DIMENSION : 161
TOUR_SECTION
1
15
38
50
132
85
6
73
25
149
154
109
105
100
14
98
107
19
26
75
47
51
42
143
150
12
80
161
33
110
71
78
130
70
91
63
77
152
21
23
31
10
144
40
99
39
148
3
29
151
89
102
127
45
13
90
138
62
81
86
83
112
18
30
54
82
4
22
137
11
96
34
117
36
113
56
118
20
115
116
146
95
97
37
60
101
153
58
135
2
53
157
128
141
27
16
93
66
160
122
120
104
57
8
48
134
145
111
41
17
72
129
87
79
5
49
46
88
52
35
43
76
61
69
133
65
94
156
7
9
136
32
131
121
84
124
125
64
139
119
28
140
159
68
24
59
106
74
147
44
103
155
114
158
123
92
55
67
126
142
108
-1
EOF
