NAME : sim1001.303794.tour
COMMENT : Length = 303794
COMMENT : Found by LKH [Keld Helsgaun] Tue Sep 11 16:43:05 2018
TYPE : TOUR
DIMENSION : 1001
TOUR_SECTION
1
147
576
345
417
486
352
958
712
126
262
693
444
503
247
646
450
234
861
213
947
404
170
601
649
446
992
800
101
570
253
768
154
530
506
614
930
855
141
163
912
938
671
651
953
215
873
29
736
546
132
714
459
156
89
583
960
610
254
418
652
237
162
178
183
963
453
739
375
808
744
961
437
688
532
910
675
668
427
981
561
451
525
878
730
763
715
122
407
496
160
721
984
440
34
701
678
62
309
414
259
738
727
880
917
14
150
181
176
524
804
140
893
843
9
991
690
5
703
201
806
188
709
820
350
707
281
424
585
943
839
676
198
256
543
443
378
195
274
957
387
146
923
396
479
632
303
664
994
777
972
187
935
974
596
778
875
289
987
241
52
466
600
376
826
647
906
660
152
79
802
502
161
909
306
883
710
416
551
818
73
612
582
888
159
415
69
769
149
973
522
494
36
724
275
746
798
104
97
837
226
891
581
722
21
842
705
732
463
825
91
631
922
593
87
191
681
48
475
497
426
388
313
979
403
920
131
764
312
787
627
283
729
822
233
202
954
23
84
8
12
203
368
327
857
613
168
301
218
762
789
988
666
336
485
743
472
85
791
354
882
367
817
615
781
26
442
876
605
723
484
860
924
292
358
11
328
386
821
554
786
324
356
584
803
32
695
288
619
849
824
706
580
810
694
639
100
304
461
310
212
321
895
622
207
338
171
408
720
607
740
902
887
971
500
844
474
142
929
980
271
579
180
966
1000
311
86
899
949
462
409
684
57
854
344
790
380
412
429
512
978
945
677
238
965
629
552
976
439
90
816
114
167
528
394
6
495
208
767
468
128
227
541
348
379
60
250
939
747
892
272
470
520
460
67
47
779
219
491
314
363
699
841
969
381
480
565
748
229
562
535
751
634
801
22
852
527
687
373
293
636
401
850
750
877
420
713
592
433
951
438
556
835
886
4
795
914
531
553
674
447
225
316
477
273
277
92
82
54
133
773
919
783
848
986
983
382
276
266
809
504
319
482
139
24
2
318
393
340
683
452
71
655
3
621
402
406
30
295
840
331
618
165
859
516
269
550
833
805
557
944
63
586
812
540
568
391
64
904
814
807
374
199
765
792
242
112
291
863
918
545
755
200
560
53
95
667
134
265
940
733
371
700
448
469
985
464
473
335
325
399
573
644
43
847
467
926
692
993
252
862
915
38
217
511
555
964
794
135
719
173
630
432
542
45
686
864
785
308
885
970
691
145
221
959
884
455
968
245
577
280
731
59
890
286
383
118
7
670
61
297
223
908
656
648
625
136
509
411
508
320
441
749
119
758
995
642
339
588
672
148
143
419
673
766
332
19
927
127
698
544
856
946
342
260
210
771
235
16
853
42
998
385
643
56
78
575
711
663
1001
124
351
360
355
46
689
638
931
129
27
193
488
299
334
609
702
975
913
296
869
329
435
962
718
728
741
478
102
658
669
81
811
155
197
58
628
782
20
425
989
370
349
249
590
716
166
158
760
333
239
775
75
756
300
867
934
189
536
341
389
232
322
967
261
209
999
130
251
413
94
620
490
829
754
662
458
898
492
518
832
77
144
680
397
752
206
571
523
39
996
214
177
294
15
428
236
828
641
827
563
823
726
290
377
80
529
838
659
780
282
598
231
50
434
204
776
270
449
49
704
240
834
623
175
33
103
357
37
18
637
653
761
874
230
279
936
93
164
51
83
815
169
784
244
851
106
737
661
68
172
421
369
184
361
364
574
405
633
942
845
517
955
125
196
120
216
836
548
907
390
410
436
868
398
578
302
507
487
846
950
640
153
654
392
248
603
422
599
365
982
400
549
831
483
558
788
889
521
611
192
287
501
255
471
921
682
941
881
194
110
604
157
17
268
717
948
901
734
222
353
263
190
284
900
799
514
753
665
510
589
96
430
431
519
366
696
830
928
121
559
445
111
454
513
685
498
211
595
186
41
137
13
40
567
735
65
298
151
493
566
865
616
74
35
796
952
539
44
725
315
346
105
990
872
179
870
608
330
770
533
264
228
88
76
742
317
246
489
220
384
224
797
113
977
956
323
617
569
107
98
657
894
343
757
896
772
650
99
879
481
897
25
624
819
362
115
205
182
626
28
457
515
305
138
456
645
185
347
903
55
31
905
359
587
597
932
109
866
72
793
594
174
337
572
10
745
602
591
123
564
66
606
372
116
258
499
925
278
933
997
858
423
547
937
537
534
697
911
267
635
395
813
307
476
70
285
108
243
117
759
774
505
526
916
871
708
679
257
538
465
326
-1
EOF
