NAME : sim501.219965.tour
COMMENT : Length = 219965
COMMENT : Found by LKH [Keld Helsgaun] Mon Sep 10 23:31:56 2018
TYPE : TOUR
DIMENSION : 501
TOUR_SECTION
1
224
191
9
289
271
498
63
164
198
399
26
194
67
290
232
457
412
138
400
408
267
162
261
75
444
466
83
196
4
281
373
230
247
154
386
245
311
361
390
275
74
393
293
163
274
200
434
148
144
348
134
496
430
3
328
197
19
258
99
299
176
270
259
334
253
118
60
285
92
241
355
442
125
12
190
37
72
215
447
20
226
446
473
24
30
499
484
181
321
110
278
323
352
149
209
64
100
478
84
7
80
153
312
297
366
340
116
225
489
374
208
216
394
179
187
419
445
414
87
333
477
43
114
471
301
481
326
480
257
283
460
501
392
186
104
142
88
425
180
126
45
28
169
192
308
156
465
202
146
8
204
391
233
31
183
228
174
59
342
431
128
439
93
238
475
411
314
360
17
251
410
358
436
210
240
143
490
150
2
364
401
338
184
203
420
459
250
112
451
359
231
206
185
73
273
167
443
288
195
472
159
42
219
463
68
491
137
313
40
403
234
294
316
244
448
115
173
405
388
121
483
406
298
168
41
38
409
91
79
363
349
454
351
486
387
276
132
370
426
141
380
36
479
175
266
315
254
329
29
287
248
265
22
236
32
306
256
339
18
263
170
71
279
13
345
302
25
417
5
485
304
95
243
368
416
458
147
487
218
422
418
69
199
427
94
102
188
435
428
320
140
10
398
492
76
23
367
493
127
319
214
438
377
207
122
15
235
375
462
464
53
404
62
249
158
65
46
381
332
81
307
456
346
461
14
378
54
178
55
354
123
82
277
482
268
325
335
429
494
157
372
396
495
424
107
78
222
227
286
347
66
39
322
357
413
111
450
213
246
452
330
211
389
476
296
58
488
151
382
47
384
344
101
229
423
160
437
27
331
52
449
117
415
284
365
120
252
212
193
139
108
136
309
385
371
369
402
97
135
152
90
220
56
51
337
262
21
172
303
362
350
33
383
264
96
57
441
317
217
341
98
433
6
453
343
292
500
133
282
161
468
469
145
35
85
421
497
182
50
376
300
77
61
155
295
171
223
165
109
397
327
131
237
205
336
124
48
89
470
86
310
113
467
305
353
221
272
166
177
189
119
440
70
130
318
106
49
260
379
44
356
395
242
474
201
269
455
129
11
105
239
16
432
255
324
103
34
407
291
280
-1
EOF
