NAME : sim501.216581.tour
COMMENT : Length = 216581
COMMENT : Found by LKH [Keld Helsgaun] Mon Sep 10 21:56:09 2018
TYPE : TOUR
DIMENSION : 501
TOUR_SECTION
1
325
72
421
155
53
484
473
91
374
314
100
44
20
108
112
275
417
119
37
45
214
459
48
123
140
324
309
30
24
182
441
250
62
304
237
87
93
175
287
443
380
435
460
75
266
394
375
206
492
496
178
274
38
422
46
436
298
285
135
341
102
273
192
477
283
234
333
301
88
457
34
55
162
7
414
54
279
356
418
59
240
365
315
302
245
235
96
137
327
213
210
132
77
61
319
282
415
126
39
208
129
136
42
311
401
358
227
225
461
150
12
151
80
195
73
288
405
493
466
383
216
412
409
111
152
236
494
259
437
141
103
157
13
458
86
269
238
330
395
51
329
201
465
449
232
167
194
328
64
116
239
444
476
242
343
147
318
122
305
316
143
66
164
413
428
396
277
170
23
184
200
145
389
202
488
433
317
406
387
391
390
128
357
478
101
71
82
339
453
322
31
500
159
163
43
404
402
29
260
185
114
121
290
197
183
345
246
125
215
58
416
499
276
222
352
431
130
205
344
231
312
369
291
446
371
252
74
139
258
27
89
172
180
212
3
295
105
40
331
425
142
81
230
220
144
424
429
149
470
5
300
138
474
248
32
78
57
226
84
14
177
385
109
15
490
452
165
284
482
110
156
68
70
360
348
229
486
320
372
363
388
243
41
28
265
219
255
471
22
361
92
52
420
464
10
366
120
370
340
199
289
400
272
47
104
483
270
451
189
313
244
166
211
427
440
350
187
378
261
98
223
347
442
218
354
257
50
131
16
353
308
334
173
368
321
467
256
26
267
497
450
306
286
472
373
181
49
359
90
17
8
423
127
133
336
67
382
351
455
118
303
158
399
362
264
407
174
364
171
196
281
4
411
221
376
386
198
419
253
469
495
337
447
448
393
209
193
299
335
397
489
338
247
342
254
168
367
349
501
107
217
153
191
176
463
83
439
480
79
332
95
179
146
56
207
438
434
278
445
487
377
99
481
296
475
468
355
228
454
188
33
430
76
294
432
2
169
25
323
268
310
204
249
9
35
462
65
491
233
117
115
186
498
124
160
292
224
148
297
251
60
134
485
479
398
154
280
113
384
69
190
410
63
408
18
379
85
326
203
271
97
293
403
456
19
36
426
21
6
11
262
392
161
263
241
346
307
106
94
381
-1
EOF
