NAME : sim701.254675.tour
COMMENT : Length = 254675
COMMENT : Found by LKH [Keld Helsgaun] Mon Sep 17 01:55:34 2018
TYPE : TOUR
DIMENSION : 701
TOUR_SECTION
1
219
514
46
228
319
365
98
32
397
12
165
689
446
213
216
107
519
217
180
419
410
377
701
237
306
603
470
411
222
566
229
87
680
483
582
404
349
43
628
210
699
150
211
516
284
424
494
425
271
360
192
528
390
662
592
663
42
324
84
347
683
27
538
454
400
11
564
334
598
434
208
571
232
136
422
456
205
149
621
636
448
78
535
135
144
86
276
568
442
580
479
561
559
218
359
503
253
4
409
530
511
126
372
407
475
343
248
471
297
247
429
18
283
342
298
656
293
445
602
640
25
629
563
281
63
357
428
644
153
645
203
480
69
459
292
145
386
600
587
594
468
214
285
457
89
551
478
650
363
452
186
244
139
24
484
427
295
633
694
440
515
431
160
23
102
220
635
265
416
460
502
266
406
396
495
437
610
533
626
301
134
310
62
83
364
116
449
578
379
525
308
549
438
418
137
166
286
28
179
19
82
505
303
584
2
233
47
672
5
115
317
291
331
607
394
277
279
692
44
258
555
124
461
7
388
557
630
605
512
649
624
378
574
117
462
8
96
581
447
586
643
691
523
321
110
173
61
690
520
654
39
75
130
542
3
249
436
541
408
560
673
623
373
320
513
432
113
127
73
143
296
539
544
336
426
695
348
112
670
59
300
322
686
311
333
666
402
54
290
95
413
458
392
169
398
467
175
661
120
155
243
421
231
239
273
366
678
585
125
489
647
572
664
614
178
227
455
491
183
170
617
632
389
625
354
118
242
142
13
156
262
121
430
335
22
697
132
159
131
94
637
90
302
383
646
593
569
612
93
674
609
631
642
108
693
104
140
182
209
207
55
399
307
660
103
443
510
601
638
20
472
194
35
620
657
476
193
687
361
328
329
667
80
414
622
669
314
579
369
259
482
651
668
387
34
223
485
487
684
235
161
506
534
403
380
224
288
289
589
435
330
10
31
201
698
41
326
313
441
29
264
665
154
548
202
488
187
225
157
81
236
40
129
464
172
700
238
576
583
97
146
99
287
204
381
275
52
30
370
304
529
294
415
463
195
309
56
517
353
33
481
385
16
240
608
58
269
556
177
174
501
401
119
91
526
619
221
639
653
72
109
6
362
50
492
60
531
280
251
66
212
163
105
190
133
688
504
188
38
257
508
368
500
147
575
70
152
350
604
79
158
92
616
497
260
384
547
498
562
267
51
189
167
527
376
685
226
367
148
338
423
316
518
199
477
162
36
374
65
532
9
606
128
521
545
597
141
274
588
346
88
255
200
417
490
356
634
344
114
554
558
206
352
507
522
85
181
268
486
164
14
151
339
184
176
168
245
332
26
565
696
17
382
345
74
524
355
67
325
681
138
550
241
254
270
48
543
246
613
215
655
466
318
648
595
496
252
101
15
393
465
278
323
76
677
546
77
573
312
106
299
45
590
351
540
658
553
341
420
537
230
171
261
337
111
122
327
439
256
599
493
391
552
615
64
618
577
627
675
197
282
395
21
71
450
570
371
37
679
611
272
499
100
652
340
671
358
185
305
198
315
659
405
444
509
473
53
57
412
49
68
263
123
682
469
191
474
567
453
196
641
676
596
375
591
536
250
451
234
433
-1
EOF
