NAME : sim501.221448.tour
COMMENT : Length = 221448
COMMENT : Found by LKH [Keld Helsgaun] Mon Sep 10 21:08:33 2018
TYPE : TOUR
DIMENSION : 501
TOUR_SECTION
1
135
221
416
269
171
38
419
336
215
454
35
48
360
160
2
180
67
265
22
288
151
189
354
280
194
264
328
247
433
224
465
41
347
88
372
19
427
278
130
16
238
445
62
345
273
225
182
310
57
254
400
442
44
177
241
65
494
364
393
467
5
369
430
450
214
289
49
237
292
248
270
413
414
277
230
149
303
271
90
446
481
158
272
187
319
257
256
13
45
285
327
294
293
281
108
397
61
500
325
219
186
251
39
415
127
434
437
104
394
148
252
384
30
213
77
391
253
179
284
6
103
107
63
387
352
486
431
399
200
83
346
84
485
55
470
89
40
18
411
418
245
231
234
353
405
479
334
199
32
461
126
222
349
165
448
34
145
198
250
356
93
379
163
304
223
123
440
69
363
168
447
432
449
193
321
344
124
183
457
332
380
150
116
114
329
263
72
297
308
218
71
438
212
167
302
209
56
326
341
483
499
389
371
169
401
306
305
299
196
118
29
210
75
339
469
436
484
174
217
175
435
422
425
157
172
64
154
421
129
111
291
152
203
452
301
156
138
228
243
374
113
86
459
340
121
456
466
487
184
81
267
97
335
317
24
37
20
141
205
375
463
295
162
255
161
23
120
96
100
33
358
286
216
31
190
204
377
300
140
477
173
478
323
92
473
14
159
125
468
361
112
443
398
26
359
79
76
348
137
388
312
420
119
87
287
314
428
164
408
236
439
298
316
283
395
68
476
362
11
498
70
242
404
53
474
492
497
207
43
181
390
464
261
441
480
54
12
490
17
357
260
102
368
98
409
402
488
101
246
95
74
307
493
153
47
115
59
7
453
170
106
233
51
191
25
482
382
423
309
117
142
178
355
155
10
9
444
78
3
501
227
462
376
229
15
82
91
195
85
220
276
176
8
133
105
134
94
296
109
318
46
424
311
381
52
475
322
392
21
406
122
412
27
343
337
290
66
226
338
136
259
489
240
131
147
386
274
313
471
211
80
351
258
146
73
50
417
60
244
262
373
208
42
132
232
378
279
28
429
410
128
282
197
202
192
350
4
366
139
460
472
320
188
110
491
451
455
365
458
496
370
144
239
36
249
407
385
268
324
330
235
166
333
206
99
495
383
396
342
266
201
143
58
331
367
275
315
426
403
185
-1
EOF
