NAME : sim161.125806.tour
COMMENT : Length = 125806
COMMENT : Found by LKH [Keld Helsgaun] Sat Sep 15 04:53:32 2018
TYPE : TOUR
DIMENSION : 161
TOUR_SECTION
1
37
82
150
62
21
65
5
78
130
104
52
142
112
145
133
53
141
67
45
69
110
18
119
103
12
93
50
23
123
140
92
85
17
100
42
46
31
89
24
83
152
43
134
9
126
71
109
58
49
128
131
124
30
13
102
64
113
146
138
122
101
116
6
121
32
114
26
55
40
99
144
29
137
41
59
127
95
79
33
8
91
75
156
153
77
27
149
148
105
117
159
19
96
22
74
88
98
68
48
14
161
107
34
81
2
118
61
94
120
135
129
90
60
143
147
158
63
36
51
106
57
111
4
10
54
132
86
44
7
28
157
66
151
160
35
25
108
125
76
73
15
56
38
155
136
139
97
3
47
115
20
16
39
70
87
11
84
72
80
154
-1
EOF
