NAME : sim321.173595.tour
COMMENT : Length = 173595
COMMENT : Found by LKH [Keld Helsgaun] Mon Sep 17 18:23:11 2018
TYPE : TOUR
DIMENSION : 321
TOUR_SECTION
1
5
296
263
223
111
298
182
206
115
274
177
58
92
12
15
228
209
270
175
224
51
153
181
74
311
147
96
280
162
42
31
166
257
264
50
281
18
32
170
161
320
123
73
30
305
269
150
318
168
235
230
40
152
154
4
314
8
288
145
193
104
146
200
38
251
266
129
70
157
278
213
220
214
178
201
225
56
33
85
121
165
72
159
198
125
171
69
290
233
17
312
202
243
301
148
14
302
284
127
195
244
80
117
172
236
43
63
110
77
229
237
54
218
306
261
260
138
79
241
232
75
20
9
95
86
207
132
297
45
304
317
10
143
204
36
164
234
217
6
126
248
112
253
44
273
279
196
173
118
3
16
130
91
242
134
289
293
89
238
101
262
222
60
28
268
239
169
108
49
216
105
2
90
315
137
131
87
120
109
250
48
128
68
210
65
247
221
21
176
174
25
254
82
88
29
7
81
188
272
136
277
93
149
119
23
71
258
321
142
294
211
303
180
100
55
215
27
265
94
212
256
61
295
167
107
286
163
191
66
67
194
160
299
124
276
37
158
313
135
275
102
282
11
114
300
122
139
41
133
179
26
98
255
155
156
203
249
116
57
99
226
189
97
140
78
310
52
240
183
227
199
308
309
219
187
283
231
59
316
185
252
267
46
22
103
285
292
287
271
13
113
245
35
24
259
151
34
144
83
205
64
186
197
291
319
62
47
246
141
190
19
84
53
106
184
208
76
307
192
39
-1
EOF
