NAME : sim1001.307193.tour
COMMENT : Length = 307193
COMMENT : Found by LKH [Keld Helsgaun] Tue Sep 11 10:52:36 2018
TYPE : TOUR
DIMENSION : 1001
TOUR_SECTION
1
751
544
331
189
768
877
12
593
946
38
52
924
86
180
445
986
22
219
560
530
647
528
776
254
667
129
919
322
134
717
852
978
307
845
708
257
458
253
405
176
260
819
632
379
1000
794
561
263
270
879
392
201
78
207
96
643
645
140
119
444
104
531
484
380
695
298
166
686
994
125
568
95
158
694
731
555
573
425
957
423
679
902
321
107
33
230
894
157
448
828
721
470
614
196
508
191
339
974
141
135
772
992
682
758
802
41
871
851
497
803
935
904
492
398
249
609
327
335
226
729
328
91
108
896
511
48
20
275
805
137
704
657
383
25
15
459
580
121
472
988
777
933
447
684
431
696
303
741
550
600
841
258
378
252
479
246
857
208
597
713
236
837
300
220
199
115
864
273
334
880
164
542
6
926
764
676
487
145
660
875
873
276
42
365
344
439
730
796
913
225
313
587
989
100
535
153
424
564
451
811
745
956
40
56
261
269
59
82
397
636
264
847
409
546
812
202
9
948
807
358
503
420
412
906
482
80
558
437
831
792
927
665
693
372
866
543
266
118
562
723
268
813
485
505
323
71
607
981
525
277
639
603
962
726
719
724
952
509
272
88
939
985
650
910
154
85
291
899
938
553
654
499
966
426
515
507
462
615
605
271
842
345
853
278
790
3
256
106
4
685
338
633
641
637
755
703
16
131
588
63
45
30
668
856
333
325
490
395
821
24
855
284
62
114
621
548
376
688
996
701
330
610
843
865
435
375
849
897
293
521
235
771
8
173
661
311
959
198
903
963
766
218
617
349
638
675
818
67
739
163
68
909
746
421
18
174
172
702
960
251
961
69
133
224
954
937
231
929
659
586
204
823
943
940
967
177
469
549
81
584
475
496
21
162
651
60
116
722
357
480
387
102
215
822
991
838
955
301
602
518
504
585
917
28
839
429
359
711
493
714
237
109
381
341
255
245
401
309
781
914
419
247
486
49
267
942
105
146
677
699
324
644
210
126
223
463
279
545
433
900
262
829
97
998
393
519
76
652
816
862
850
181
417
977
753
574
892
363
399
663
110
483
289
969
329
332
997
259
99
175
221
844
355
738
77
898
712
736
94
680
759
886
921
171
514
578
622
394
779
669
51
336
14
211
681
882
780
595
923
124
881
227
1001
706
784
361
594
374
70
944
74
601
576
749
884
690
876
533
316
7
66
971
101
920
672
461
889
285
305
400
883
867
773
859
928
456
178
346
797
185
598
727
467
296
888
234
733
205
310
132
169
488
817
443
478
995
539
947
347
314
148
582
23
79
128
353
156
572
389
2
516
26
290
951
653
326
350
281
987
787
833
762
616
778
430
139
312
90
364
798
934
217
893
980
750
536
170
976
556
214
793
664
491
968
455
501
737
979
120
362
683
213
342
599
834
524
612
874
565
368
360
887
820
103
808
870
308
283
925
190
390
975
541
438
832
370
432
452
629
179
117
742
222
705
734
315
716
200
242
465
75
402
618
747
691
55
922
756
512
65
783
662
649
869
964
901
648
371
464
188
72
54
404
932
366
678
87
427
860
872
608
495
155
534
810
113
61
382
351
670
786
240
142
689
466
317
613
449
152
809
159
294
192
212
500
160
407
760
136
32
698
827
905
343
990
408
434
151
377
570
410
972
581
287
274
416
757
752
775
197
795
858
473
441
457
912
122
304
774
302
557
241
98
761
630
11
194
692
474
520
861
250
282
414
626
552
591
868
687
388
625
17
47
623
265
39
356
640
43
575
352
769
127
89
537
590
428
830
184
31
454
46
34
754
5
489
718
396
785
35
306
209
50
566
878
216
186
748
891
182
673
965
982
280
592
522
949
634
732
710
318
846
635
529
999
953
931
369
299
523
418
854
547
168
64
411
187
244
460
655
195
138
232
413
559
415
918
806
112
583
481
596
384
800
571
604
707
36
92
468
93
814
203
73
44
161
973
569
970
554
915
238
58
789
337
123
403
958
666
446
506
619
494
476
824
848
782
620
950
243
715
183
993
627
936
354
765
743
510
840
791
436
624
885
983
735
498
563
502
386
57
513
540
147
911
83
551
579
450
631
744
340
406
422
453
801
288
19
728
930
916
193
526
385
292
348
239
740
697
286
228
709
440
527
149
295
150
674
320
84
319
471
27
538
248
567
628
656
143
671
206
297
984
53
233
907
589
10
373
229
720
130
815
825
826
611
895
391
13
725
646
517
111
941
165
477
37
700
890
577
770
167
863
606
763
29
442
835
836
945
804
658
788
642
367
908
799
532
144
767
-1
EOF
