NAME : sim321.180173.tour
COMMENT : Length = 180173
COMMENT : Found by LKH [Keld Helsgaun] Sat Sep 15 15:35:45 2018
TYPE : TOUR
DIMENSION : 321
TOUR_SECTION
1
192
287
22
194
127
69
307
119
272
108
231
122
40
123
167
170
217
62
247
176
274
4
43
13
72
85
101
229
203
246
32
42
189
258
12
140
232
33
82
97
139
153
204
147
230
237
94
115
46
215
190
262
136
314
210
113
280
240
151
160
197
308
132
67
255
259
267
87
54
177
121
212
30
118
28
225
38
107
248
256
301
51
128
84
3
320
283
26
104
98
49
250
241
5
138
239
271
162
261
145
292
278
80
270
23
288
52
48
185
75
58
56
302
55
313
68
65
213
257
53
315
285
15
201
263
265
228
306
117
25
184
35
171
31
133
45
318
103
111
71
251
181
125
163
74
142
182
180
131
254
234
29
18
39
21
79
154
112
214
175
174
300
235
165
50
143
236
7
294
193
64
60
34
244
309
24
166
286
291
202
47
226
91
222
109
110
200
279
137
41
81
168
17
284
266
126
191
96
169
63
242
27
223
9
220
178
36
293
218
289
141
186
70
78
249
198
173
66
10
245
296
92
199
57
106
134
144
297
156
77
88
102
268
252
310
120
290
11
129
150
99
321
206
317
209
264
20
149
152
179
95
19
100
303
164
260
311
227
238
276
157
319
282
116
207
295
124
83
253
73
59
221
273
159
312
158
316
304
44
224
16
219
8
89
299
188
130
305
76
269
135
14
93
155
172
195
183
281
6
243
61
114
205
216
146
196
2
86
161
187
148
211
277
208
105
37
275
233
90
298
-1
EOF
