NAME : sim251.156180.tour
COMMENT : Length = 156180
COMMENT : Found by LKH [Keld Helsgaun] Tue Sep 11 17:06:09 2018
TYPE : TOUR
DIMENSION : 251
TOUR_SECTION
1
119
73
16
56
153
103
97
157
83
140
171
35
33
31
139
176
245
221
123
249
197
175
57
155
20
14
241
169
116
151
59
220
120
181
196
211
45
48
240
5
98
159
185
44
132
58
53
61
64
180
141
128
46
74
62
130
232
41
210
246
47
10
99
250
218
233
146
126
85
209
91
104
239
225
125
122
65
131
43
79
109
127
216
86
227
231
242
162
158
36
215
156
107
89
25
78
149
193
188
186
111
206
226
106
117
112
182
113
136
229
198
19
147
96
15
234
235
11
77
150
251
177
6
191
60
144
40
194
84
50
34
69
82
205
4
201
152
200
236
87
173
23
93
189
26
145
247
230
18
12
114
75
134
2
72
27
166
30
42
167
178
115
195
94
168
248
202
238
54
214
143
121
204
13
244
228
17
224
22
3
118
142
21
28
66
174
199
243
37
110
7
101
80
100
9
39
222
105
49
154
192
137
95
38
219
172
90
67
187
217
70
161
71
183
135
163
102
124
179
190
63
237
203
76
29
68
207
164
55
32
108
223
165
184
129
170
51
138
92
208
148
24
160
8
52
81
88
213
133
212
-1
EOF
