NAME : sim501.217734.tour
COMMENT : Length = 217734
COMMENT : Found by LKH [Keld Helsgaun] Mon Sep 10 22:29:57 2018
TYPE : TOUR
DIMENSION : 501
TOUR_SECTION
1
82
441
434
402
172
472
488
19
106
143
388
79
228
280
303
101
115
3
500
292
452
394
114
224
72
235
175
350
480
379
298
274
108
212
223
237
167
193
364
191
389
214
369
205
275
247
445
198
450
483
406
244
272
286
265
390
204
290
92
201
109
226
221
455
273
417
431
155
288
48
34
98
139
61
310
438
382
14
233
140
47
213
422
35
487
365
194
21
242
186
12
154
311
20
169
392
277
419
255
429
335
339
259
18
313
128
168
467
281
325
229
153
245
464
373
225
323
432
10
152
499
316
148
50
239
157
408
25
297
355
24
314
411
368
338
414
52
116
396
347
254
68
76
249
102
43
468
486
29
83
478
189
8
494
160
337
232
91
301
319
466
251
361
384
158
74
391
127
410
104
498
112
444
71
78
192
374
80
133
147
164
439
473
370
260
399
443
430
41
459
60
501
481
187
159
77
312
326
284
376
240
55
73
475
156
359
57
38
287
84
252
11
170
177
6
220
118
219
321
320
146
474
182
424
413
113
458
4
23
296
462
215
89
100
418
253
94
188
377
40
278
471
268
53
453
433
423
165
395
386
333
181
208
136
340
282
85
30
307
141
90
200
380
336
185
248
211
315
387
123
230
324
477
234
81
125
318
476
7
37
398
356
27
385
119
246
99
64
293
257
367
465
206
294
203
264
56
304
366
270
285
279
400
271
427
39
217
124
144
393
120
412
378
236
75
256
149
32
5
266
454
122
352
59
330
2
243
451
62
176
372
322
107
420
33
171
184
93
96
231
110
489
357
449
363
28
65
227
360
17
126
351
46
261
353
67
86
470
381
342
332
493
142
491
117
317
250
174
190
401
161
49
358
216
409
300
345
425
362
199
349
222
202
137
403
210
383
309
70
180
448
162
131
197
305
460
63
88
145
341
69
163
291
36
276
58
111
150
258
343
428
289
26
103
173
397
327
447
15
415
371
44
209
306
416
129
482
461
329
442
16
334
346
283
151
456
183
195
207
166
267
51
469
299
496
405
95
42
269
179
308
105
479
375
302
132
241
66
437
218
238
485
138
446
421
87
13
436
457
121
54
295
331
490
328
130
9
492
45
22
196
31
404
97
354
426
263
348
262
134
344
135
463
440
495
484
435
497
407
178
-1
EOF
