NAME : sim701.253062.tour
COMMENT : Length = 253062
COMMENT : Found by LKH [Keld Helsgaun] Sun Sep 16 18:18:02 2018
TYPE : TOUR
DIMENSION : 701
TOUR_SECTION
1
325
691
121
672
16
184
519
701
10
678
283
198
547
687
492
518
662
189
528
67
587
77
582
634
63
377
467
207
295
632
485
127
504
2
412
659
479
503
329
163
37
498
318
194
98
188
167
666
182
179
244
372
261
590
583
71
257
307
173
302
573
437
478
627
644
350
138
576
47
87
28
384
214
95
96
684
622
99
612
304
545
157
401
497
568
181
279
97
351
132
680
75
151
638
314
381
13
561
274
166
520
323
196
125
9
483
145
64
376
700
143
439
565
578
609
442
673
660
496
521
693
417
328
65
333
118
461
349
253
690
238
58
486
42
362
306
560
342
383
400
133
171
650
411
669
360
15
338
477
260
183
629
94
33
112
510
93
231
117
85
111
462
452
76
237
524
330
536
100
428
664
675
219
204
389
305
457
431
591
225
180
406
202
195
507
286
159
296
269
636
43
436
348
154
595
226
135
448
177
409
41
689
398
92
81
141
474
206
569
227
142
653
596
317
107
695
292
39
355
217
256
162
633
407
651
79
455
128
240
34
541
192
579
313
526
124
601
273
233
441
599
606
335
531
571
101
438
699
382
538
345
316
597
82
357
242
459
139
645
414
586
661
66
499
575
473
340
555
320
51
228
218
460
208
491
367
432
285
36
73
352
444
271
134
408
397
542
265
610
212
32
284
294
268
155
665
468
551
476
213
170
106
380
110
514
588
532
421
303
57
90
108
298
671
315
418
5
427
502
602
642
247
290
608
14
405
509
69
216
332
523
23
451
550
368
24
176
517
72
361
403
620
594
505
379
156
262
402
276
548
322
516
487
78
22
652
301
220
697
611
470
589
475
137
27
640
126
331
574
146
74
191
614
89
604
549
114
584
278
511
649
396
211
186
493
563
449
618
410
105
655
339
123
185
266
148
365
581
425
557
371
29
88
625
683
508
658
628
393
59
19
525
617
480
624
131
567
299
40
494
527
481
175
694
310
378
454
621
160
250
201
643
275
600
178
235
443
152
637
119
373
456
506
674
319
347
394
130
20
35
245
358
70
490
484
113
500
102
150
440
25
696
656
68
423
215
458
309
552
86
56
80
12
613
26
450
62
193
297
144
663
222
60
399
103
544
607
446
682
641
615
577
312
464
46
52
530
50
539
161
6
570
522
533
463
374
241
236
564
685
453
300
199
263
429
554
321
626
635
447
344
605
210
513
54
420
435
289
246
223
205
387
255
44
363
422
327
535
540
424
692
469
616
324
334
556
122
287
31
343
630
109
648
258
364
375
8
164
488
619
30
337
243
353
83
158
482
501
17
259
234
546
572
537
392
174
688
153
698
149
197
221
281
681
38
291
7
136
346
592
254
129
370
553
3
308
288
415
512
336
386
395
120
55
190
61
272
434
489
341
264
229
293
45
230
267
115
495
543
251
354
529
598
623
472
232
200
580
169
270
416
631
426
566
282
639
390
657
679
668
686
49
369
388
311
116
21
471
280
646
413
585
4
147
534
18
239
172
433
248
140
252
647
168
593
187
249
654
445
558
165
667
603
326
677
391
53
224
91
419
515
203
84
366
356
11
209
465
385
277
559
404
430
466
359
104
676
670
48
562
-1
EOF
