NAME : sim251.159926.tour
COMMENT : Length = 159926
COMMENT : Found by LKH [Keld Helsgaun] Wed Aug 29 10:17:28 2018
TYPE : TOUR
DIMENSION : 251
TOUR_SECTION
1
61
161
164
50
222
149
169
23
14
128
73
4
25
119
188
56
247
84
40
60
112
44
15
184
151
201
26
110
158
85
31
250
219
155
241
132
135
11
114
225
51
127
191
41
190
177
97
72
187
82
65
163
63
196
214
179
34
3
92
178
99
89
139
194
182
93
19
81
90
48
228
148
115
45
47
83
98
17
62
144
160
59
68
30
13
140
105
66
173
203
238
46
123
227
16
229
224
221
42
76
116
126
216
108
251
165
96
37
183
235
212
223
232
185
181
192
10
12
36
122
22
43
248
237
226
249
75
32
7
35
109
121
118
147
245
124
154
95
146
38
33
20
2
80
58
136
207
142
141
27
240
57
106
180
168
174
198
171
217
242
49
29
120
138
202
137
6
157
176
5
145
199
101
94
55
186
100
54
77
193
210
9
8
244
103
162
159
236
130
79
172
152
167
117
39
53
21
213
78
113
204
170
131
134
87
166
231
243
88
70
175
234
125
218
200
197
71
133
211
64
104
111
156
67
150
208
209
102
230
18
24
69
246
239
74
195
153
107
143
91
205
52
189
215
129
28
206
233
220
86
-1
EOF
