NAME : sim501.218989.tour
COMMENT : Length = 218989
COMMENT : Found by LKH [Keld Helsgaun] Mon Sep 10 21:35:43 2018
TYPE : TOUR
DIMENSION : 501
TOUR_SECTION
1
74
209
75
118
311
138
134
164
7
497
28
273
352
193
399
292
250
139
406
148
442
380
208
490
169
470
297
220
170
500
501
187
374
452
232
256
67
211
333
322
46
433
152
375
78
71
419
346
223
177
370
427
330
222
120
364
54
283
229
258
353
279
117
340
496
254
492
225
50
498
124
361
196
114
383
175
422
38
111
443
284
402
20
233
241
454
22
119
172
203
173
162
365
143
113
219
125
215
182
4
131
90
70
107
332
314
289
390
358
262
474
349
321
64
171
105
463
214
154
3
146
246
49
234
47
98
227
269
447
293
382
91
486
264
268
456
23
464
485
410
271
83
318
252
136
413
197
179
425
312
462
480
449
198
240
194
457
255
9
52
39
328
243
19
412
280
429
472
2
301
132
6
440
493
466
186
371
226
33
455
469
367
68
471
5
99
307
195
130
270
127
93
129
373
109
16
158
140
350
306
77
168
276
298
34
378
76
116
59
84
431
377
362
345
145
160
477
356
266
122
176
15
355
290
108
339
395
18
10
185
253
424
304
104
30
82
287
319
483
428
236
63
178
435
458
315
88
381
437
282
403
476
288
338
369
48
407
191
491
212
392
102
388
44
441
316
415
385
26
72
151
200
96
357
31
448
389
473
237
398
324
320
207
344
251
337
309
156
488
235
56
396
334
123
335
247
37
66
239
206
368
495
192
414
360
92
494
106
249
409
420
294
248
57
24
94
58
17
418
285
205
278
439
384
21
188
478
446
261
484
221
468
190
347
391
366
165
115
326
80
112
155
329
397
14
87
210
81
45
161
103
376
218
86
281
199
313
126
308
259
62
180
305
25
43
387
189
228
423
36
386
181
41
302
432
481
303
11
461
110
100
217
393
359
121
459
128
286
238
296
499
224
42
300
272
150
325
317
230
73
327
354
417
147
295
310
32
29
444
372
482
277
157
65
475
89
51
245
487
231
465
401
12
55
323
343
60
430
479
144
331
69
159
204
263
394
167
174
27
405
450
163
426
434
153
299
408
13
142
291
40
467
438
61
445
202
8
404
342
400
97
421
336
35
411
79
242
274
141
244
149
257
436
95
213
166
183
265
135
363
184
275
416
216
341
460
260
451
351
85
101
348
453
137
53
133
267
379
201
489
-1
EOF
