NAME : sim161.134474.tour
COMMENT : Length = 134474
COMMENT : Found by LKH [Keld Helsgaun] Mon Sep 17 03:25:14 2018
TYPE : TOUR
DIMENSION : 161
TOUR_SECTION
1
3
110
85
122
104
149
126
40
106
15
93
14
28
72
117
136
37
64
24
90
134
26
125
138
63
135
54
143
12
99
45
46
159
6
19
78
60
121
142
150
161
139
74
157
114
158
130
57
20
34
70
35
131
91
81
153
100
36
25
79
8
154
120
137
69
151
48
156
88
47
67
105
118
58
89
43
133
10
83
53
145
52
7
101
39
98
152
86
82
102
9
68
32
76
129
103
21
22
141
27
128
62
146
75
115
55
17
92
80
127
65
119
160
5
148
116
112
66
77
51
50
23
147
87
4
56
42
113
30
59
44
97
38
96
124
16
18
132
140
71
13
108
94
155
33
144
109
73
123
2
41
84
107
49
29
11
111
61
95
31
-1
EOF
