NAME : sim141.118738.tour
COMMENT : Length = 118738
COMMENT : Found by LKH [Keld Helsgaun] Thu Sep 20 04:58:08 2018
TYPE : TOUR
DIMENSION : 141
TOUR_SECTION
1
55
58
115
98
127
79
88
84
50
60
24
139
4
135
130
78
131
61
46
93
5
138
117
72
137
27
105
33
42
13
22
125
41
109
10
110
128
111
73
16
26
124
3
134
14
35
48
34
95
112
56
66
89
85
51
45
103
100
65
68
81
91
94
74
9
106
28
133
64
96
8
43
122
67
37
36
108
15
29
54
83
49
53
23
12
77
63
75
121
119
57
101
87
104
80
19
120
97
40
62
7
20
107
76
31
30
2
99
70
18
136
25
21
52
118
17
141
123
6
44
11
92
102
59
114
90
113
69
132
126
32
39
82
86
140
38
129
116
47
71
-1
EOF
