NAME : sim501.221775.tour
COMMENT : Length = 221775
COMMENT : Found by LKH [Keld Helsgaun] Mon Sep 10 23:04:53 2018
TYPE : TOUR
DIMENSION : 501
TOUR_SECTION
1
46
11
205
145
359
476
288
358
472
226
352
31
33
14
493
192
277
335
442
379
190
452
429
329
433
166
391
188
337
252
21
303
273
185
91
13
309
10
279
384
369
29
373
25
191
486
212
397
441
98
114
326
475
119
83
314
348
150
364
95
34
399
295
474
245
274
292
492
365
418
495
478
184
412
363
479
210
435
227
151
41
219
74
232
216
47
477
281
238
229
117
96
9
422
16
49
240
458
323
449
161
126
5
302
258
108
189
351
411
234
170
261
445
201
44
301
218
438
420
353
59
459
404
270
317
137
172
104
282
55
289
402
134
383
141
88
378
447
426
93
194
405
366
140
78
473
32
328
375
173
276
307
52
251
53
313
159
403
265
294
7
17
67
483
179
398
237
63
200
135
354
287
453
92
18
464
233
254
86
311
12
157
312
451
336
386
259
164
280
255
129
417
471
146
198
28
121
421
468
494
346
69
423
357
284
214
264
118
230
57
236
368
155
222
487
106
54
8
347
154
333
20
310
178
290
6
407
356
224
23
111
374
263
248
127
241
112
65
162
454
132
24
305
380
482
408
434
43
195
102
448
130
283
181
272
306
27
206
163
338
470
371
153
138
267
344
131
253
3
432
481
497
463
100
160
177
340
175
424
466
107
427
125
332
99
250
360
499
296
73
202
431
242
186
285
395
64
299
37
343
425
48
158
45
430
187
220
116
156
171
415
372
82
39
22
152
316
491
213
406
76
393
390
225
443
315
456
246
396
97
498
269
50
247
339
410
361
308
103
385
382
239
467
61
174
256
217
413
66
109
268
496
38
249
223
243
376
355
71
183
321
485
235
204
322
341
197
291
388
209
115
110
450
101
367
300
286
484
193
342
327
501
461
60
228
89
428
275
30
392
330
370
401
56
208
221
293
437
324
439
298
440
349
446
331
436
77
320
345
203
75
444
381
180
87
462
207
124
169
362
40
123
62
394
70
215
36
257
72
199
416
113
68
58
297
319
325
51
85
42
387
35
400
278
79
334
105
143
133
165
266
128
414
120
196
318
81
377
136
231
182
148
490
90
167
271
469
211
147
19
480
304
15
4
389
176
262
84
455
80
488
168
350
122
260
2
244
26
465
460
489
409
149
457
142
139
419
500
94
144
-1
EOF
