NAME : sim1001.306219.tour
COMMENT : Length = 306219
COMMENT : Found by LKH [Keld Helsgaun] Tue Sep 11 09:51:44 2018
TYPE : TOUR
DIMENSION : 1001
TOUR_SECTION
1
149
287
266
171
152
538
606
932
424
258
150
771
960
851
498
990
59
691
91
196
622
224
100
17
897
566
740
735
944
988
212
744
347
687
746
289
377
126
518
421
241
26
453
244
120
147
180
328
658
597
217
470
830
32
65
486
360
153
732
368
700
613
629
220
842
767
927
309
804
600
651
158
910
446
587
113
260
218
172
387
878
363
745
954
129
832
483
559
135
315
843
19
463
707
148
426
872
154
894
598
605
89
303
178
353
48
3
784
179
117
817
376
99
300
797
855
717
183
876
667
435
329
361
326
274
742
612
905
634
236
610
861
795
558
661
942
157
968
962
202
190
391
591
762
684
215
240
675
787
957
136
879
355
248
685
676
167
549
574
624
33
826
756
747
425
408
512
557
482
372
337
577
145
807
369
709
320
189
422
584
134
417
272
464
322
541
611
349
704
438
418
235
292
345
275
511
528
768
648
460
68
166
30
722
384
413
399
93
259
62
515
608
23
247
806
848
479
118
37
441
407
161
952
164
936
123
530
256
54
61
647
653
295
137
825
192
201
801
232
72
243
250
729
870
317
828
12
513
18
885
884
821
933
434
822
132
552
788
327
844
108
923
442
857
681
163
204
924
521
998
191
219
58
904
652
845
507
791
738
815
503
497
703
253
340
649
757
492
585
294
411
306
467
865
43
371
394
568
491
588
484
420
943
792
519
890
831
252
840
543
604
388
679
83
702
370
695
871
57
390
4
856
222
448
971
155
283
365
811
536
883
793
50
423
625
628
74
775
755
302
761
524
468
945
880
269
151
522
279
977
750
590
818
403
8
730
263
671
765
225
488
332
560
594
56
951
913
874
970
882
516
620
790
414
174
759
312
475
708
666
836
841
245
495
949
130
517
80
853
90
938
490
785
899
773
96
133
520
501
586
915
382
474
2
444
602
46
636
908
1001
404
359
553
969
431
31
537
563
208
331
459
181
846
455
754
699
335
725
193
967
385
782
55
814
810
887
95
268
668
650
451
692
114
378
112
976
770
321
346
142
994
406
110
478
102
534
820
718
41
796
1000
458
229
693
816
764
902
569
662
572
760
953
207
44
712
71
452
454
573
615
233
909
471
550
996
645
802
599
696
656
654
25
527
638
214
682
800
997
926
242
63
301
230
741
626
429
282
576
798
481
416
173
539
77
548
15
392
583
753
655
875
999
223
993
941
688
462
281
342
986
443
701
352
772
227
40
562
640
531
736
298
75
813
920
476
888
984
64
866
366
184
304
766
706
419
60
66
97
82
578
803
49
607
278
277
849
886
209
812
978
546
226
427
931
896
514
210
974
641
176
621
402
195
450
485
203
336
412
39
614
186
397
631
489
439
809
837
505
601
437
348
939
617
991
493
308
461
639
544
545
529
205
961
262
504
934
737
714
20
237
373
893
139
270
965
162
678
330
428
198
324
956
280
465
440
889
131
216
221
354
430
79
103
88
724
264
863
288
502
14
286
540
379
715
410
616
84
881
660
10
665
643
52
580
11
850
228
734
432
87
67
919
116
396
344
758
293
623
808
523
254
165
892
211
903
383
206
995
104
603
436
929
731
739
975
466
296
339
231
487
213
799
673
508
948
958
918
94
979
716
92
238
721
674
115
694
697
711
723
357
525
630
698
670
683
51
819
16
868
713
805
53
469
959
659
257
76
609
449
642
168
456
156
393
592
930
733
323
433
69
445
200
447
499
900
106
946
901
873
891
657
556
343
510
509
752
85
589
34
356
686
341
972
663
182
869
381
783
780
364
777
105
680
234
567
375
290
743
22
690
35
28
318
769
786
159
860
138
719
265
122
877
351
912
705
160
728
911
350
847
619
533
325
895
358
627
547
947
916
472
632
964
185
966
305
101
551
985
835
86
496
199
128
107
42
6
582
596
386
405
720
637
925
921
144
914
197
246
646
81
297
864
982
595
255
125
299
776
338
273
554
73
395
124
672
367
119
644
307
570
727
935
7
127
781
542
575
789
500
188
13
823
564
532
779
535
565
98
409
989
858
506
473
955
141
111
906
862
751
749
834
987
319
284
854
457
794
267
27
922
664
833
618
170
9
635
313
852
140
907
5
981
45
194
47
937
146
389
310
169
380
311
824
271
710
121
276
291
983
839
177
571
187
239
689
593
973
362
778
480
333
940
24
249
334
400
633
917
36
829
928
579
251
561
374
78
555
477
669
526
677
838
992
494
963
950
980
898
748
29
38
398
726
763
415
401
581
261
774
109
867
21
285
70
175
316
143
827
314
859
-1
EOF
