NAME : sim1001.304932.tour
COMMENT : Length = 304932
COMMENT : Found by LKH [Keld Helsgaun] Tue Sep 11 01:16:03 2018
TYPE : TOUR
DIMENSION : 1001
TOUR_SECTION
1
97
701
858
828
46
458
953
161
447
423
937
573
984
809
594
1000
563
259
157
578
34
922
725
128
244
485
760
147
306
66
506
304
533
622
640
193
284
219
152
820
755
374
845
762
220
917
69
218
328
691
682
631
540
325
733
532
196
583
590
32
730
449
498
898
909
405
961
658
17
706
192
990
297
981
165
645
799
530
182
536
275
317
747
140
857
335
997
137
421
107
356
700
516
899
45
181
746
451
626
341
315
310
686
9
167
232
842
440
662
248
740
543
262
271
709
579
915
566
998
971
311
636
765
906
370
822
836
966
183
815
866
756
169
676
398
982
127
164
736
388
245
860
764
978
517
308
291
233
382
979
171
26
71
470
604
511
342
190
142
518
456
263
847
745
955
424
577
621
510
242
907
389
191
58
717
934
211
68
16
41
639
309
81
474
550
986
964
859
962
920
642
644
525
753
433
710
804
589
8
212
585
677
500
716
588
348
618
269
708
608
983
554
565
366
795
53
132
774
22
672
154
60
75
441
494
400
448
413
749
476
102
278
243
267
6
371
40
864
564
989
625
48
912
526
835
94
419
321
293
79
943
846
862
202
93
679
999
870
261
206
464
414
150
491
329
505
522
863
28
637
596
302
780
703
715
446
205
970
698
654
249
613
707
885
754
824
386
54
166
653
487
791
380
976
375
852
652
634
434
349
689
807
489
734
667
338
87
941
903
210
728
670
394
794
331
130
178
184
975
112
595
151
690
867
520
30
544
73
704
385
82
149
337
810
873
748
352
681
133
194
347
300
559
827
18
189
418
403
602
843
638
406
88
163
89
301
357
994
542
19
831
253
570
611
123
865
661
792
823
108
5
438
208
838
908
330
63
582
369
236
141
101
98
33
177
651
363
160
627
454
350
239
472
527
659
802
135
272
853
735
390
226
737
635
283
492
326
769
988
277
778
13
15
20
490
586
299
340
402
359
207
767
693
557
227
992
397
264
70
699
916
844
977
12
787
254
965
221
103
663
656
871
344
776
478
273
719
432
365
502
817
837
848
345
106
668
360
72
581
606
793
803
443
465
555
797
801
948
198
575
85
696
395
834
913
507
923
829
55
240
223
25
250
744
519
379
724
92
185
630
381
523
282
628
893
861
584
251
924
109
257
758
90
739
105
62
435
215
591
450
496
695
176
463
568
619
605
422
996
995
199
818
894
268
933
255
484
420
731
680
919
224
11
241
927
138
687
117
115
959
718
800
148
125
119
469
238
553
655
781
963
930
473
675
891
688
931
572
31
292
877
546
27
705
790
65
714
110
609
298
855
179
114
929
942
850
641
260
318
869
320
816
624
896
882
785
429
840
694
67
482
294
561
180
86
980
612
91
172
947
399
280
721
351
57
195
173
750
669
49
786
918
741
673
660
229
408
78
972
187
779
47
521
203
61
541
214
376
808
875
186
832
305
597
657
648
10
14
417
926
452
480
289
722
883
805
759
711
991
649
497
231
145
131
732
813
854
134
789
967
499
479
620
312
534
812
674
956
274
900
825
821
453
902
188
409
969
266
949
483
614
973
545
21
475
427
396
556
946
343
339
729
607
159
116
692
562
367
738
36
460
551
486
592
346
209
766
77
886
560
888
726
153
890
35
723
985
881
361
235
1001
377
216
806
968
129
839
252
481
954
697
666
876
197
468
467
935
43
936
771
910
958
646
782
38
256
383
684
503
455
851
288
59
914
752
911
727
276
143
391
957
393
270
333
940
234
830
155
279
944
425
974
136
643
23
466
552
290
307
50
158
392
4
29
925
945
712
146
52
576
156
354
616
901
445
200
833
477
222
558
932
788
378
265
713
993
24
939
742
285
358
170
515
246
938
201
574
895
407
353
316
411
571
444
457
39
567
459
814
879
897
281
512
720
811
617
849
336
213
404
664
524
415
364
373
819
174
887
99
3
768
548
334
286
56
921
950
587
426
416
495
856
904
225
509
368
665
113
96
798
671
327
501
384
162
44
442
80
175
111
751
168
610
303
84
431
889
228
217
632
204
763
295
237
531
410
461
878
528
593
685
387
539
322
126
372
872
580
121
757
230
118
951
538
7
683
600
355
51
615
537
437
678
124
323
884
629
960
247
76
650
603
892
874
777
139
100
296
868
74
287
783
313
770
784
599
37
144
508
702
122
462
547
987
841
324
514
513
430
529
569
493
104
761
412
773
743
488
775
504
471
952
880
633
428
332
623
598
601
314
826
439
258
905
362
319
647
535
549
120
42
64
928
95
436
83
2
796
772
401
-1
EOF
