NAME : sim141.118862.tour
COMMENT : Length = 118862
COMMENT : Found by LKH [Keld Helsgaun] Sun Sep 16 03:34:26 2018
TYPE : TOUR
DIMENSION : 141
TOUR_SECTION
1
4
67
63
56
20
136
71
74
139
132
118
53
111
72
96
28
110
61
85
50
37
98
65
52
26
124
91
33
44
89
2
121
129
62
70
134
95
130
105
103
35
29
87
122
16
79
14
127
5
60
100
90
7
68
120
80
54
76
42
102
9
108
51
109
49
92
116
117
93
45
94
138
125
57
126
123
64
22
58
23
46
31
25
30
131
10
17
69
99
83
112
141
15
47
8
19
128
137
55
32
135
21
84
82
48
27
36
81
3
41
13
43
11
40
107
78
59
140
38
66
97
75
77
73
39
6
34
101
133
86
114
115
24
88
18
106
119
113
12
104
-1
EOF
