NAME : sim1001.309770.tour
COMMENT : Length = 309770
COMMENT : Found by LKH [Keld Helsgaun] Tue Sep 11 04:45:15 2018
TYPE : TOUR
DIMENSION : 1001
TOUR_SECTION
1
417
852
488
128
790
997
172
776
352
733
215
194
536
617
883
32
180
92
940
46
38
722
269
71
771
429
340
760
651
533
11
685
865
309
926
632
583
900
272
602
141
723
423
561
96
562
448
283
178
133
135
730
285
544
57
500
3
944
310
449
280
160
97
832
841
427
976
490
851
656
387
290
419
990
618
418
489
333
209
709
924
901
761
653
546
474
381
40
425
992
499
497
565
440
404
15
379
953
854
276
265
230
515
207
206
826
451
232
945
933
127
19
791
867
223
4
642
655
951
458
123
942
793
483
68
364
792
467
969
744
756
210
857
75
275
738
828
2
388
608
304
462
938
858
996
254
705
159
420
931
885
330
700
531
681
376
720
248
23
796
670
794
789
703
18
30
121
5
125
616
704
818
106
904
643
348
480
580
804
253
347
701
863
501
755
687
525
351
915
51
157
455
697
252
176
717
225
601
362
823
78
236
511
199
640
870
76
9
287
868
911
360
896
890
492
739
932
288
588
204
581
673
109
772
270
603
479
586
839
639
706
495
827
142
421
382
916
331
45
16
941
65
861
433
539
598
512
279
414
108
163
686
138
234
840
439
396
413
853
784
61
150
177
345
79
208
662
834
782
503
277
862
450
320
113
324
274
134
893
510
378
765
262
660
822
773
282
891
198
614
162
747
84
369
897
319
711
666
943
311
99
459
956
384
695
478
984
542
484
799
657
962
654
297
675
481
246
846
197
22
634
119
724
631
578
788
214
454
950
718
487
801
264
243
689
715
609
267
393
203
10
669
532
556
373
683
299
259
987
829
124
757
167
764
426
355
227
337
837
300
921
354
473
189
727
785
507
493
53
749
954
443
28
464
713
985
173
543
60
485
182
567
406
120
708
572
47
585
220
579
866
605
516
528
37
920
566
875
971
312
786
386
914
308
734
151
434
906
735
872
6
338
814
336
183
779
509
334
905
568
690
116
20
400
148
930
278
873
328
787
783
524
684
218
663
470
613
245
131
313
674
902
629
169
831
769
894
344
491
222
226
880
233
389
251
636
957
973
432
995
606
190
391
594
626
390
371
970
519
471
146
952
325
646
619
881
102
103
444
401
1000
752
383
577
101
518
115
637
465
925
698
240
315
560
975
667
625
147
740
887
255
408
664
574
895
541
702
416
972
42
321
460
726
82
437
55
805
918
576
622
224
357
547
559
809
36
469
825
168
316
21
291
77
29
392
777
878
205
628
33
306
356
612
25
982
41
672
595
149
856
174
882
913
898
54
212
398
374
161
466
286
261
158
877
505
571
502
910
929
14
797
244
228
946
679
303
238
692
74
553
411
707
8
671
298
774
80
202
745
587
247
140
529
463
305
87
974
494
184
258
66
816
498
991
472
869
989
582
964
506
395
117
780
456
961
824
677
635
438
335
668
909
680
624
452
70
164
508
621
26
504
719
229
514
358
145
318
876
682
239
573
409
593
81
817
366
545
453
696
110
802
12
377
517
736
965
522
342
988
129
819
441
48
69
569
415
778
648
263
807
884
201
599
89
221
835
17
435
375
836
937
549
73
993
216
372
349
436
903
307
195
353
548
936
424
815
523
833
652
661
591
721
889
156
645
100
949
584
107
935
570
981
271
281
170
91
948
811
187
477
534
63
888
86
928
95
658
496
535
257
978
368
402
994
558
130
343
482
302
742
445
644
171
260
196
830
144
844
710
537
407
397
126
186
748
231
751
111
939
72
112
983
346
848
165
758
768
301
31
597
638
181
999
821
13
688
886
879
859
659
714
947
188
235
59
526
604
678
241
410
855
292
527
693
770
800
132
845
166
193
370
105
781
699
7
94
607
922
359
1001
27
136
737
557
820
538
649
295
49
513
530
98
431
326
476
630
242
250
958
62
468
442
842
912
934
219
979
403
175
44
919
838
803
767
256
753
849
380
64
428
611
289
590
754
365
293
137
152
564
743
447
363
24
399
908
83
154
966
725
39
385
998
775
812
746
712
446
843
907
268
729
850
716
977
641
114
810
741
759
650
185
633
766
93
155
927
963
317
322
871
808
34
361
750
461
200
762
540
249
691
968
610
627
600
731
118
211
266
314
728
85
550
273
521
813
296
955
339
43
847
665
959
563
179
341
795
860
520
412
35
592
486
67
552
332
986
763
551
694
899
967
732
237
90
589
50
217
555
350
192
88
323
475
394
798
806
56
864
139
620
430
143
623
284
294
191
58
676
329
122
457
874
892
923
367
980
104
615
917
596
327
422
575
153
405
213
52
554
960
647
-1
EOF
