NAME : sim161.122157.tour
COMMENT : Length = 122157
COMMENT : Found by LKH [Keld Helsgaun] Sat Sep 15 09:30:25 2018
TYPE : TOUR
DIMENSION : 161
TOUR_SECTION
1
4
42
28
96
48
39
160
90
126
36
10
124
115
111
122
133
52
79
32
2
88
43
14
78
113
9
56
130
55
128
44
11
140
17
27
3
142
114
120
73
129
151
116
118
67
54
154
81
91
138
95
30
104
72
18
141
157
84
112
45
135
75
76
145
60
123
58
93
65
25
156
21
69
132
8
137
100
5
29
47
136
77
23
144
161
61
16
22
59
108
158
110
148
125
155
70
127
71
159
53
121
109
38
99
15
82
134
64
101
80
19
20
62
97
7
50
98
152
107
13
26
35
103
119
66
12
102
83
6
143
105
89
34
31
33
147
51
87
149
63
49
85
57
150
131
40
41
117
94
68
37
74
153
46
92
86
146
106
24
139
-1
EOF
