NAME : sim1001.306764.tour
COMMENT : Length = 306764
COMMENT : Found by LKH [Keld Helsgaun] Tue Sep 11 03:03:50 2018
TYPE : TOUR
DIMENSION : 1001
TOUR_SECTION
1
432
391
104
851
720
922
882
624
765
598
445
939
661
124
865
928
634
485
268
81
977
279
131
966
555
274
648
911
189
706
904
970
390
175
296
657
480
420
960
951
238
147
641
181
85
308
437
405
678
806
143
477
538
16
945
199
578
316
963
474
629
424
255
442
871
501
358
170
888
119
893
214
479
659
373
259
663
789
9
863
302
605
191
221
154
622
34
161
5
708
73
70
441
206
352
494
784
378
595
664
169
80
125
768
802
47
466
601
912
781
551
658
691
500
950
129
796
37
995
626
671
599
275
724
835
971
550
799
984
898
228
96
90
385
787
897
987
336
417
991
540
331
524
520
116
919
675
233
798
543
727
482
301
407
413
744
188
899
597
699
440
136
51
180
961
735
545
121
785
470
934
285
320
602
398
123
958
389
834
972
908
252
652
862
948
332
636
200
870
845
179
726
790
572
205
333
685
774
964
600
93
204
607
703
270
710
740
211
568
459
771
892
952
510
207
19
549
679
63
202
74
878
478
41
39
117
357
580
468
743
293
266
968
114
923
986
546
319
471
192
127
644
854
938
713
329
290
817
462
295
31
135
767
359
748
739
690
3
669
141
11
472
265
310
916
256
130
249
985
838
544
930
215
361
244
889
241
287
250
714
53
527
326
536
277
185
299
561
976
213
983
571
946
313
429
220
438
88
811
973
433
651
587
640
219
388
997
212
711
162
101
816
339
382
4
804
689
62
596
149
1001
741
521
475
476
13
569
660
490
396
411
174
392
415
132
328
91
861
942
813
579
372
823
566
353
240
304
635
859
692
171
754
822
324
988
235
40
763
374
998
110
227
631
967
885
509
395
201
989
518
843
628
23
453
29
511
666
72
844
797
25
698
737
166
300
481
827
488
12
105
335
665
558
410
565
809
393
502
650
168
495
621
772
309
800
2
178
683
751
777
996
36
291
399
722
808
956
937
529
458
264
150
944
71
869
243
857
340
164
836
887
20
263
560
512
134
86
778
873
850
649
195
901
465
940
148
152
493
709
929
254
284
821
828
457
402
416
925
379
700
695
860
57
318
272
883
321
573
780
676
507
115
864
450
38
6
190
516
144
532
322
49
209
469
820
837
716
298
486
66
237
643
721
84
839
914
145
452
591
890
42
151
360
356
978
603
705
812
672
715
354
77
294
749
745
109
280
849
592
542
363
323
969
35
609
932
633
684
146
306
881
224
825
282
639
381
408
48
920
913
497
283
257
586
786
794
303
575
165
554
712
921
848
814
553
92
855
52
608
118
729
662
585
348
33
65
8
341
251
218
792
947
688
461
365
746
312
386
884
350
69
44
61
343
317
113
730
902
454
646
590
829
915
376
137
198
747
158
106
246
286
588
943
981
473
183
196
593
642
236
430
245
394
894
366
447
344
315
419
791
831
142
589
139
999
155
262
614
345
305
583
917
625
807
903
186
906
725
451
645
423
231
535
499
718
738
559
377
562
795
616
232
682
102
108
98
653
289
94
570
990
504
76
54
803
677
128
498
874
346
439
384
10
953
43
330
187
824
514
223
530
606
753
750
375
982
752
613
615
576
436
818
523
975
89
426
668
957
111
288
83
122
32
503
842
371
846
446
959
138
539
15
208
830
617
819
369
311
782
30
594
852
810
627
383
618
766
444
409
867
45
60
103
759
965
412
541
704
847
567
612
325
22
177
866
64
193
620
314
67
489
334
455
18
880
226
697
159
632
723
775
637
686
460
56
28
788
242
368
79
278
979
456
362
757
87
406
157
99
519
687
872
258
217
667
556
467
701
933
27
564
97
769
879
21
403
719
160
234
962
584
427
895
230
463
647
900
604
840
760
7
491
764
248
525
654
222
776
557
276
443
281
680
936
761
638
425
630
172
924
905
581
931
877
14
267
927
347
994
526
367
531
515
422
414
935
833
728
449
184
421
182
655
681
492
577
197
611
517
907
82
496
203
513
826
805
563
349
673
528
875
783
78
656
261
506
140
210
176
297
428
194
910
762
260
397
758
858
876
269
974
980
112
522
133
58
993
534
736
216
841
949
702
505
464
909
954
742
100
552
918
856
351
955
537
1000
548
120
891
755
95
731
619
483
292
779
327
793
380
338
547
337
239
693
156
992
75
770
173
435
364
247
868
55
400
253
707
896
717
886
26
68
484
434
153
533
694
582
126
404
574
926
59
387
418
487
801
431
342
355
307
271
17
941
732
273
815
225
107
401
733
696
623
229
674
832
853
610
50
370
46
24
163
167
508
756
734
670
773
448
-1
EOF
