NAME : sim251.154699.tour
COMMENT : Length = 154699
COMMENT : Found by LKH [Keld Helsgaun] Tue Sep 11 16:52:24 2018
TYPE : TOUR
DIMENSION : 251
TOUR_SECTION
1
208
135
169
176
33
74
127
152
113
189
111
93
217
94
119
95
32
78
63
213
177
247
30
13
212
51
92
91
129
144
197
155
232
59
31
165
246
166
178
203
47
116
88
96
62
87
39
242
153
54
41
191
25
34
219
16
22
58
67
85
174
161
36
163
160
122
180
37
109
4
18
182
145
11
249
170
215
167
112
115
53
101
24
56
137
205
190
156
29
35
102
143
125
142
179
218
196
248
251
105
136
221
5
9
57
71
214
10
231
124
76
7
224
45
230
225
89
70
234
14
238
60
223
148
114
126
77
164
75
210
250
61
207
123
73
134
108
23
38
6
235
65
97
216
104
99
69
209
198
162
202
199
151
83
175
185
106
133
193
184
233
49
80
55
81
79
227
240
27
141
138
195
19
245
226
159
201
118
192
82
132
181
15
100
42
149
43
12
211
103
120
50
46
68
17
110
140
20
188
28
2
194
158
128
173
40
168
131
66
171
244
52
146
204
228
139
241
107
200
8
84
3
229
154
186
26
150
130
121
147
117
187
222
157
172
21
243
183
98
239
206
48
64
236
72
44
220
86
90
237
-1
EOF
