NAME : sim251.152057.tour
COMMENT : Length = 152057
COMMENT : Found by LKH [Keld Helsgaun] Tue Sep 11 17:11:45 2018
TYPE : TOUR
DIMENSION : 251
TOUR_SECTION
1
176
121
207
122
250
108
188
159
200
71
26
243
7
218
195
119
12
20
104
158
228
208
151
55
93
66
174
56
75
48
50
177
105
58
231
173
106
179
65
184
127
126
35
118
189
23
225
107
10
149
199
216
77
125
78
67
18
53
11
36
76
132
34
3
246
186
37
88
206
220
25
214
181
238
70
161
54
38
201
155
68
74
60
232
157
185
234
163
190
165
135
221
63
16
236
219
22
144
8
142
80
90
73
251
167
64
114
154
242
97
248
79
49
103
166
14
47
249
101
168
9
128
94
153
29
198
235
116
140
172
170
178
61
83
203
98
194
160
245
15
24
44
46
217
13
6
57
41
164
124
240
213
19
133
193
202
148
39
169
82
27
152
145
212
141
52
21
112
191
130
227
171
91
4
139
40
134
31
162
146
72
131
100
187
2
92
138
205
81
209
237
89
239
143
150
59
45
33
113
137
86
175
223
180
62
28
110
147
136
85
211
69
120
96
196
32
99
224
123
210
84
156
17
5
247
117
30
230
43
42
95
226
129
204
109
111
51
197
222
102
183
115
87
192
244
241
182
233
229
215
-1
EOF
