NAME : sim701.262571.tour
COMMENT : Length = 262571
COMMENT : Found by LKH [Keld Helsgaun] Mon Sep 17 20:00:36 2018
TYPE : TOUR
DIMENSION : 701
TOUR_SECTION
1
402
407
317
542
334
66
411
409
418
408
277
483
580
656
598
508
565
635
690
201
275
21
34
170
152
304
333
83
586
681
324
125
399
514
6
398
138
55
295
87
366
603
453
410
351
682
89
529
451
523
562
461
214
581
492
506
116
263
175
448
584
630
93
163
400
128
503
363
109
274
413
135
426
507
469
112
117
491
421
219
582
172
188
151
103
130
217
221
178
104
71
434
375
605
69
185
627
574
564
99
670
339
677
405
652
213
194
673
285
105
566
113
287
320
189
370
576
350
252
430
452
141
666
220
218
231
80
297
292
40
165
557
433
473
323
359
610
46
589
395
612
133
271
251
22
35
423
406
571
293
623
628
559
654
31
305
183
631
688
637
197
379
509
465
279
296
387
680
470
620
686
679
645
77
521
303
394
587
86
43
691
206
262
196
431
385
101
608
629
490
120
244
548
641
248
533
545
312
357
583
343
17
595
573
609
544
232
596
65
299
2
272
250
253
60
530
651
365
227
311
617
488
155
207
592
417
578
349
269
424
669
588
234
601
20
18
437
284
329
286
526
494
186
208
289
7
361
695
497
39
442
283
515
432
362
467
354
356
438
238
636
457
456
10
173
115
661
190
160
318
179
644
281
267
415
63
614
472
500
493
119
226
525
485
660
127
560
412
504
505
663
634
687
462
255
611
650
403
701
563
332
210
632
464
243
662
97
166
480
463
13
454
5
538
326
330
198
276
140
602
615
245
519
377
169
367
477
489
26
373
532
575
441
561
154
204
355
352
428
613
52
325
674
32
239
534
37
380
223
15
624
247
552
132
75
445
414
646
648
474
38
48
85
260
162
419
150
536
143
54
459
126
92
579
439
91
148
145
675
74
692
460
625
164
73
371
390
33
481
531
518
36
347
502
501
378
68
168
176
570
316
671
550
556
699
700
241
177
321
84
475
547
9
358
202
664
484
59
82
397
486
203
282
266
511
640
639
495
261
294
205
619
280
553
309
57
384
568
300
599
520
78
288
535
446
102
633
12
264
665
382
90
386
236
360
118
543
124
147
182
638
427
478
121
25
192
678
455
19
161
64
389
667
372
621
229
668
222
313
108
344
159
3
67
193
256
211
567
257
558
254
58
88
47
123
539
23
476
528
136
516
110
319
49
549
393
471
122
649
27
233
157
45
658
95
209
41
230
594
114
487
310
482
308
137
315
290
540
672
353
199
425
327
98
171
212
694
572
228
62
258
517
479
618
522
683
597
268
338
273
392
440
291
28
449
696
76
96
401
337
591
156
345
342
655
4
278
224
450
496
376
146
647
153
144
577
225
131
510
607
107
527
215
100
374
134
106
191
512
546
328
11
368
585
606
187
340
24
444
249
335
391
142
622
301
693
322
689
626
676
331
383
30
44
657
396
259
8
56
422
537
53
541
270
458
381
51
551
369
29
524
554
314
180
404
242
184
94
364
593
235
139
616
555
643
642
61
420
167
42
79
429
200
346
604
111
435
468
697
653
416
298
70
443
181
14
466
216
302
436
499
16
513
174
81
341
498
129
348
590
659
569
307
158
685
684
50
698
237
336
240
265
388
195
306
246
72
149
600
447
-1
EOF
