NAME : sim501.219598.tour
COMMENT : Length = 219598
COMMENT : Found by LKH [Keld Helsgaun] Mon Sep 10 23:25:02 2018
TYPE : TOUR
DIMENSION : 501
TOUR_SECTION
1
272
418
242
166
494
61
471
483
234
176
231
425
308
329
184
214
332
375
117
5
109
396
464
58
412
402
398
240
304
430
438
474
41
312
174
72
162
149
462
235
167
372
368
294
387
157
66
359
50
218
455
13
199
461
224
309
287
435
337
26
196
363
385
400
229
388
361
497
195
164
352
236
77
335
324
408
336
148
191
349
475
369
21
295
130
34
237
444
71
466
276
279
469
179
305
374
457
289
392
390
331
118
428
105
64
221
467
140
282
27
60
111
156
159
65
417
433
62
353
139
108
376
306
244
102
325
495
136
88
25
269
270
177
186
410
132
487
56
219
442
339
126
7
217
18
124
440
298
439
445
182
454
317
181
128
129
145
381
347
283
311
120
225
78
313
443
165
485
458
341
416
326
84
154
261
268
472
348
49
470
197
477
103
406
427
489
310
79
257
175
241
423
96
384
255
496
51
30
263
216
14
168
3
285
404
389
38
378
492
426
138
192
320
147
338
150
131
478
448
291
247
405
36
357
362
113
52
112
303
87
55
171
20
354
391
371
393
45
267
89
434
465
110
323
302
172
386
29
321
24
481
450
206
273
92
202
274
249
365
86
185
187
223
12
39
97
290
399
169
246
91
441
370
446
85
104
194
93
327
251
222
22
228
82
437
122
411
19
379
499
330
456
9
227
208
277
233
204
47
95
59
90
345
501
250
63
340
28
403
173
74
203
201
183
260
245
319
366
188
424
68
115
70
67
473
401
16
213
259
491
377
17
429
198
54
447
127
160
278
252
151
367
333
161
409
356
243
42
262
207
420
119
100
498
342
23
351
107
301
15
380
488
31
297
490
256
155
101
143
482
43
394
94
449
415
460
322
46
265
264
258
284
220
452
422
271
125
334
210
33
35
288
226
453
57
248
468
355
413
299
212
293
189
141
493
432
2
296
190
300
123
459
44
397
11
40
414
170
292
158
358
254
121
232
32
133
346
116
10
146
205
152
193
364
451
419
373
83
48
73
6
230
431
281
178
382
280
343
142
76
307
180
318
200
500
106
137
238
436
37
479
350
253
486
463
239
211
484
81
209
383
53
99
360
395
8
286
69
114
215
315
135
344
98
163
80
328
266
144
153
75
480
421
134
316
4
476
314
407
275
-1
EOF
