NAME : sim501.220760.tour
COMMENT : Length = 220760
COMMENT : Found by LKH [Keld Helsgaun] Mon Sep 10 21:35:01 2018
TYPE : TOUR
DIMENSION : 501
TOUR_SECTION
1
16
442
349
38
82
41
487
175
12
395
57
157
263
273
362
471
406
251
159
117
151
464
242
230
248
227
97
416
272
106
161
299
423
338
176
365
447
173
107
332
308
135
434
6
312
65
69
410
495
394
360
270
199
288
335
351
28
414
8
303
100
71
200
319
275
368
452
411
120
381
149
37
31
110
428
367
390
137
304
375
48
208
435
364
33
276
443
454
177
201
225
46
67
297
330
468
397
234
74
70
266
448
396
475
240
10
167
318
222
436
311
309
233
36
101
325
431
165
384
85
323
239
255
169
461
265
22
196
322
374
185
128
470
224
218
122
168
402
102
147
132
405
372
377
267
142
383
479
146
143
59
104
4
498
460
382
53
108
370
284
277
79
103
99
209
62
433
294
112
131
354
418
155
3
295
133
45
98
419
228
66
55
393
144
179
301
376
398
337
262
473
422
291
130
494
480
449
42
358
154
105
321
116
7
94
56
50
427
391
39
463
315
47
329
109
183
118
162
216
91
347
271
207
314
250
115
35
210
88
445
465
221
223
361
324
64
441
174
344
333
401
140
96
477
30
34
253
378
170
331
426
186
152
343
184
278
305
456
286
15
310
244
429
220
194
198
289
195
287
482
84
290
327
339
307
366
203
178
386
491
211
80
500
320
298
231
268
259
89
472
204
246
141
430
359
192
72
126
326
238
348
134
389
18
379
462
280
459
455
215
282
440
437
9
78
43
229
124
478
188
14
136
73
93
247
52
40
481
261
387
439
171
205
489
444
317
408
421
306
486
484
252
483
214
424
476
148
371
114
32
334
237
446
392
388
400
363
409
2
450
24
235
425
451
86
123
279
11
19
145
403
212
457
191
316
111
413
493
63
355
54
5
23
236
254
58
76
60
164
269
474
27
202
373
217
243
285
17
274
121
187
125
257
160
496
300
139
182
352
163
213
190
241
119
356
281
129
313
226
302
127
490
369
404
256
166
469
44
438
453
501
150
485
350
153
497
21
245
172
458
156
189
260
420
353
206
181
417
51
342
29
180
197
61
87
328
345
380
158
283
407
258
412
75
232
138
49
219
95
83
346
296
20
492
249
336
467
340
385
81
415
25
432
399
77
499
13
357
92
68
90
466
264
292
113
193
293
341
26
488
-1
EOF
