NAME : sim251.157708.tour
COMMENT : Length = 157708
COMMENT : Found by LKH [Keld Helsgaun] Wed Aug 29 09:51:44 2018
TYPE : TOUR
DIMENSION : 251
TOUR_SECTION
1
161
49
122
245
250
67
181
172
50
209
31
120
189
145
24
2
116
160
207
105
80
101
52
170
107
182
66
18
47
154
115
43
95
77
251
208
219
22
217
46
48
15
125
30
4
201
137
136
127
26
81
244
7
34
152
235
174
118
121
233
139
243
21
90
231
238
159
27
164
141
247
45
242
65
206
128
224
226
185
248
190
138
3
88
151
74
168
180
103
236
10
132
28
175
5
93
29
163
135
68
177
221
72
8
94
36
173
196
112
194
156
133
157
222
241
78
12
178
144
213
212
191
86
44
187
53
40
16
165
210
89
129
25
33
225
114
124
37
13
106
131
188
51
79
202
42
140
56
229
110
41
246
19
92
183
113
220
167
111
158
123
149
109
179
162
155
239
186
71
91
228
58
223
11
215
96
148
63
14
200
84
198
171
6
237
176
61
234
142
134
143
97
60
146
193
69
126
100
73
98
9
205
147
85
64
20
153
232
214
23
99
117
54
32
197
83
192
204
195
17
216
150
130
39
230
184
227
55
218
104
38
166
203
169
108
59
240
82
211
76
119
87
62
75
57
102
70
35
249
199
-1
EOF
