NAME : sim1001.306858.tour
COMMENT : Length = 306858
COMMENT : Found by LKH [Keld Helsgaun] Tue Sep 11 11:43:18 2018
TYPE : TOUR
DIMENSION : 1001
TOUR_SECTION
1
427
458
618
963
579
527
726
359
226
470
220
104
156
649
654
425
323
910
776
119
685
989
997
483
761
102
194
110
603
114
372
83
797
198
825
529
596
843
531
53
661
860
268
905
670
713
826
522
819
397
117
880
28
751
971
381
813
149
504
953
943
755
265
866
146
745
37
281
289
272
729
140
556
616
567
262
111
238
351
401
239
940
243
141
502
288
461
135
264
514
806
921
897
125
374
337
218
839
926
27
23
305
890
203
532
413
696
347
750
830
217
863
303
781
716
481
7
229
956
526
257
707
513
803
622
702
613
75
332
945
873
181
482
322
10
196
865
782
392
821
414
485
872
591
162
708
739
293
474
602
442
894
573
107
970
313
643
163
302
722
840
912
868
798
475
410
64
736
319
841
258
998
286
677
5
253
932
325
179
42
584
642
376
446
887
294
908
300
619
16
424
86
84
978
182
669
335
686
947
439
142
644
129
725
108
366
46
70
509
68
174
390
918
457
47
48
476
636
116
69
81
916
432
451
450
752
539
205
815
295
564
955
757
375
247
593
906
91
127
402
385
793
101
822
200
935
350
252
95
587
984
208
763
604
715
418
959
455
384
150
472
79
444
167
6
827
914
517
583
416
937
339
576
52
668
695
465
615
723
176
228
438
157
25
693
192
330
621
428
90
964
113
166
420
312
741
361
356
617
850
681
369
520
846
267
679
50
588
18
925
173
533
770
338
365
320
151
412
817
627
12
895
287
360
172
699
189
155
991
614
534
759
958
175
435
907
734
440
629
844
557
224
962
297
85
747
628
728
938
900
660
771
732
516
197
426
396
572
952
103
893
39
72
547
145
499
975
599
835
847
780
436
748
882
92
13
676
785
486
448
408
71
278
682
551
464
249
409
431
383
541
635
992
842
611
58
430
501
802
881
324
563
469
34
250
199
884
178
490
927
466
270
656
112
680
515
477
165
352
773
784
260
357
646
24
808
664
495
99
758
282
809
883
521
49
496
824
934
363
123
624
657
185
423
562
387
370
98
605
311
161
93
358
144
753
233
130
234
867
44
1000
550
15
874
236
917
411
336
317
875
766
122
30
954
368
188
285
276
301
391
345
836
187
746
831
158
777
399
731
922
478
221
404
105
227
131
296
491
331
769
640
899
355
518
26
574
36
508
186
594
452
193
429
21
853
633
106
136
691
62
566
487
152
308
120
231
871
434
55
35
121
460
774
869
45
961
765
775
216
779
876
364
903
309
581
950
663
422
697
735
506
511
307
191
115
134
585
885
362
273
169
915
738
380
353
328
980
484
631
931
77
546
625
965
310
879
586
59
519
727
799
65
453
792
214
548
811
862
638
652
11
674
849
717
933
571
560
637
211
957
545
568
468
801
298
315
292
658
403
977
820
204
987
377
314
274
772
828
148
367
692
421
924
671
659
284
20
118
213
944
974
316
346
463
177
999
415
398
810
133
242
180
647
271
471
195
283
919
266
607
459
371
417
2
494
480
733
705
749
864
778
503
505
433
9
857
201
256
31
966
19
454
578
744
623
43
241
790
540
153
63
255
569
597
650
662
33
473
988
212
405
66
592
678
500
712
184
920
254
407
171
304
299
709
854
225
137
645
223
479
620
565
704
767
742
720
641
889
816
787
976
388
443
718
737
789
768
858
764
41
306
57
139
559
829
100
327
493
246
986
983
437
711
168
318
626
814
207
812
80
783
673
837
549
896
818
555
544
406
861
329
222
786
349
232
942
528
655
512
683
838
832
209
138
648
575
261
639
14
510
968
762
97
580
489
688
8
845
488
632
88
703
321
804
939
949
96
577
82
126
979
608
280
275
690
378
687
543
996
78
124
154
582
994
855
694
973
235
132
61
89
795
898
1001
159
147
251
689
507
128
589
807
393
215
552
754
4
609
56
901
904
22
561
848
877
210
936
553
74
911
400
202
524
237
929
54
394
143
724
665
538
109
536
395
259
823
462
886
590
800
598
888
760
449
326
600
87
244
160
341
570
219
348
993
672
610
982
497
606
913
653
878
834
554
67
948
76
756
3
730
525
951
373
969
909
805
719
334
342
447
269
972
183
612
892
245
445
382
794
279
666
634
796
290
930
206
981
537
333
700
923
17
833
542
684
467
710
701
530
29
714
456
170
870
73
419
995
340
523
379
558
441
263
667
721
941
675
40
38
164
788
343
891
535
902
32
51
291
60
859
651
498
492
985
595
967
94
601
240
630
856
791
960
354
852
698
190
386
230
706
277
248
928
389
743
990
946
851
344
740
-1
EOF
