NAME : sim501.217442.tour
COMMENT : Length = 217442
COMMENT : Found by LKH [Keld Helsgaun] Tue Sep 11 00:01:48 2018
TYPE : TOUR
DIMENSION : 501
TOUR_SECTION
1
388
125
433
110
464
181
235
123
431
11
27
385
21
478
260
479
380
337
4
379
317
140
81
248
47
292
338
354
66
270
378
168
436
22
291
218
20
188
472
72
153
326
438
497
219
114
423
50
287
79
331
145
242
437
103
167
298
443
122
92
271
149
61
477
419
488
205
182
262
369
482
279
476
359
295
347
180
88
311
282
386
309
259
207
400
274
315
58
6
39
329
391
470
15
373
467
164
146
159
187
395
158
314
280
19
231
236
45
336
227
85
399
297
136
356
120
118
150
390
220
323
252
189
458
40
427
384
203
276
269
37
115
43
170
157
425
412
23
496
316
32
275
2
163
138
69
481
93
486
91
60
346
487
225
101
144
169
405
53
403
70
156
204
489
230
397
29
389
142
353
370
165
452
116
263
288
176
74
396
36
221
228
420
355
473
372
368
126
184
446
86
237
277
286
310
112
211
243
301
233
56
480
377
350
448
34
206
352
246
383
82
283
199
127
190
14
349
490
68
148
5
141
84
41
151
398
147
285
334
322
361
401
191
194
365
44
421
119
318
95
113
99
345
266
258
475
17
12
71
278
83
339
485
261
453
193
54
7
469
129
197
130
300
471
175
442
173
483
102
132
133
501
244
289
357
160
360
462
406
444
179
468
268
57
307
51
284
272
139
465
375
493
402
256
303
273
455
77
107
495
38
294
435
319
363
124
422
16
281
264
424
192
382
217
454
121
254
234
185
320
135
394
450
381
59
241
351
484
371
109
409
177
239
13
463
255
100
202
238
80
340
154
28
171
87
466
26
416
494
325
201
253
215
196
445
312
106
94
247
296
3
341
439
76
97
216
451
304
245
330
328
155
408
321
212
18
161
78
143
500
410
64
10
499
440
293
257
31
449
374
195
46
492
343
367
105
491
73
174
474
33
63
429
376
290
302
417
65
178
24
327
198
358
332
48
342
90
232
366
324
226
411
240
434
96
299
415
498
209
210
9
333
25
49
67
265
224
30
364
447
162
418
432
208
393
52
413
166
186
460
461
407
414
308
267
335
172
426
251
404
75
35
430
200
89
134
117
8
249
214
428
305
111
348
183
456
223
441
128
98
108
344
55
137
213
131
229
104
306
362
313
457
42
222
62
152
387
459
250
392
-1
EOF
