NAME : sim1001.307907.tour
COMMENT : Length = 307907
COMMENT : Found by LKH [Keld Helsgaun] Tue Sep 11 03:36:31 2018
TYPE : TOUR
DIMENSION : 1001
TOUR_SECTION
1
467
58
865
427
216
139
351
242
357
505
76
743
533
376
774
113
115
519
598
203
976
175
918
155
373
747
471
414
366
348
625
314
264
653
128
321
939
512
410
218
368
566
862
869
40
163
315
899
750
616
481
20
80
646
856
993
177
952
342
310
631
205
370
176
93
755
204
186
219
568
524
180
645
161
300
714
510
715
285
22
461
891
828
210
654
61
771
231
229
623
202
780
24
621
37
246
839
260
947
901
618
184
694
53
962
38
796
133
832
875
209
632
829
395
607
191
845
494
386
27
722
735
476
506
69
852
761
249
12
969
549
574
130
588
998
394
909
834
759
831
742
816
897
567
154
301
717
430
680
904
459
502
338
243
984
7
25
272
741
79
595
980
504
669
597
622
513
611
45
63
548
82
635
162
770
42
814
388
451
509
599
319
200
889
363
565
212
406
903
415
734
83
955
241
596
47
256
389
871
192
238
442
353
997
125
543
41
119
785
187
967
275
788
923
85
183
457
195
753
961
423
541
188
781
432
77
445
291
280
65
843
929
248
145
693
823
777
606
384
369
931
725
935
769
365
589
503
633
416
950
936
302
81
18
478
626
226
958
726
804
39
603
514
483
417
610
892
333
553
437
458
974
700
627
142
925
640
768
446
580
282
337
392
809
420
19
744
313
956
685
716
266
739
900
141
318
983
121
269
664
798
344
267
991
6
304
800
138
258
917
324
960
883
325
817
147
273
675
894
648
225
73
720
114
257
790
439
489
137
851
561
194
350
92
949
902
401
228
719
946
590
874
676
223
711
570
103
971
214
820
764
783
87
763
799
288
581
354
250
683
501
629
178
328
944
30
356
234
28
343
521
928
937
323
972
803
995
981
199
584
670
615
224
29
822
262
474
498
251
563
679
405
3
443
270
877
329
170
286
402
736
51
271
364
707
507
5
552
710
811
56
895
135
586
668
86
134
749
827
391
667
482
426
933
681
102
686
732
906
911
954
90
104
346
945
307
144
341
807
429
848
88
757
802
359
585
409
690
555
531
830
959
591
306
52
859
600
347
881
468
942
322
812
602
765
293
436
95
536
500
89
824
320
287
473
546
797
754
913
447
425
666
35
211
534
206
861
651
578
284
530
496
34
434
470
124
110
413
355
730
247
872
387
778
404
846
912
703
857
838
59
490
383
227
334
360
407
758
16
345
398
767
379
638
518
529
721
842
296
463
699
487
159
539
520
152
583
740
71
67
444
222
488
292
786
174
926
526
587
772
245
613
393
836
879
867
117
641
235
554
656
840
55
709
866
274
493
887
254
538
244
729
571
279
723
934
608
982
169
454
825
418
858
808
424
657
441
372
673
660
573
283
569
544
688
132
146
701
527
26
854
655
236
658
522
54
957
96
189
98
746
377
844
411
706
1000
419
677
919
999
614
91
252
164
801
624
358
158
619
643
810
168
762
339
692
197
951
617
106
821
724
403
696
381
208
239
996
847
525
111
33
752
50
4
2
352
480
294
930
557
390
963
551
604
308
914
74
855
157
885
728
511
240
217
31
756
448
263
704
556
863
380
14
9
126
884
550
718
143
1001
440
185
882
559
773
547
230
745
647
953
818
849
880
305
663
850
385
776
609
233
560
181
674
545
44
326
207
198
94
412
101
331
396
989
793
317
517
148
475
523
330
15
312
966
276
118
898
193
665
890
564
431
540
299
375
220
327
105
649
421
940
973
528
537
813
577
100
905
908
760
659
449
727
787
826
713
886
107
277
964
731
171
428
910
815
213
938
689
349
362
634
733
466
687
748
941
562
57
13
108
915
975
620
122
17
896
792
853
167
10
835
698
705
542
491
751
977
994
789
644
779
472
878
639
464
399
68
382
278
21
484
438
261
661
492
332
140
336
165
662
23
160
8
535
932
149
112
397
612
805
988
265
116
579
268
979
99
201
630
943
43
868
737
782
361
682
794
992
864
215
795
298
990
636
601
84
702
32
784
129
303
433
985
637
150
893
678
576
123
924
66
738
109
290
221
97
136
465
316
340
450
927
594
697
593
378
486
469
70
575
888
48
791
172
60
708
367
922
49
127
477
479
462
295
232
435
485
499
495
652
237
965
335
309
156
907
62
311
196
46
870
452
628
970
36
460
11
841
978
920
876
281
153
558
179
532
131
806
592
64
968
916
456
371
173
408
455
515
497
775
671
75
695
259
400
422
986
166
819
572
182
253
684
833
712
987
508
642
582
151
78
289
297
860
837
453
766
650
921
255
120
374
190
873
948
672
516
691
72
605
-1
EOF
