NAME : sim1001.307397.tour
COMMENT : Length = 307397
COMMENT : Found by LKH [Keld Helsgaun] Tue Sep 11 02:21:42 2018
TYPE : TOUR
DIMENSION : 1001
TOUR_SECTION
1
65
701
728
680
950
377
142
842
838
808
962
160
105
880
530
666
493
541
990
247
336
677
943
575
264
657
935
621
724
557
48
429
822
119
370
411
881
213
30
417
315
967
27
210
290
884
69
555
241
357
192
66
233
649
138
402
873
639
702
781
604
51
897
756
663
765
574
203
497
667
876
945
49
633
628
913
181
416
984
100
645
720
831
893
5
89
331
178
447
799
583
716
174
592
719
9
267
92
456
991
159
218
601
563
533
96
782
597
691
474
78
925
182
112
259
144
206
615
286
641
2
313
499
911
671
293
481
274
871
688
665
966
369
141
679
745
351
898
952
354
316
82
616
38
812
774
505
544
547
261
736
180
22
821
784
103
632
453
581
536
137
798
333
580
977
10
593
452
956
204
237
76
334
972
828
87
114
480
637
590
496
617
477
383
644
469
924
186
509
33
294
746
42
115
309
758
882
684
669
618
850
542
846
58
363
225
713
328
287
682
730
526
292
121
148
768
126
277
358
832
13
238
298
444
120
532
539
877
61
150
668
624
734
128
689
149
84
273
466
664
26
524
980
619
154
187
589
735
389
749
946
586
44
485
339
974
52
94
890
585
55
36
579
785
750
763
461
710
464
382
845
973
246
942
153
715
968
390
406
164
306
305
933
191
790
856
729
412
955
500
937
301
653
951
165
998
553
18
482
56
262
759
887
914
59
771
348
948
344
954
652
723
596
314
706
762
175
512
234
130
388
297
567
215
792
440
50
899
692
207
613
386
905
472
431
176
77
805
220
53
17
629
696
862
878
889
872
97
350
903
439
45
742
367
813
243
761
71
507
423
673
804
422
630
227
269
752
424
194
741
927
415
446
135
995
769
631
19
508
177
811
823
109
450
8
695
830
140
438
366
340
224
986
442
901
825
494
928
520
817
98
433
471
587
738
992
820
395
841
655
786
570
959
902
997
920
425
64
491
849
54
515
938
670
791
397
117
304
179
503
487
994
608
625
67
965
271
116
815
779
409
674
72
704
478
591
940
110
607
806
739
725
961
486
687
571
495
40
145
342
923
152
303
809
800
275
399
565
700
374
527
642
529
35
744
1000
228
296
449
465
199
463
757
707
127
733
895
75
964
352
221
562
917
57
614
578
479
381
908
23
1001
929
131
265
839
709
375
83
915
434
360
335
662
470
268
47
605
993
548
561
535
904
184
25
572
912
678
511
136
788
368
252
421
341
202
134
718
543
253
311
86
546
106
263
219
173
773
857
837
151
650
775
379
196
214
517
387
634
282
712
356
636
853
12
171
504
346
405
854
638
855
209
483
537
371
875
595
534
361
953
764
588
200
659
21
88
559
280
321
949
353
538
740
407
747
3
999
552
484
248
420
783
647
260
327
31
606
609
501
620
490
827
658
703
796
626
754
748
251
90
372
755
936
753
396
384
810
317
564
455
299
833
874
32
283
205
640
279
896
362
217
385
528
476
326
829
81
751
107
441
694
521
776
122
281
162
844
322
675
906
767
891
545
99
201
34
672
777
378
611
976
307
85
146
364
690
513
222
291
941
245
211
310
731
257
74
865
91
660
489
393
212
947
787
934
554
708
324
502
540
963
332
414
556
242
166
550
705
847
582
285
988
598
437
230
208
139
418
28
95
922
380
726
343
743
506
156
231
516
795
859
467
643
93
73
983
793
944
398
468
858
436
143
789
448
721
169
610
760
458
835
699
347
558
161
236
272
627
916
778
70
323
824
37
355
403
155
24
163
15
308
971
462
921
573
883
345
727
270
158
569
435
981
560
982
235
568
330
930
918
337
603
646
183
816
958
886
498
216
635
147
430
602
686
190
714
683
198
426
319
599
80
960
329
717
129
14
289
63
681
376
510
600
737
276
894
79
932
648
612
770
622
258
68
359
852
6
401
939
427
195
693
661
919
797
766
851
518
885
861
522
900
118
623
419
685
232
654
300
488
391
226
167
240
970
254
969
189
866
408
549
157
864
193
772
302
16
170
349
697
104
432
722
250
295
514
531
124
475
794
869
11
249
197
410
188
428
732
46
826
975
803
404
239
843
373
996
445
870
41
392
656
185
123
132
473
338
284
780
576
256
394
888
978
867
113
229
594
848
101
868
320
802
519
60
168
819
892
584
20
907
400
451
39
43
288
443
987
711
860
457
4
266
111
102
108
879
172
836
413
676
910
523
325
318
255
698
459
818
840
909
989
551
125
312
525
926
931
244
566
651
454
7
807
863
223
801
492
278
979
365
577
460
29
814
957
834
62
985
133
-1
EOF
