NAME : sim321.177843.tour
COMMENT : Length = 177843
COMMENT : Found by LKH [Keld Helsgaun] Tue Sep 18 02:49:15 2018
TYPE : TOUR
DIMENSION : 321
TOUR_SECTION
1
172
22
307
63
102
64
168
297
10
251
112
184
82
312
291
103
198
309
105
46
138
239
211
296
182
26
162
217
85
266
270
30
221
267
130
4
113
37
33
208
92
42
87
195
212
8
52
298
97
84
34
226
234
133
274
277
271
250
129
109
163
258
23
190
107
281
248
60
210
117
11
164
18
3
40
132
20
206
282
25
166
15
214
151
27
106
209
187
287
310
49
275
150
180
228
99
197
304
127
83
176
91
50
181
252
125
79
246
167
47
43
227
6
313
108
224
308
19
186
141
202
67
95
319
303
96
285
185
29
48
245
170
171
220
193
74
126
81
300
144
306
142
262
136
161
192
119
290
279
159
140
16
254
318
2
149
146
293
284
213
200
305
135
76
57
264
268
294
175
183
148
179
240
201
238
157
62
68
115
93
283
232
320
317
288
77
191
153
134
70
278
116
276
154
225
75
145
263
53
88
5
261
236
265
123
12
253
131
273
94
59
316
295
32
230
299
137
173
174
51
65
237
243
31
89
44
118
9
56
160
188
189
223
301
205
80
121
124
39
244
314
231
35
72
28
100
147
289
104
315
207
54
158
194
38
58
122
155
13
71
292
272
169
286
321
152
45
156
55
229
139
235
86
215
199
36
17
165
255
269
218
177
260
78
66
73
302
61
98
242
111
219
69
259
178
222
120
216
114
196
14
241
143
110
257
128
247
280
204
233
256
311
203
21
7
41
101
24
90
249
-1
EOF
