NAME : sim1001.312431.tour
COMMENT : Length = 312431
COMMENT : Found by LKH [Keld Helsgaun] Tue Sep 11 11:52:13 2018
TYPE : TOUR
DIMENSION : 1001
TOUR_SECTION
1
63
668
683
83
651
756
387
482
820
927
243
701
726
586
215
207
892
665
18
293
474
25
56
146
682
144
485
324
130
256
568
211
219
802
620
575
114
503
748
637
38
305
935
707
602
787
478
945
266
425
82
99
297
564
351
309
464
728
532
85
321
969
926
972
329
170
606
192
864
582
225
228
343
698
40
250
685
318
704
73
552
238
955
97
195
396
310
734
692
80
230
124
909
966
454
350
646
780
765
888
642
101
669
727
949
203
889
271
574
162
353
510
799
234
143
486
275
61
703
817
417
204
506
526
936
636
783
870
557
998
483
604
301
581
666
428
944
70
382
323
408
851
745
700
731
816
378
374
542
241
289
257
449
788
108
514
110
366
512
134
129
84
736
285
467
221
535
566
853
296
42
939
287
154
199
462
102
857
730
197
246
612
771
655
904
953
691
911
151
723
951
587
982
786
712
249
128
112
448
885
958
272
481
798
395
708
160
813
714
277
757
267
693
26
392
398
835
415
107
117
572
679
977
104
804
138
758
435
845
444
901
92
157
383
580
432
525
290
755
997
58
613
702
45
72
527
594
336
363
414
10
766
205
570
871
749
710
172
844
632
187
179
818
673
352
509
805
190
858
946
650
625
621
334
489
518
711
847
237
562
471
534
304
530
247
86
311
797
618
838
937
809
273
155
626
928
617
722
508
78
968
477
30
87
622
100
113
839
376
227
751
222
484
200
907
785
34
769
328
127
364
492
186
784
358
46
989
6
593
384
496
20
878
544
388
372
843
837
229
412
670
616
148
595
354
28
121
49
875
168
62
990
469
890
610
15
903
515
418
314
619
891
638
461
806
8
165
830
421
940
896
367
369
53
390
265
407
660
278
916
841
286
943
466
507
856
4
320
764
796
879
978
338
52
479
371
819
746
921
331
973
416
406
488
556
125
189
171
209
210
468
473
446
584
931
848
842
563
491
7
153
75
39
105
77
725
767
833
441
895
12
341
964
886
480
759
737
224
984
761
782
303
370
126
131
699
133
65
634
573
236
686
142
235
910
308
261
688
814
808
569
103
233
811
254
60
420
206
347
647
340
705
560
476
615
832
538
781
499
32
717
877
709
513
545
423
95
740
231
846
348
11
457
823
115
905
511
150
307
914
178
212
607
657
208
690
840
658
979
300
836
166
380
590
504
116
494
431
991
135
389
898
394
794
16
859
194
752
970
882
992
643
917
258
543
164
579
680
629
855
439
147
66
245
803
1000
536
438
493
902
315
849
791
182
743
443
529
220
747
22
654
795
373
136
738
386
442
385
996
283
887
426
974
729
906
812
656
919
800
161
719
623
427
240
677
459
325
141
213
460
174
960
451
175
971
440
173
140
831
419
834
801
458
541
923
279
516
988
193
733
558
188
873
284
567
33
43
445
281
611
826
298
947
158
687
671
262
922
652
13
74
883
667
674
614
137
68
664
948
302
93
932
744
375
362
645
181
288
463
306
854
403
779
36
588
952
807
865
183
472
345
985
260
824
422
313
326
924
967
777
91
79
775
282
156
411
342
180
185
365
678
248
191
929
591
869
519
413
327
312
585
633
601
872
954
975
829
330
894
822
605
635
874
897
139
319
774
589
930
2
410
653
404
524
578
196
862
627
676
999
941
762
242
866
399
987
773
64
31
3
994
554
270
778
294
555
405
603
437
355
98
184
735
132
251
713
551
899
522
918
827
860
810
868
291
981
44
976
216
450
299
269
754
232
672
333
624
609
876
565
379
950
715
957
547
500
456
776
434
539
724
337
959
696
639
90
57
880
295
67
550
965
332
54
662
5
600
339
111
145
825
335
741
292
628
122
17
29
152
47
424
684
548
27
993
505
118
721
697
630
861
537
760
559
317
89
217
501
487
23
852
37
252
549
76
218
391
169
429
59
577
274
689
938
523
120
19
772
520
35
675
344
119
360
533
268
149
14
790
661
226
109
863
753
69
763
397
933
608
995
546
583
521
528
956
48
742
893
770
357
980
470
51
718
255
495
322
792
1001
465
455
21
915
920
223
706
881
409
768
88
96
94
163
436
356
644
963
50
159
663
81
912
720
750
821
884
198
24
592
553
598
942
176
631
201
259
850
280
167
123
576
498
815
316
106
913
400
361
244
596
202
452
793
908
475
789
681
934
649
641
561
716
359
571
597
447
640
739
393
214
453
264
490
349
263
962
986
239
531
381
497
502
961
925
732
983
828
41
659
401
55
695
368
694
346
402
900
599
517
430
540
867
253
377
433
648
9
71
177
276
-1
EOF
