NAME : sim141.116982.tour
COMMENT : Length = 116982
COMMENT : Found by LKH [Keld Helsgaun] Sun Sep 16 04:03:24 2018
TYPE : TOUR
DIMENSION : 141
TOUR_SECTION
1
9
106
29
96
78
105
137
66
26
16
35
18
117
79
84
132
7
75
81
61
20
57
52
94
136
45
41
53
12
37
83
17
23
64
113
101
2
88
50
39
82
27
127
120
85
109
107
36
6
48
131
14
59
25
125
123
92
43
34
138
15
31
130
5
32
65
54
93
80
128
103
134
40
86
38
108
77
3
95
47
63
122
133
111
135
68
71
126
72
124
11
13
49
28
42
56
70
67
44
62
58
139
102
110
73
51
116
87
119
99
114
98
69
115
112
21
30
22
100
55
33
46
121
76
140
118
10
19
74
4
89
90
104
60
129
91
24
8
97
141
-1
EOF
