NAME : sim1001.307629.tour
COMMENT : Length = 307629
COMMENT : Found by LKH [Keld Helsgaun] Tue Sep 11 13:34:06 2018
TYPE : TOUR
DIMENSION : 1001
TOUR_SECTION
1
398
684
569
117
83
540
862
495
60
75
365
308
90
216
13
630
749
796
674
655
170
411
568
303
914
652
393
281
709
940
602
322
146
316
705
769
963
945
667
269
836
44
852
474
497
469
333
4
501
124
581
726
143
803
703
571
153
595
349
84
573
325
467
682
96
402
738
809
970
859
172
937
26
873
953
438
991
118
908
998
930
952
845
99
816
519
854
690
434
506
822
786
762
773
739
38
155
524
21
12
921
889
706
166
291
885
320
907
770
468
820
98
681
89
45
62
782
956
547
93
452
433
644
114
715
454
866
429
68
744
14
878
835
692
906
184
566
943
565
771
362
428
969
252
339
265
742
979
686
872
234
505
604
971
254
431
312
204
259
650
613
743
917
799
233
527
353
666
239
891
562
683
975
87
616
846
745
451
973
974
119
533
637
305
407
58
421
321
546
231
900
899
462
369
592
942
371
994
729
489
338
142
631
664
625
983
810
485
928
951
861
544
328
792
415
555
304
285
811
897
144
17
405
521
158
589
754
441
136
493
18
627
840
52
922
982
472
639
210
539
49
713
867
960
765
67
583
6
694
764
149
918
888
388
927
640
27
936
995
154
350
511
36
230
437
821
40
215
804
780
508
938
8
554
61
183
130
237
105
235
626
661
634
358
933
748
635
935
901
24
492
479
208
557
732
741
594
268
828
379
422
386
488
461
48
876
920
148
717
597
293
665
47
860
926
893
753
232
623
163
35
999
572
869
445
249
632
805
670
435
605
247
849
464
985
311
176
262
558
253
2
397
209
261
699
593
714
964
81
570
317
139
829
685
193
579
777
817
648
532
688
341
864
33
608
43
536
487
300
733
399
278
757
410
127
614
825
29
376
697
77
913
151
728
727
988
246
601
609
177
987
318
440
447
831
870
481
22
695
903
549
702
476
657
55
263
731
740
512
553
382
545
813
855
213
617
345
671
456
91
202
997
374
865
611
818
160
680
50
874
517
199
423
390
195
490
756
306
959
174
424
868
909
109
758
622
550
638
620
778
884
662
324
330
510
965
450
716
548
122
223
735
691
629
1000
236
19
925
797
856
585
704
185
156
954
42
240
64
894
607
788
360
947
880
103
221
186
420
171
848
59
287
310
352
802
794
295
785
679
767
65
226
51
108
832
910
470
270
923
514
86
791
660
187
896
543
97
267
795
273
949
145
70
948
886
191
430
197
375
364
92
203
128
531
580
319
229
606
196
582
359
198
977
844
839
46
344
417
101
381
188
228
449
633
482
140
499
596
646
357
37
157
807
444
383
392
115
427
598
905
939
483
475
340
135
718
929
941
843
57
201
251
133
152
600
653
559
244
256
413
552
698
658
1001
207
10
279
425
384
502
663
299
222
779
227
442
750
112
11
574
561
509
301
190
167
708
993
772
416
875
619
504
530
877
950
881
575
486
448
564
289
446
961
337
523
981
477
967
700
576
453
178
20
401
931
724
500
801
82
473
976
812
334
711
414
766
496
847
734
588
332
331
992
529
610
286
395
219
833
212
895
394
672
389
150
834
808
192
751
214
257
837
725
182
719
315
887
871
455
471
980
919
924
238
647
615
628
978
541
211
853
439
618
830
385
515
642
763
111
372
378
654
911
649
335
7
643
74
577
95
591
863
838
224
165
712
80
806
346
432
79
603
675
32
354
266
551
841
147
781
125
958
507
968
460
760
898
120
28
217
459
264
25
181
271
720
162
323
123
102
370
297
391
775
380
518
491
494
132
556
826
327
88
220
179
707
737
498
946
367
621
189
66
296
669
823
790
418
850
542
63
419
851
54
329
302
567
169
242
258
915
676
408
396
673
687
41
100
824
343
280
206
56
466
104
275
513
457
534
129
218
458
857
180
793
110
292
400
131
890
30
696
815
16
113
274
774
69
636
194
200
721
290
560
986
272
957
23
659
465
348
342
966
955
366
9
882
736
15
944
827
996
624
612
858
347
520
723
31
406
522
902
693
934
134
528
984
759
426
656
463
116
356
351
377
480
883
590
578
538
537
409
526
800
5
584
241
912
106
651
730
722
276
990
436
336
761
138
478
747
121
314
641
355
361
503
710
373
76
678
814
412
535
309
260
159
161
245
904
243
34
879
173
525
175
989
789
776
516
587
282
225
484
298
403
645
916
168
288
326
137
85
586
784
39
962
404
701
798
892
248
3
141
787
677
668
313
599
283
78
443
563
294
387
72
752
368
71
107
250
842
819
126
689
783
768
277
164
284
363
73
307
972
746
94
932
255
205
53
755
-1
EOF
