NAME : sim251.155800.tour
COMMENT : Length = 155800
COMMENT : Found by LKH [Keld Helsgaun] Tue Sep 11 17:30:09 2018
TYPE : TOUR
DIMENSION : 251
TOUR_SECTION
1
38
226
36
66
168
74
41
251
194
216
84
218
112
145
160
9
227
83
123
148
196
60
235
248
114
49
239
65
158
119
67
193
42
228
229
174
61
195
245
24
230
87
94
15
162
88
95
16
30
11
138
213
17
73
33
225
234
134
8
153
165
192
10
63
184
180
47
210
93
224
240
126
64
150
212
21
221
20
199
28
69
169
209
233
86
244
62
81
208
191
231
125
68
7
176
186
131
117
149
90
122
159
188
115
27
128
76
171
97
205
104
215
105
72
172
189
132
43
5
19
25
103
109
59
202
164
139
121
154
214
50
45
79
198
75
82
57
14
102
143
51
127
4
91
99
151
181
58
217
120
2
116
46
135
238
137
96
190
35
241
107
152
129
98
173
201
243
108
146
92
6
179
177
22
13
106
71
48
44
118
206
53
133
56
185
29
111
236
155
31
246
89
249
187
144
157
223
178
23
222
77
183
207
101
200
220
232
247
32
52
55
147
40
100
203
163
34
18
140
242
136
197
219
166
12
237
39
85
80
3
113
110
170
161
211
156
204
130
54
182
78
37
175
141
142
70
26
124
250
167
-1
EOF
