NAME : sim501.216501.tour
COMMENT : Length = 216501
COMMENT : Found by LKH [Keld Helsgaun] Mon Sep 10 20:49:37 2018
TYPE : TOUR
DIMENSION : 501
TOUR_SECTION
1
107
228
134
255
268
11
494
471
188
225
97
45
249
348
46
342
484
500
202
445
373
390
452
141
427
103
10
29
181
392
71
57
104
491
447
349
33
194
12
334
324
320
42
357
177
316
385
280
72
294
168
477
435
35
257
174
476
381
413
208
73
308
111
369
297
277
470
152
118
356
17
26
216
167
412
292
388
341
237
311
372
496
106
205
441
269
193
436
497
175
58
273
437
137
403
253
443
383
85
186
179
158
321
219
8
15
184
7
75
144
236
241
456
408
43
50
287
368
245
31
165
482
74
375
189
160
446
315
211
472
432
244
438
155
162
499
485
64
254
2
283
288
135
440
371
27
82
434
90
44
274
198
362
328
38
14
411
423
156
304
467
55
454
101
25
410
133
258
76
221
70
431
18
171
281
222
163
170
24
40
231
417
89
201
115
327
93
105
263
187
261
264
66
240
229
148
339
227
397
422
95
475
32
246
359
116
450
51
67
223
306
190
5
149
278
282
279
479
501
366
365
409
389
266
493
180
290
92
453
289
78
352
77
143
460
120
217
336
9
457
489
248
487
68
220
421
382
113
114
486
56
100
61
30
344
87
451
207
276
124
420
131
256
49
226
473
468
395
358
364
206
47
367
21
210
351
353
407
414
63
140
28
490
428
461
251
455
161
360
418
291
153
400
478
406
39
337
444
343
102
204
433
122
404
60
250
346
127
195
480
59
384
387
129
259
94
238
462
317
36
86
182
376
302
119
13
54
166
312
310
495
442
145
463
354
53
197
151
233
19
286
380
466
126
416
224
247
173
305
199
88
230
271
260
331
326
295
270
109
415
355
108
62
424
386
448
492
138
150
449
52
178
69
22
83
483
235
401
313
128
430
333
65
110
169
285
319
176
459
419
159
347
185
338
284
232
98
350
345
307
215
340
200
34
465
96
20
394
242
147
252
213
79
379
318
265
234
81
172
218
374
157
121
429
112
325
123
399
377
469
3
361
393
391
80
117
300
132
303
142
481
293
209
267
309
48
16
4
183
243
130
439
191
203
405
363
298
299
23
91
196
458
330
99
335
164
146
37
488
378
323
296
154
136
84
212
139
262
301
464
498
329
398
272
402
370
474
125
426
314
322
214
6
275
425
41
332
396
192
239
-1
EOF
