NAME : sim1001.311532.tour
COMMENT : Length = 311532
COMMENT : Found by LKH [Keld Helsgaun] Tue Sep 11 02:47:39 2018
TYPE : TOUR
DIMENSION : 1001
TOUR_SECTION
1
464
433
540
116
494
902
250
301
655
972
518
87
280
548
18
713
649
214
120
124
656
163
28
989
13
846
36
768
803
911
861
12
711
801
29
74
5
274
172
783
138
678
733
622
885
50
76
863
524
65
51
662
258
657
86
688
31
532
142
84
684
777
15
631
121
300
156
833
722
315
317
809
624
357
592
283
472
73
804
964
746
181
213
302
877
931
257
16
815
430
388
824
89
129
176
957
864
760
709
704
437
754
275
650
896
150
160
544
636
586
811
123
797
166
489
820
139
191
651
151
970
873
293
723
72
930
164
876
716
133
569
635
975
135
598
330
506
701
46
812
613
510
549
236
345
26
459
987
225
39
238
117
442
564
858
92
998
687
752
715
977
593
473
406
281
7
718
347
389
447
922
282
242
130
2
527
526
411
82
263
588
952
467
267
516
215
955
367
70
366
328
976
270
786
799
319
349
891
204
324
640
934
272
576
170
223
512
492
147
830
869
821
298
929
679
174
148
79
404
482
479
627
239
90
44
374
523
617
292
268
648
541
618
965
778
817
209
792
584
384
663
311
958
753
644
671
157
149
431
992
187
416
762
377
805
782
9
744
978
960
740
55
784
399
827
322
676
341
146
750
119
216
201
947
692
951
587
623
511
403
725
1000
356
785
125
660
514
890
886
43
167
645
320
562
594
192
441
254
702
418
306
909
855
334
314
504
608
143
162
927
732
169
98
758
329
642
14
988
485
675
969
332
525
426
857
355
707
553
108
179
434
266
205
515
178
412
589
217
387
798
261
836
386
496
439
313
410
110
502
800
122
351
375
695
829
486
591
918
814
828
480
840
112
629
905
571
401
338
305
867
352
628
991
521
771
207
610
33
393
63
102
981
400
599
424
24
875
88
566
229
427
825
221
428
802
52
443
154
664
859
941
127
691
843
790
448
563
818
247
643
421
460
575
822
990
318
198
327
634
383
271
423
967
616
342
3
971
56
693
872
101
62
893
751
140
184
973
507
457
747
851
919
469
853
304
781
474
542
118
113
666
888
397
997
602
202
685
531
251
348
923
256
683
398
866
641
440
37
632
579
765
141
841
770
737
331
193
241
513
985
908
831
432
468
940
984
350
208
842
574
255
966
323
462
27
738
974
60
71
609
407
466
203
4
95
900
910
465
453
938
517
870
878
529
370
276
354
620
491
309
128
458
206
835
734
35
446
914
99
837
42
436
211
303
145
321
100
741
763
488
59
856
182
519
561
756
137
647
295
944
535
963
212
228
595
475
968
845
668
883
600
942
66
871
455
83
346
948
244
698
895
928
435
57
522
892
719
48
445
186
195
612
879
136
865
240
826
681
945
568
333
667
80
810
748
91
538
340
290
983
999
673
371
697
11
429
757
745
582
932
224
476
497
735
105
686
396
710
96
253
296
570
881
159
567
626
868
478
483
937
115
907
731
262
926
764
373
477
625
131
597
265
813
939
539
834
405
378
637
381
415
47
534
452
848
297
180
906
273
959
780
901
289
249
362
728
1001
394
880
408
950
904
233
672
444
884
134
97
336
556
560
933
874
22
986
32
109
680
246
237
850
402
161
739
106
596
498
852
17
743
653
611
646
954
552
832
724
721
104
420
956
915
899
493
696
61
573
107
500
365
173
470
665
838
414
312
487
543
860
555
819
153
793
481
438
903
259
222
946
284
775
912
382
913
996
766
499
638
773
325
654
882
395
925
659
703
379
307
705
720
759
277
791
417
264
94
337
615
197
690
953
425
30
461
165
677
155
471
279
854
590
578
670
736
537
85
993
200
920
619
558
528
111
413
533
190
231
287
577
559
114
726
796
839
41
706
682
227
103
503
727
795
54
605
409
353
921
252
606
175
359
794
210
450
806
520
194
749
501
936
77
652
199
557
158
171
565
816
730
226
889
278
68
339
392
23
547
509
614
508
772
220
361
601
604
235
232
8
463
454
742
456
218
633
196
674
299
530
21
188
823
779
714
994
451
699
761
126
808
285
58
185
310
844
234
152
982
669
10
40
288
545
243
376
694
385
364
326
551
343
316
391
708
248
979
580
230
308
81
19
787
661
335
546
75
269
961
980
132
505
449
53
585
78
20
581
607
935
700
294
897
6
949
847
286
419
924
38
849
630
219
183
360
658
380
554
189
894
621
177
916
484
788
363
344
769
245
49
168
64
583
776
45
536
898
490
34
755
369
717
291
93
689
712
807
774
789
422
639
495
25
862
260
368
144
358
995
390
729
372
572
69
603
767
917
962
67
943
550
887
-1
EOF
