NAME : sim501.216605.tour
COMMENT : Length = 216605
COMMENT : Found by LKH [Keld Helsgaun] Mon Sep 10 22:33:17 2018
TYPE : TOUR
DIMENSION : 501
TOUR_SECTION
1
161
40
410
400
494
296
103
178
310
99
214
257
56
422
441
254
97
72
329
493
157
14
210
156
488
336
230
348
267
342
169
249
289
117
146
54
333
173
18
464
128
434
203
394
319
16
276
357
490
316
372
69
64
219
208
401
470
301
346
162
151
127
226
110
457
143
501
241
331
121
265
390
58
152
71
170
224
174
243
429
264
468
415
85
374
375
242
324
215
282
98
132
10
30
24
343
489
367
238
474
91
308
185
33
330
93
446
377
183
34
204
26
255
294
473
13
192
158
263
140
62
3
164
368
425
317
313
275
237
125
111
478
19
409
144
421
73
207
323
355
433
428
113
352
112
287
82
149
76
212
423
105
500
2
196
345
213
120
197
362
42
381
96
283
166
28
118
378
397
444
200
271
83
403
41
486
50
115
327
292
364
442
393
223
407
106
171
416
365
304
244
130
195
60
395
139
318
251
279
12
94
211
382
23
218
451
443
418
142
228
344
39
435
66
182
233
398
277
191
492
306
363
102
385
27
495
359
35
21
141
459
239
402
122
116
351
57
70
269
426
399
137
347
285
456
100
280
461
236
371
87
361
202
22
225
240
312
424
114
482
479
55
460
119
481
463
360
154
180
194
86
412
248
491
190
356
325
90
281
334
379
469
109
80
349
217
68
9
262
453
472
25
259
252
8
414
134
320
206
476
63
354
286
300
498
176
179
187
172
268
315
175
298
467
392
454
181
339
297
448
81
188
15
341
184
229
46
75
413
462
101
497
256
199
150
353
145
370
272
427
246
84
177
135
92
452
258
253
234
376
165
411
483
499
455
350
198
250
108
291
61
450
216
155
417
391
419
126
79
303
311
260
17
326
160
328
104
322
396
136
465
77
49
205
209
496
475
153
129
44
227
133
131
201
235
20
221
305
445
369
288
408
440
284
458
168
29
436
480
231
380
430
373
307
477
138
437
487
222
247
309
43
53
290
405
431
67
31
107
59
48
466
51
78
386
340
167
95
337
447
302
6
74
88
261
36
11
148
404
232
37
438
295
471
147
293
332
314
193
338
89
7
220
189
439
45
273
449
186
245
387
383
266
420
47
321
358
32
159
335
432
485
389
384
4
124
388
484
366
123
299
278
52
5
38
270
274
65
163
406
-1
EOF
