NAME : sim1001.308254.tour
COMMENT : Length = 308254
COMMENT : Found by LKH [Keld Helsgaun] Tue Sep 11 00:47:33 2018
TYPE : TOUR
DIMENSION : 1001
TOUR_SECTION
1
2
713
552
342
663
452
585
536
857
490
479
329
277
127
754
338
74
172
79
759
591
512
114
356
149
141
136
706
419
978
170
314
563
352
435
430
287
43
100
397
322
267
611
650
916
264
865
70
27
87
607
580
574
246
967
832
505
922
388
117
926
670
514
424
502
581
401
76
526
565
125
184
454
613
544
983
202
373
998
280
471
573
412
140
588
619
924
655
944
981
737
654
99
500
195
166
22
40
285
304
680
578
719
616
700
892
320
82
885
511
875
507
179
816
389
927
556
976
399
265
758
421
213
752
374
363
722
289
937
226
169
772
868
778
328
968
393
178
829
123
653
800
817
910
458
67
309
740
900
23
622
391
589
491
121
50
629
163
873
442
724
902
211
28
635
428
735
664
281
678
105
872
48
182
11
151
522
803
777
29
385
781
252
643
688
73
284
854
423
135
335
604
542
53
793
669
791
323
306
915
819
562
623
954
783
216
112
205
278
886
841
209
660
235
603
431
351
340
971
835
493
344
477
640
146
475
618
171
111
307
336
312
51
313
516
771
792
861
220
337
371
330
38
784
942
908
390
745
674
787
253
42
26
339
294
501
238
72
904
148
850
369
347
708
370
932
813
790
891
804
796
929
364
231
3
649
667
467
155
207
92
716
244
386
402
7
341
648
984
693
564
455
366
668
646
575
98
343
696
550
422
609
418
810
923
965
811
864
290
484
119
907
683
730
57
194
451
750
712
631
767
236
905
579
186
992
311
548
350
138
19
487
32
637
656
24
899
480
334
718
966
245
368
482
599
210
590
893
853
129
953
681
81
446
310
692
883
346
634
191
36
736
438
249
325
345
862
96
955
296
770
687
840
255
782
525
69
188
34
529
912
282
959
594
818
354
595
958
802
645
715
436
540
894
874
497
469
192
259
269
359
398
462
557
131
362
821
44
952
187
705
986
808
481
960
381
549
274
441
845
68
215
21
286
410
979
539
88
49
541
510
5
553
610
702
403
881
483
785
969
703
263
234
732
355
620
107
113
217
152
994
625
921
56
360
204
203
429
425
842
118
288
644
940
768
748
63
592
95
65
815
115
383
717
168
108
524
559
647
156
691
756
133
920
164
240
943
689
420
444
897
779
558
258
867
434
273
809
652
6
147
37
416
962
554
212
528
177
606
520
608
534
877
86
535
775
54
276
682
453
1000
945
268
30
60
292
262
586
551
876
476
951
569
545
174
931
142
299
303
698
537
763
301
973
913
271
543
659
91
701
769
183
239
600
975
570
961
624
232
250
104
898
488
1001
134
190
181
695
597
533
572
55
224
852
439
449
666
827
478
513
293
489
671
658
473
503
843
9
495
860
496
357
437
193
751
972
150
243
361
799
576
46
447
251
90
508
197
956
901
372
199
494
353
515
295
198
786
743
349
256
633
887
395
31
405
20
882
657
242
180
726
970
532
587
982
384
626
214
17
728
324
828
704
527
812
260
760
880
530
636
729
411
78
866
45
58
999
805
673
71
677
823
387
642
638
933
846
315
531
254
871
906
641
831
97
8
279
61
130
257
837
721
116
621
723
348
987
378
566
376
227
297
498
380
377
517
684
538
413
230
859
935
547
302
798
173
316
890
175
77
957
727
66
632
16
938
993
247
470
272
159
109
925
492
838
432
18
440
521
93
990
555
474
593
331
25
519
106
878
221
14
225
153
863
321
237
176
208
154
918
47
457
731
734
103
997
820
64
379
327
167
814
824
825
679
582
963
128
283
332
746
270
84
834
851
847
596
630
917
110
504
615
627
333
392
949
675
989
305
317
189
699
797
4
617
407
733
201
139
241
463
124
686
472
561
137
308
415
774
720
456
122
858
844
298
59
568
639
228
794
665
39
661
753
744
12
394
41
711
485
848
229
694
319
690
433
13
757
612
35
909
358
911
157
158
948
601
560
461
980
318
546
465
738
849
160
903
375
33
830
409
602
974
275
75
879
161
62
836
598
855
936
145
266
662
448
766
919
417
162
930
222
889
714
888
806
747
165
869
102
651
914
396
628
776
206
964
300
185
764
120
765
426
672
427
709
833
762
404
408
518
218
196
460
795
523
773
614
928
52
988
468
15
450
761
126
365
801
291
947
10
80
822
755
977
676
571
261
985
83
934
499
946
89
509
996
445
85
896
219
94
144
382
466
710
414
583
143
856
685
584
707
406
839
486
605
739
749
950
725
101
895
780
870
939
788
367
132
567
807
506
326
464
941
233
884
991
443
742
577
697
741
826
789
223
400
459
200
248
995
-1
EOF
