NAME : sim161.121837.tour
COMMENT : Length = 121837
COMMENT : Found by LKH [Keld Helsgaun] Sat Sep 15 13:39:32 2018
TYPE : TOUR
DIMENSION : 161
TOUR_SECTION
1
59
141
116
84
6
51
9
81
101
70
75
151
8
36
49
100
53
145
2
135
23
67
128
30
40
143
48
130
158
144
79
94
19
110
88
82
124
89
41
97
15
74
93
150
24
31
104
161
43
7
32
122
106
58
46
91
133
57
85
22
125
20
11
16
60
80
92
77
14
28
139
72
61
71
34
10
64
25
118
50
105
55
63
146
155
136
120
138
21
140
45
44
38
12
86
47
83
54
142
99
154
127
102
13
134
52
117
114
87
27
39
132
26
90
131
108
153
109
95
29
98
33
5
103
157
159
78
66
111
68
73
113
148
115
62
76
119
123
4
107
17
129
126
149
160
42
37
137
121
18
96
112
156
65
147
35
3
56
152
69
-1
EOF
