NAME : sim1001.304191.tour
COMMENT : Length = 304191
COMMENT : Found by LKH [Keld Helsgaun] Tue Sep 11 16:09:43 2018
TYPE : TOUR
DIMENSION : 1001
TOUR_SECTION
1
48
565
302
764
45
857
99
93
606
579
932
875
583
270
53
489
753
621
796
576
608
42
667
6
761
896
512
749
617
295
425
357
577
772
574
743
516
266
107
805
926
483
938
515
562
917
227
350
410
700
325
738
555
850
331
467
835
918
12
336
626
472
95
288
991
188
670
504
212
801
122
142
560
116
881
783
29
54
41
419
968
484
870
727
914
690
614
859
767
340
990
81
375
831
569
755
825
105
846
681
736
731
413
76
426
832
75
140
327
961
256
993
537
776
852
427
513
664
316
326
810
235
271
563
946
970
474
304
446
391
267
73
403
388
343
688
904
278
528
346
556
610
934
877
365
759
567
869
181
693
25
638
245
689
561
205
978
254
396
455
962
928
894
793
87
421
8
663
745
510
491
972
844
138
383
193
587
658
164
856
995
607
900
229
744
332
960
716
429
836
238
882
899
725
711
111
733
909
520
133
361
57
77
784
672
573
341
115
678
167
359
298
652
384
308
675
68
201
858
204
485
263
647
323
592
16
802
498
370
192
222
428
919
939
906
380
817
952
97
757
706
65
571
31
344
150
88
109
775
699
218
984
981
330
888
104
580
113
348
811
22
479
37
253
963
695
774
780
781
851
541
632
149
853
828
730
219
726
747
411
114
684
551
124
119
897
110
748
967
174
591
210
692
314
521
495
838
406
10
394
211
402
70
893
78
32
35
101
543
499
883
884
795
942
328
525
449
347
379
51
871
94
865
443
126
923
176
249
935
158
275
763
631
367
281
785
843
3
868
982
622
954
920
575
342
366
18
676
891
674
14
269
454
17
292
237
23
145
568
925
355
408
812
300
985
564
7
953
412
886
433
223
435
441
358
847
381
251
134
129
673
927
717
153
987
463
268
493
964
233
791
108
707
27
933
535
306
600
86
601
532
21
861
257
459
559
173
997
999
13
643
931
144
280
531
85
800
669
264
809
501
511
492
842
400
317
656
378
273
183
898
705
523
398
686
352
804
803
244
39
979
604
547
937
439
324
723
770
224
442
9
487
247
64
654
436
983
462
312
125
321
36
450
147
650
46
505
24
696
701
141
885
160
519
653
905
808
548
130
207
728
55
175
756
289
773
992
819
814
633
922
553
374
447
417
685
703
771
661
635
369
729
351
416
248
702
554
250
546
89
231
30
902
259
154
594
874
215
966
286
56
50
955
644
651
671
552
994
194
615
241
872
387
827
522
407
339
544
765
666
162
28
480
377
448
769
824
225
514
397
96
236
645
322
948
422
445
599
797
533
820
297
721
123
71
545
166
530
840
880
876
509
829
362
929
496
907
694
143
34
965
598
854
709
538
234
47
354
754
949
209
719
620
628
782
680
936
303
156
190
180
878
786
72
52
171
453
1001
372
712
385
265
291
912
507
478
195
540
640
975
456
82
206
311
830
490
581
609
335
506
309
655
566
49
657
813
310
163
189
285
500
434
605
989
595
98
921
220
758
973
392
152
623
415
593
33
197
38
539
659
208
137
468
737
636
720
191
452
470
66
58
941
950
996
944
823
79
353
320
724
128
172
752
597
146
5
768
228
457
841
613
469
40
837
642
329
418
915
778
301
481
715
710
766
590
629
779
890
734
683
20
118
136
889
762
217
589
103
121
389
131
986
157
460
735
794
834
431
821
974
639
822
662
199
873
283
213
508
807
476
200
260
262
404
862
337
584
282
913
572
930
315
334
202
255
988
239
788
976
624
482
373
203
867
497
634
84
895
61
611
161
274
799
557
196
596
243
451
386
911
816
864
252
401
139
395
279
746
364
903
461
549
360
790
170
276
845
558
102
959
630
969
892
444
240
198
74
293
318
294
570
649
518
216
951
349
740
91
19
627
648
527
806
848
815
958
742
704
787
420
186
646
550
750
494
242
943
424
668
127
980
368
924
44
438
307
169
760
423
246
458
945
524
637
399
739
437
863
26
833
665
612
517
475
603
155
677
11
120
62
179
641
588
698
534
100
92
60
526
582
908
405
440
722
277
230
714
691
618
345
165
586
432
798
619
390
376
687
741
488
284
226
15
503
529
63
718
998
585
117
466
382
910
956
287
947
826
296
697
471
473
625
486
59
112
477
214
148
578
43
866
80
957
371
4
679
151
602
184
502
187
356
536
178
849
818
777
305
333
855
792
682
916
901
261
363
313
83
708
132
409
789
464
272
971
713
751
430
185
182
940
977
414
879
135
221
860
319
90
465
616
299
177
67
232
839
2
258
159
887
338
290
542
168
732
1000
106
393
660
69
-1
EOF
