NAME : sim501.218333.tour
COMMENT : Length = 218333
COMMENT : Found by LKH [Keld Helsgaun] Mon Sep 10 21:51:15 2018
TYPE : TOUR
DIMENSION : 501
TOUR_SECTION
1
169
131
453
19
51
42
181
96
286
11
140
454
282
211
179
177
447
292
477
31
258
267
266
391
65
226
38
100
393
368
471
3
113
212
460
432
147
94
269
215
344
431
173
429
46
23
115
143
14
320
71
111
386
411
41
27
310
369
95
255
86
24
227
2
483
345
184
209
264
435
291
174
253
413
163
74
10
67
462
355
349
238
167
35
128
354
299
367
180
444
272
77
452
30
256
45
417
450
423
346
229
279
421
319
339
408
497
220
376
125
251
263
194
315
149
36
247
127
53
231
156
476
164
422
289
75
261
159
138
287
275
83
249
90
395
134
117
273
465
17
12
485
34
82
99
16
327
352
193
322
185
419
351
146
244
195
466
26
293
145
123
43
158
487
239
216
189
142
455
384
323
175
438
165
410
118
137
306
390
409
490
151
133
360
470
456
172
303
70
296
268
446
336
494
285
387
202
105
33
25
225
350
412
243
108
21
224
73
399
302
461
230
40
84
469
85
110
271
39
250
152
233
290
277
385
204
176
88
402
425
383
157
63
54
168
499
37
102
170
124
436
308
192
364
298
8
154
188
240
114
407
141
222
394
484
97
358
353
162
9
280
333
457
381
276
201
378
348
6
401
426
234
237
382
210
69
32
93
15
347
418
252
72
304
301
245
161
187
178
498
254
481
135
479
365
56
109
112
4
257
7
283
13
439
79
329
317
311
52
81
196
449
213
380
260
341
389
242
357
203
420
332
153
472
139
434
318
207
55
440
60
219
78
265
58
89
87
324
496
305
64
335
198
48
148
150
404
374
451
388
482
415
445
116
107
343
463
297
342
459
120
29
321
362
300
488
294
50
356
392
328
375
190
489
363
314
206
424
437
76
232
144
228
5
278
326
467
443
221
288
223
478
122
397
18
171
359
199
400
458
197
98
474
334
313
57
340
441
22
47
430
129
208
295
104
414
307
373
186
274
406
330
495
61
155
370
59
62
493
372
119
217
91
191
325
205
416
262
379
316
126
66
473
235
270
183
44
492
403
68
246
312
361
121
501
20
80
442
101
160
475
166
200
428
398
448
132
248
433
309
427
182
106
214
103
284
468
259
49
500
366
281
464
377
338
371
480
405
486
28
331
92
136
218
130
491
241
337
236
396
-1
EOF
