NAME : sim1001.307075.tour
COMMENT : Length = 307075
COMMENT : Found by LKH [Keld Helsgaun] Tue Sep 11 10:32:08 2018
TYPE : TOUR
DIMENSION : 1001
TOUR_SECTION
1
197
708
997
732
296
728
493
258
261
597
433
167
662
383
871
794
596
269
562
77
563
155
506
656
812
430
378
467
753
500
57
462
767
909
845
716
700
936
884
783
231
336
611
828
523
426
766
275
989
567
964
624
568
159
165
49
249
202
637
482
632
687
590
272
703
734
74
968
641
68
90
126
835
578
44
75
544
14
41
42
974
945
69
85
205
11
702
203
489
833
800
976
145
551
553
661
79
132
792
556
805
147
364
216
654
476
271
356
701
253
443
868
646
64
894
810
698
780
897
981
179
259
861
183
998
465
933
372
328
442
447
376
697
975
550
955
919
105
996
829
299
127
843
954
533
513
982
623
257
59
695
177
377
470
675
402
560
34
822
232
617
521
725
939
577
747
307
778
355
864
995
683
418
862
222
1000
233
643
934
802
991
853
52
518
342
774
618
306
622
601
56
270
892
581
799
308
877
346
400
448
814
142
406
817
431
825
315
486
187
924
494
45
358
387
100
574
283
490
495
320
554
37
349
790
281
466
412
935
428
420
614
956
318
771
834
266
186
101
691
692
423
488
752
106
575
653
889
312
199
425
541
712
86
285
832
7
236
900
582
634
594
680
181
607
10
475
977
415
219
706
464
153
237
529
32
87
957
531
781
436
110
985
395
477
429
499
27
850
684
715
635
363
727
719
457
301
844
185
709
598
242
788
539
770
241
118
537
454
890
438
390
303
260
263
19
319
351
600
602
915
103
408
51
479
965
424
116
891
801
786
250
329
279
525
191
282
711
213
391
91
240
313
20
311
809
369
92
583
414
354
293
776
137
398
548
818
156
148
158
966
361
559
625
360
978
171
182
960
410
107
25
671
93
120
561
749
649
682
589
796
278
512
911
204
645
128
536
994
432
35
758
644
797
131
779
380
304
84
117
327
721
572
942
872
595
764
370
609
98
913
409
648
768
139
737
546
217
953
5
896
870
245
958
58
992
24
651
161
427
873
973
143
81
254
746
912
970
707
104
714
741
503
893
480
584
678
769
806
739
917
437
808
677
504
71
366
373
821
789
855
444
910
348
60
540
519
13
791
292
665
908
898
693
404
740
859
96
681
580
552
658
750
606
668
252
793
115
736
816
573
999
839
206
335
570
386
251
12
696
224
743
393
930
509
946
928
907
382
496
339
620
445
938
162
394
564
657
735
950
667
173
53
650
94
17
322
446
246
154
122
754
502
302
532
146
813
820
865
878
440
73
979
914
175
867
760
588
842
193
365
888
704
610
54
453
804
565
176
664
763
538
699
172
228
108
599
838
273
931
36
362
676
416
111
97
163
46
30
717
744
856
795
823
468
61
726
38
542
579
3
731
63
419
343
852
952
385
384
331
569
247
344
980
558
316
210
591
321
150
169
926
338
188
89
70
450
357
195
841
880
133
937
941
99
291
374
452
849
543
141
705
359
180
694
608
720
508
47
226
811
899
959
310
337
925
633
920
95
522
170
613
604
848
280
152
371
759
83
906
234
212
603
215
65
192
948
627
284
587
326
983
863
190
882
555
119
15
944
967
756
55
517
685
929
688
184
515
403
422
200
988
78
407
21
389
341
612
787
961
972
723
690
549
439
317
659
211
157
289
883
949
639
368
498
762
9
334
784
514
886
149
921
773
134
478
129
194
571
221
847
76
286
33
300
367
511
881
379
135
854
325
352
860
585
616
761
138
710
72
738
340
901
748
485
66
288
238
990
463
940
932
350
168
267
456
874
26
461
481
534
230
586
388
474
638
724
411
605
640
547
729
80
332
62
777
50
435
669
628
626
23
469
102
121
298
229
642
516
43
113
866
904
782
505
198
745
875
82
472
31
971
39
451
963
755
471
392
830
264
951
40
576
857
209
16
458
674
647
772
235
243
309
274
730
6
686
947
140
824
265
652
399
501
256
885
660
401
123
4
851
775
903
178
836
396
455
166
208
673
189
220
201
636
294
986
353
483
557
287
276
323
876
1001
969
295
347
112
441
722
160
837
666
798
333
672
718
459
655
405
214
421
631
619
244
305
196
916
109
630
130
689
28
239
895
449
397
29
827
902
381
528
807
330
713
757
277
733
527
918
417
629
879
765
785
18
927
858
831
218
819
125
67
984
679
174
460
621
670
324
207
413
566
484
497
114
124
530
520
375
742
492
2
262
923
510
88
434
993
887
225
922
248
345
144
987
615
592
524
227
593
473
751
136
869
22
962
535
290
487
297
803
255
314
943
663
526
815
507
846
491
905
268
164
151
840
545
48
8
826
223
-1
EOF
