NAME : sim501.221219.tour
COMMENT : Length = 221219
COMMENT : Found by LKH [Keld Helsgaun] Mon Sep 10 22:40:07 2018
TYPE : TOUR
DIMENSION : 501
TOUR_SECTION
1
224
86
17
43
229
472
309
161
225
36
316
435
416
39
94
248
313
93
63
334
15
294
21
466
2
4
437
120
155
23
408
25
173
318
361
53
281
400
126
307
328
397
112
331
371
116
146
378
27
82
68
320
363
206
159
150
454
239
165
424
99
234
138
191
464
426
304
226
170
483
65
189
60
9
3
211
141
275
44
28
51
496
252
33
306
151
12
495
268
110
121
486
222
315
467
430
392
479
487
183
445
384
129
403
45
162
262
199
185
333
427
217
244
46
58
499
197
123
19
404
351
52
255
144
66
79
232
74
330
356
270
451
352
485
135
348
325
132
324
228
35
30
343
48
346
31
61
359
192
41
119
56
443
434
376
236
260
235
230
264
180
335
317
282
419
360
77
321
174
357
349
322
491
142
213
130
425
389
488
365
107
72
250
194
134
441
75
414
88
308
461
145
140
339
113
295
16
223
429
456
251
452
218
387
401
448
446
210
254
444
288
42
402
473
276
176
469
92
266
76
431
375
377
489
362
278
447
471
347
494
267
340
81
256
355
101
133
5
470
245
369
193
293
326
111
289
22
247
284
201
386
422
204
238
406
83
190
237
341
271
160
243
480
14
299
172
96
492
212
122
358
188
379
54
477
153
310
208
459
89
273
292
433
95
127
73
38
286
215
64
319
207
421
332
290
462
261
418
370
342
428
465
84
87
366
24
100
298
305
105
32
296
314
373
156
323
390
442
287
171
249
102
57
242
388
109
393
423
158
476
383
47
364
277
143
475
407
500
219
337
147
409
280
436
186
474
300
125
257
164
460
154
202
6
20
258
152
157
241
493
263
131
405
274
90
449
178
115
380
71
453
166
311
432
353
209
26
395
49
97
69
501
18
50
40
149
175
417
336
415
269
106
312
85
167
34
344
128
114
413
11
179
412
104
285
136
438
184
205
468
291
272
187
103
13
195
7
231
279
345
338
62
233
216
440
108
177
181
374
8
302
350
182
394
91
37
368
246
221
327
367
391
329
457
220
139
498
137
118
301
463
259
420
396
98
29
78
80
200
497
439
484
411
297
303
67
198
482
148
398
163
283
458
203
10
490
382
240
124
455
227
196
168
399
354
265
55
117
410
478
59
381
214
169
70
253
372
481
450
385
-1
EOF
