NAME : sim251.154026.tour
COMMENT : Length = 154026
COMMENT : Found by LKH [Keld Helsgaun] Tue Sep 11 17:27:55 2018
TYPE : TOUR
DIMENSION : 251
TOUR_SECTION
1
183
224
3
52
166
84
57
87
202
66
32
235
97
10
50
244
155
161
207
59
81
182
103
242
250
69
168
186
184
197
237
233
132
135
112
236
189
94
43
160
150
117
190
248
162
198
231
44
31
107
158
157
100
96
72
124
14
228
141
130
60
91
222
238
123
62
78
225
8
229
82
34
40
140
19
230
241
113
6
119
218
37
201
106
213
76
2
200
138
217
36
65
220
33
191
170
98
21
49
216
196
167
239
210
104
172
74
134
126
114
73
214
133
38
143
194
156
136
58
93
88
139
148
63
41
5
240
151
92
51
209
159
165
173
7
129
211
89
68
11
185
105
180
199
67
187
17
46
121
35
64
20
142
154
23
164
70
99
77
53
127
226
116
145
111
122
179
55
247
109
18
195
86
131
163
152
12
125
118
147
61
175
223
251
227
146
245
30
246
192
174
208
176
120
205
108
101
171
48
193
47
149
56
243
45
4
206
110
102
221
188
144
153
219
28
22
215
128
13
75
85
24
169
42
25
16
203
178
83
90
249
15
80
54
177
29
212
115
9
234
71
95
27
26
39
204
79
137
181
232
-1
EOF
