NAME : sim161.127229.tour
COMMENT : Length = 127229
COMMENT : Found by LKH [Keld Helsgaun] Sat Sep 15 10:25:47 2018
TYPE : TOUR
DIMENSION : 161
TOUR_SECTION
1
26
2
79
108
56
154
17
38
39
131
70
7
50
61
122
14
74
37
83
63
82
138
62
46
19
11
78
3
106
127
59
107
65
20
145
147
86
115
47
25
161
45
97
58
141
150
158
140
41
117
51
64
130
24
69
136
22
92
125
32
72
94
55
129
142
48
68
118
44
10
33
99
114
23
71
52
100
135
15
49
87
128
12
21
126
66
40
16
143
120
53
146
81
84
151
134
8
42
139
156
119
101
109
124
60
29
121
93
13
96
133
95
34
5
144
111
85
148
155
110
35
27
18
105
123
90
73
159
80
160
91
75
103
4
102
43
36
67
9
54
89
76
88
31
77
98
116
157
6
149
112
132
153
28
137
57
104
113
152
30
-1
EOF
