NAME : sim251.156247.tour
COMMENT : Length = 156247
COMMENT : Found by LKH [Keld Helsgaun] Tue Sep 11 17:32:02 2018
TYPE : TOUR
DIMENSION : 251
TOUR_SECTION
1
103
34
70
130
119
189
177
166
221
106
49
44
4
196
83
3
134
144
148
200
163
74
245
247
154
230
113
86
89
48
124
205
237
131
109
165
223
171
155
61
77
50
182
85
35
145
133
6
161
98
217
32
236
22
248
29
175
141
132
36
243
95
25
5
13
18
96
57
33
172
21
51
56
220
90
152
135
97
127
76
23
10
140
170
71
188
102
199
69
94
218
147
38
79
91
41
168
62
53
235
15
122
207
214
39
66
246
111
213
211
136
108
139
193
212
120
117
52
58
151
27
160
229
101
47
222
227
78
107
157
54
178
55
14
123
82
186
104
142
88
180
126
45
202
146
8
204
156
192
169
28
87
114
43
153
80
7
84
100
64
149
209
116
225
208
216
187
179
181
30
110
24
226
20
215
72
37
190
12
125
206
92
241
232
67
194
26
138
60
118
167
73
185
231
195
159
219
42
112
250
184
203
2
150
143
240
210
228
183
31
233
81
46
249
65
158
128
59
174
238
93
251
17
68
137
40
234
121
173
115
244
99
176
19
197
75
162
201
242
129
11
198
164
63
105
239
16
191
9
224
-1
EOF
