NAME : sim501.218482.tour
COMMENT : Length = 218482
COMMENT : Found by LKH [Keld Helsgaun] Mon Sep 10 23:43:35 2018
TYPE : TOUR
DIMENSION : 501
TOUR_SECTION
1
284
448
459
445
60
420
306
55
160
299
199
443
204
303
463
457
139
274
225
291
283
215
307
253
432
458
342
118
129
135
411
231
202
82
325
386
493
93
163
305
279
266
35
245
66
466
378
168
65
333
309
71
226
32
319
481
27
469
467
10
285
327
13
484
261
112
42
143
33
210
362
491
240
24
436
116
472
114
357
19
206
343
330
439
70
158
86
385
34
50
371
335
389
134
355
360
390
221
155
146
316
196
437
297
334
200
105
144
90
278
115
145
442
223
500
157
235
108
68
23
447
28
195
398
4
259
322
397
123
78
489
365
64
276
136
83
111
270
69
497
374
269
471
381
106
425
302
224
501
14
37
351
375
347
167
317
252
76
418
120
346
162
22
208
250
97
498
36
197
176
127
482
356
213
128
119
166
358
289
408
101
92
47
79
298
181
169
130
242
244
366
416
117
423
337
159
417
193
281
324
478
431
61
260
29
294
488
345
9
361
138
38
249
141
20
164
496
73
424
21
399
131
338
485
8
475
62
332
495
415
479
486
57
149
452
243
218
113
16
286
292
383
98
372
404
369
329
49
96
499
211
359
311
409
465
384
150
171
5
40
382
151
25
175
304
470
174
377
95
405
148
191
277
153
487
247
428
394
430
133
217
295
154
473
6
440
212
248
412
367
396
422
232
254
89
11
201
393
308
354
184
490
446
370
296
328
429
290
56
263
104
438
177
476
312
229
400
125
91
122
388
348
198
421
403
468
350
220
273
182
340
156
187
2
326
87
227
183
313
15
63
241
320
455
59
81
228
300
80
44
179
275
230
402
246
188
192
48
453
173
234
109
17
387
45
100
441
26
288
395
321
368
271
75
165
41
185
331
456
265
77
264
147
222
287
84
67
401
344
464
293
419
3
219
161
170
413
88
251
410
238
363
379
353
39
339
380
435
449
255
433
336
392
18
72
31
103
444
46
373
58
53
51
54
262
474
282
216
426
107
30
140
256
203
43
391
462
272
268
74
376
483
450
126
194
414
236
207
407
341
110
267
280
190
85
152
142
323
454
301
102
180
480
315
477
209
178
258
132
239
99
349
172
186
233
364
214
257
7
94
189
406
460
492
451
205
427
121
124
137
314
237
461
310
352
12
318
494
52
434
-1
EOF
