NAME : sim141.119454.tour
COMMENT : Length = 119454
COMMENT : Found by LKH [Keld Helsgaun] Sun Sep 16 07:19:17 2018
TYPE : TOUR
DIMENSION : 141
TOUR_SECTION
1
3
106
103
102
105
54
128
125
11
49
90
59
127
66
86
117
132
7
77
131
89
110
26
113
126
45
122
10
82
78
120
2
71
72
87
41
56
18
29
118
19
31
53
133
23
21
130
73
96
101
39
36
13
74
134
99
107
42
8
75
67
123
24
28
137
80
109
97
30
16
48
69
63
14
61
139
88
33
79
114
95
5
52
35
27
51
94
108
76
92
34
4
17
119
9
58
64
32
121
20
135
81
68
38
83
15
84
50
70
22
62
141
138
115
44
100
116
104
93
25
12
136
98
65
43
47
40
124
140
55
111
85
129
60
6
112
37
46
57
91
-1
EOF
