NAME : sim321.173972.tour
COMMENT : Length = 173972
COMMENT : Found by LKH [Keld Helsgaun] Sat Sep 15 18:23:51 2018
TYPE : TOUR
DIMENSION : 321
TOUR_SECTION
1
86
61
71
34
207
266
69
76
135
305
52
307
167
151
110
127
91
213
224
277
155
298
39
269
32
203
14
310
174
128
303
7
315
120
115
11
95
24
4
209
267
17
33
96
313
133
225
295
3
5
142
301
81
85
316
239
54
191
194
159
111
196
217
230
229
206
314
192
42
281
80
296
45
243
291
250
273
187
238
240
55
19
48
264
140
176
13
148
164
165
188
260
62
189
9
65
289
177
43
312
292
144
255
12
184
72
139
90
66
166
20
15
143
308
136
51
146
280
105
41
116
56
236
241
290
109
25
134
228
182
44
153
320
223
253
28
78
232
180
132
103
261
8
218
36
29
84
53
137
172
242
199
58
119
214
35
226
299
37
160
82
18
68
152
278
22
75
275
257
131
26
249
117
158
252
216
21
247
50
147
262
190
60
279
179
154
181
47
297
112
284
306
237
145
246
63
106
123
30
101
49
321
215
2
126
309
104
130
173
197
283
195
271
268
193
129
70
178
220
276
118
92
302
83
248
198
27
300
186
202
38
121
183
108
282
98
162
204
185
113
210
93
272
74
285
263
87
124
171
254
168
231
156
40
10
286
157
161
67
256
138
288
234
258
64
293
205
200
77
170
46
31
244
265
201
245
57
97
169
23
317
212
208
88
102
259
318
16
79
227
175
311
219
149
94
59
99
287
107
233
222
221
163
6
114
89
235
211
319
100
125
274
304
122
251
294
270
73
141
150
-1
EOF
