NAME : sim1001.306100.tour
COMMENT : Length = 306100
COMMENT : Found by LKH [Keld Helsgaun] Tue Sep 11 06:25:30 2018
TYPE : TOUR
DIMENSION : 1001
TOUR_SECTION
1
239
649
795
765
166
582
768
80
693
713
362
566
920
809
388
945
609
998
778
515
254
284
376
110
586
644
187
882
119
960
205
874
126
897
263
555
304
718
682
836
954
709
746
487
860
611
15
256
597
242
89
373
816
603
520
714
840
741
542
432
917
665
791
999
393
710
953
771
189
352
11
867
789
908
647
407
506
742
643
19
892
230
30
65
134
600
405
589
4
905
343
876
655
355
106
63
590
10
631
881
702
925
684
339
428
921
923
563
873
127
997
477
973
98
95
345
58
941
681
380
537
398
774
507
26
514
218
910
299
370
784
404
995
85
272
930
721
632
20
180
102
639
305
698
322
298
559
369
31
535
421
316
291
483
677
326
499
130
887
221
508
92
311
974
67
446
543
788
626
568
801
678
34
615
241
942
733
751
761
5
164
593
853
77
971
616
21
865
231
104
776
750
584
653
9
547
174
146
756
561
891
913
422
595
443
675
936
510
798
878
55
14
416
122
288
139
353
759
932
792
113
692
217
243
727
199
841
383
549
831
731
872
45
659
755
577
79
571
956
454
49
830
460
366
769
964
672
879
445
955
62
173
717
651
928
24
115
399
767
940
482
661
125
6
257
743
621
884
578
261
726
260
133
505
206
207
456
521
996
267
607
439
683
754
52
967
645
712
120
228
806
982
638
832
652
73
411
184
168
16
744
985
275
255
147
668
629
641
375
138
303
495
108
843
414
455
899
762
588
117
78
534
893
402
628
723
458
25
704
364
862
301
441
705
176
857
356
970
328
314
287
292
56
452
640
990
319
690
438
987
481
129
722
46
94
470
447
538
71
51
839
192
896
825
834
461
193
87
708
167
334
736
2
250
400
247
436
706
575
685
617
296
203
627
389
633
109
434
512
84
642
155
448
154
634
730
766
845
914
782
359
131
280
781
386
382
536
150
691
849
599
158
622
663
757
933
431
350
564
488
866
61
170
59
604
323
451
190
274
581
673
175
518
666
695
406
929
337
770
900
44
367
772
225
99
259
177
716
196
429
32
864
569
803
107
219
81
958
392
777
528
817
854
227
734
737
485
598
379
86
351
541
69
340
699
977
66
270
946
915
972
309
157
636
551
957
1001
273
720
686
27
83
498
268
890
54
232
410
235
480
763
820
994
904
471
216
670
827
898
567
687
894
188
602
850
937
877
35
527
433
430
978
934
808
140
493
504
532
815
758
885
775
984
442
612
847
880
478
509
234
135
281
922
121
835
545
93
91
648
197
587
365
732
162
68
576
855
812
479
919
278
321
417
688
64
201
502
245
384
124
222
557
465
760
585
360
623
313
308
707
302
306
74
497
902
378
418
993
315
271
342
90
419
476
396
48
233
209
143
591
28
895
283
837
818
669
501
848
183
401
807
182
851
486
258
449
112
336
159
88
42
185
427
516
331
901
387
786
295
790
583
826
186
951
210
813
152
118
696
290
475
739
785
116
935
625
390
711
453
163
852
610
444
729
37
101
944
779
991
608
329
349
496
911
276
580
503
198
594
335
13
17
676
519
871
252
43
650
981
473
680
171
97
620
100
41
161
963
517
613
264
540
327
403
381
909
804
526
823
156
128
870
148
988
842
819
701
574
618
424
548
805
735
269
40
927
70
75
266
605
50
293
715
856
606
347
764
906
780
435
310
194
141
491
181
297
142
394
886
172
572
800
160
619
522
462
969
318
863
846
490
656
39
136
123
332
976
213
312
912
983
565
861
38
282
530
552
372
178
60
22
33
965
249
966
660
111
562
300
385
36
53
18
3
265
959
391
875
474
371
354
903
868
179
793
924
546
975
229
697
553
752
244
412
531
137
544
57
811
285
671
191
740
939
968
573
724
286
346
47
558
950
556
745
395
492
596
96
667
883
662
437
986
12
7
214
700
76
797
464
554
637
23
719
195
938
989
980
824
202
525
889
294
539
838
363
153
377
262
859
500
524
961
674
943
858
114
783
132
821
794
796
1000
814
324
694
844
513
748
420
511
657
348
947
307
773
169
529
829
240
459
463
237
725
8
208
103
931
317
614
907
484
425
962
753
952
29
151
238
869
601
979
204
624
82
787
145
466
679
212
224
523
251
236
630
279
165
799
533
747
689
105
738
246
338
467
810
330
344
592
658
408
916
450
949
144
223
341
320
703
358
472
550
72
413
361
992
888
368
215
828
749
560
948
415
469
226
440
409
200
926
457
570
468
397
635
325
253
654
374
489
918
579
211
728
149
423
220
289
494
802
357
333
426
277
248
822
664
833
646
-1
EOF
