NAME : sim501.216797.tour
COMMENT : Length = 216797
COMMENT : Found by LKH [Keld Helsgaun] Mon Sep 10 22:32:38 2018
TYPE : TOUR
DIMENSION : 501
TOUR_SECTION
1
89
299
359
37
142
226
218
319
235
479
40
424
233
271
497
419
16
399
137
265
87
477
59
382
393
80
309
236
361
200
86
405
131
481
35
248
68
261
344
318
250
220
341
76
492
278
500
92
442
457
239
306
109
253
402
425
335
276
325
161
197
373
458
55
106
387
23
262
304
406
88
455
98
238
184
90
112
291
193
96
150
501
153
412
289
491
383
30
54
117
483
326
400
462
314
232
141
410
230
404
79
133
417
347
107
4
266
346
446
307
156
308
206
370
223
91
498
36
264
263
257
185
146
134
77
322
336
449
368
224
152
388
244
269
386
486
56
372
367
165
464
5
34
11
69
179
294
342
147
228
364
6
362
136
353
110
124
246
376
114
108
18
219
274
154
260
174
358
163
413
101
157
337
494
227
356
281
9
170
374
290
380
480
178
42
331
334
418
489
310
123
116
460
21
415
118
267
398
333
31
292
172
312
171
488
448
277
205
204
297
287
468
369
241
454
67
128
268
324
73
168
321
47
24
70
51
245
135
10
284
52
202
237
207
499
296
360
249
75
208
130
100
145
474
345
422
242
17
285
13
408
293
177
328
440
53
15
298
57
95
414
164
495
12
421
315
192
351
27
210
25
323
378
472
392
120
371
225
431
121
272
394
456
183
443
38
139
71
283
43
377
84
62
22
83
258
103
162
300
229
28
363
140
461
60
199
99
490
186
61
2
181
66
273
20
465
469
8
403
255
33
189
463
355
316
389
167
437
279
270
288
332
434
26
397
354
256
254
339
451
45
311
155
198
78
435
252
211
330
151
482
428
436
222
350
19
125
191
7
411
423
176
343
493
111
349
473
476
188
427
29
221
46
127
158
49
196
496
381
352
301
129
159
175
113
407
439
471
275
213
409
303
169
385
203
3
280
320
217
104
144
173
138
467
63
148
426
432
429
433
441
105
484
348
338
14
32
282
85
214
201
478
64
160
416
215
81
395
366
194
401
240
379
430
216
209
102
48
187
420
97
132
485
445
212
74
149
259
94
41
327
39
313
58
390
234
180
452
82
470
190
65
93
122
286
459
466
182
115
166
391
50
444
357
317
396
384
251
447
72
231
44
450
143
340
475
329
365
247
126
195
243
487
295
453
302
305
438
375
119
-1
EOF
