NAME : sim501.218745.tour
COMMENT : Length = 218745
COMMENT : Found by LKH [Keld Helsgaun] Mon Sep 10 20:58:12 2018
TYPE : TOUR
DIMENSION : 501
TOUR_SECTION
1
45
334
368
42
289
219
161
140
465
4
273
295
93
430
227
243
49
60
418
110
483
327
169
377
222
383
21
125
364
358
481
282
302
228
440
89
199
129
428
22
226
53
251
353
467
447
414
239
33
396
29
150
121
126
417
265
437
248
249
50
272
209
250
225
84
138
300
34
267
252
149
216
370
408
415
164
203
244
204
47
76
118
145
311
268
434
497
379
458
392
412
6
325
487
159
10
95
340
143
475
255
201
192
419
460
52
132
186
321
158
83
493
441
14
335
79
283
57
384
356
242
99
355
375
122
490
256
320
64
116
172
286
409
166
8
131
455
32
401
170
66
472
424
274
178
442
112
86
405
15
501
82
371
236
461
270
223
463
406
69
448
80
48
431
220
473
240
385
90
404
462
449
332
124
114
264
479
202
326
287
16
444
454
349
323
232
127
393
362
59
177
18
44
81
37
185
88
452
119
492
194
206
372
78
324
359
450
445
470
107
152
343
420
87
365
31
263
276
293
474
46
347
233
2
210
115
85
134
13
9
35
280
215
154
174
257
433
277
301
436
494
245
142
197
104
74
262
205
111
291
51
316
25
271
336
489
476
361
348
284
23
43
279
314
153
258
466
188
101
308
11
27
338
180
468
459
65
241
491
411
495
485
305
457
105
130
167
198
387
189
307
382
306
41
471
98
70
224
432
410
259
296
214
319
229
61
247
163
230
429
389
299
309
369
378
17
500
97
102
339
330
156
217
313
113
469
148
438
453
221
109
398
351
92
176
191
181
55
478
190
333
141
147
19
400
211
36
422
135
269
160
426
62
288
208
133
151
399
253
421
341
67
373
278
94
303
344
403
108
246
168
182
184
3
480
26
297
237
484
482
235
292
488
413
144
395
423
103
498
281
117
499
63
374
165
317
7
155
446
71
38
196
187
386
294
73
56
193
137
310
451
397
200
312
260
298
179
54
157
486
366
30
363
350
96
329
234
68
456
394
360
477
346
128
496
195
342
266
213
175
381
120
427
390
367
218
354
464
162
443
416
231
171
425
91
5
290
75
139
173
376
439
357
402
322
28
183
20
285
337
58
207
315
407
24
261
352
238
345
72
212
254
146
275
100
435
39
123
391
331
380
328
77
106
304
136
12
40
388
318
-1
EOF
