NAME : sim251.157030.tour
COMMENT : Length = 157030
COMMENT : Found by LKH [Keld Helsgaun] Tue Sep 11 17:35:10 2018
TYPE : TOUR
DIMENSION : 251
TOUR_SECTION
1
86
196
35
192
46
116
57
218
109
104
121
220
4
100
58
247
208
11
214
8
74
230
112
71
190
179
50
78
144
186
191
99
155
169
229
143
24
72
225
43
166
154
2
89
172
97
49
59
25
212
136
219
126
47
52
125
204
156
198
83
224
33
138
147
5
178
39
18
206
239
115
3
150
98
170
96
227
151
168
131
215
103
88
200
188
36
217
51
10
76
67
69
120
66
118
14
101
202
20
153
73
199
236
249
251
28
242
85
250
87
38
164
210
60
148
55
180
160
68
22
183
234
159
177
246
63
42
40
106
187
240
197
233
90
95
245
127
65
110
19
167
181
140
37
81
193
213
211
113
145
163
243
94
61
31
105
123
102
146
23
77
17
132
158
130
32
221
122
44
27
194
235
9
201
157
184
62
117
93
195
162
237
185
30
134
12
91
228
111
176
133
114
241
70
128
222
82
124
203
141
139
174
248
84
216
53
45
13
142
79
171
56
207
175
15
152
41
54
244
16
80
226
189
119
6
107
165
223
149
232
75
231
182
205
34
64
161
26
21
29
238
209
173
48
135
7
137
129
92
108
-1
EOF
