NAME : sim321.173348.tour
COMMENT : Length = 173348
COMMENT : Found by LKH [Keld Helsgaun] Sat Sep 15 17:08:50 2018
TYPE : TOUR
DIMENSION : 321
TOUR_SECTION
1
83
205
164
228
239
186
293
25
169
20
297
290
22
147
67
95
158
194
196
321
240
131
201
138
287
257
276
15
313
50
154
218
163
254
124
189
155
212
110
34
180
71
96
174
113
53
229
262
248
303
292
233
70
118
256
213
238
203
241
166
288
47
175
268
157
64
86
300
123
44
295
112
92
43
91
125
140
232
265
97
21
130
252
108
45
227
60
46
206
65
73
305
151
102
270
106
128
319
258
16
222
272
39
209
208
215
72
315
119
204
26
66
57
117
192
36
93
223
98
170
159
74
31
179
231
9
243
285
246
278
41
62
284
90
52
156
255
188
146
311
283
320
29
171
183
120
80
51
2
309
37
172
160
299
89
107
266
143
275
230
24
210
76
136
87
153
133
33
198
27
263
317
173
304
59
78
115
18
94
271
310
54
318
77
282
316
68
199
150
202
100
11
63
234
214
35
294
79
277
81
42
28
306
289
12
219
14
3
13
298
4
88
184
167
251
225
141
69
55
301
237
49
235
126
253
137
273
121
152
144
104
236
182
85
38
19
260
286
127
17
8
291
264
109
116
149
103
165
142
5
111
75
244
312
23
84
101
135
261
129
195
177
220
221
132
281
307
162
279
308
82
187
32
61
161
185
122
176
267
247
134
211
216
148
178
190
314
40
48
7
259
274
191
6
269
200
242
56
226
58
302
181
114
249
217
105
30
197
193
207
250
245
10
224
99
145
280
296
139
168
-1
EOF
