NAME : sim501.220114.tour
COMMENT : Length = 220114
COMMENT : Found by LKH [Keld Helsgaun] Mon Sep 10 22:59:55 2018
TYPE : TOUR
DIMENSION : 501
TOUR_SECTION
1
303
261
282
11
32
295
485
363
83
377
472
382
231
188
207
423
104
311
87
375
131
365
141
476
262
453
257
215
189
341
283
398
304
323
456
153
175
330
264
213
26
362
463
72
239
122
321
349
269
265
460
396
171
230
409
222
452
6
496
17
487
410
154
493
206
467
114
266
159
418
414
112
300
342
191
471
411
67
115
355
479
4
158
427
351
340
432
273
142
431
328
446
500
28
179
36
243
33
242
417
151
337
429
61
29
370
8
272
495
333
263
22
419
113
20
121
477
53
19
498
224
201
278
444
7
156
42
161
347
279
416
76
132
306
35
157
268
228
270
298
195
117
37
470
462
152
275
55
424
103
366
284
62
101
221
455
308
70
244
144
160
449
110
331
426
276
126
88
249
140
223
190
421
350
367
435
441
68
246
289
58
164
491
208
386
291
457
105
134
316
139
251
443
397
368
490
5
280
75
334
74
212
451
96
473
384
92
60
196
180
344
358
464
338
332
59
326
102
478
248
95
450
163
47
149
233
403
25
51
305
378
183
385
111
82
319
90
391
66
128
402
501
399
23
297
488
254
475
425
165
106
48
256
307
49
285
482
173
492
168
379
184
336
364
393
415
236
494
170
348
146
287
80
12
3
408
63
43
13
369
84
138
481
148
352
216
335
292
290
79
433
454
194
447
24
65
458
40
313
373
237
10
77
468
317
318
108
309
78
469
238
94
345
381
407
185
123
69
406
129
97
483
324
240
182
38
274
267
442
422
116
412
438
389
81
34
135
14
310
255
145
64
405
227
474
169
27
250
376
197
302
499
430
322
220
359
232
288
325
252
107
21
439
50
16
31
192
204
461
99
2
234
225
448
253
388
203
71
383
143
211
125
315
41
361
219
436
30
93
294
371
312
401
155
150
9
176
260
166
277
258
327
85
52
181
130
320
465
329
346
217
205
387
109
186
98
380
437
484
174
187
124
46
357
497
193
392
247
245
390
400
428
100
136
210
162
235
299
372
241
118
353
202
178
73
339
56
226
54
466
420
45
286
360
296
127
172
356
120
259
44
301
199
147
445
404
281
354
394
91
214
15
177
209
271
374
413
133
486
395
440
480
86
39
119
489
229
200
137
343
218
89
434
198
459
57
167
293
18
314
-1
EOF
