NAME : sim501.216414.tour
COMMENT : Length = 216414
COMMENT : Found by LKH [Keld Helsgaun] Mon Sep 10 21:22:20 2018
TYPE : TOUR
DIMENSION : 501
TOUR_SECTION
1
174
411
165
499
488
167
278
29
175
171
302
368
444
35
148
55
371
160
216
47
49
223
80
7
124
452
19
270
66
129
12
113
297
221
128
482
82
184
17
87
20
154
96
14
457
420
43
139
310
495
385
179
75
135
92
42
306
470
320
263
383
39
248
473
402
484
101
181
132
197
136
56
486
268
21
121
335
423
356
433
57
313
352
100
425
130
360
501
401
494
45
406
331
158
2
434
180
498
454
267
340
432
224
151
73
231
79
213
50
241
460
394
106
102
97
301
25
404
251
290
386
109
133
169
122
347
114
255
381
329
378
260
161
436
392
369
252
18
305
333
323
125
157
143
84
156
330
44
187
478
228
429
93
474
266
147
37
81
59
428
170
118
211
299
395
359
407
8
317
242
117
351
311
227
315
246
288
376
476
219
259
162
479
353
195
390
178
364
485
414
131
416
177
123
209
33
388
63
204
362
99
189
202
409
233
492
5
332
346
463
397
322
90
72
137
272
431
285
366
155
472
441
421
487
48
253
437
264
461
249
31
68
229
24
166
78
314
427
447
98
70
111
289
271
247
438
3
422
108
321
208
4
186
489
89
458
348
61
443
51
28
393
74
110
480
451
412
419
88
281
237
282
32
239
94
134
493
387
220
163
418
236
370
65
40
103
410
168
232
76
336
62
283
16
389
490
286
9
491
138
342
203
296
334
496
27
127
415
36
225
396
455
34
145
324
15
450
86
339
183
363
287
230
212
354
120
205
150
319
245
198
222
85
293
199
350
83
318
192
467
188
22
126
172
238
273
471
196
30
349
258
6
115
294
119
234
173
439
327
261
240
468
41
440
215
190
380
265
235
497
217
307
244
456
405
379
291
243
459
105
269
53
358
413
69
194
308
377
344
214
276
309
430
275
448
446
207
373
140
361
328
345
367
475
144
417
13
210
391
149
277
280
164
26
424
399
58
304
250
142
466
54
300
206
303
426
449
262
312
60
153
462
71
500
325
112
453
95
372
343
226
38
141
11
159
256
341
284
274
64
384
408
357
10
46
382
201
185
292
445
442
116
191
316
469
464
107
481
67
146
176
365
52
254
104
375
403
23
295
298
279
182
257
152
337
326
193
355
477
400
91
77
374
338
200
465
398
218
435
483
-1
EOF
