NAME : sim1001.306953.tour
COMMENT : Length = 306953
COMMENT : Found by LKH [Keld Helsgaun] Tue Sep 11 06:50:12 2018
TYPE : TOUR
DIMENSION : 1001
TOUR_SECTION
1
249
208
824
564
433
118
409
171
492
372
635
352
644
196
194
382
212
690
550
43
977
907
227
341
50
726
257
965
361
94
342
769
591
177
508
85
442
942
248
675
867
267
747
87
673
785
802
540
732
987
402
878
300
722
566
340
593
822
746
435
733
214
536
649
932
906
777
704
82
752
428
574
619
5
61
522
683
25
255
303
9
669
973
639
773
117
790
405
112
625
638
794
917
261
74
918
559
387
140
520
545
413
594
886
730
789
390
301
897
990
721
837
167
632
139
90
429
948
779
607
399
176
42
490
440
68
898
38
329
571
535
383
503
291
862
351
180
110
597
185
449
354
656
928
801
13
482
284
831
155
191
437
667
89
414
457
548
379
579
519
213
126
455
596
202
330
693
581
67
561
245
298
751
781
232
469
453
403
393
938
149
964
311
426
679
128
970
910
813
912
791
253
585
31
951
739
483
513
742
655
828
86
642
609
420
95
400
386
565
590
975
269
467
239
860
812
946
295
615
904
334
422
186
998
375
887
816
833
2
166
168
113
6
314
756
424
121
572
326
760
551
317
431
416
286
962
658
355
868
242
651
443
741
934
1000
758
84
92
473
620
302
462
710
922
484
943
848
825
711
978
335
924
418
233
192
940
521
497
668
888
788
450
165
22
122
958
890
411
392
394
750
516
533
164
877
407
839
537
226
874
892
688
876
686
804
304
767
891
75
727
41
676
21
989
598
271
851
744
246
170
509
952
729
500
982
923
240
538
452
146
260
134
401
47
720
528
487
321
709
914
123
841
604
216
562
252
137
132
417
933
309
737
901
685
156
524
172
434
26
643
847
396
336
757
27
404
856
378
19
221
606
875
73
46
144
475
174
60
480
37
389
362
583
142
294
939
190
256
689
320
523
471
488
701
423
203
153
718
44
894
761
618
624
150
138
218
507
968
367
900
608
621
282
692
980
206
48
439
845
199
911
201
641
160
903
307
331
251
468
734
178
648
288
358
570
871
808
671
556
272
451
210
506
319
937
526
553
275
438
101
63
743
20
893
700
254
670
338
759
799
97
145
793
152
238
193
740
415
979
866
576
627
569
359
169
552
3
436
127
854
712
130
99
348
498
124
770
780
349
100
65
662
631
421
731
646
678
179
486
666
163
69
863
684
716
765
640
374
470
279
234
986
945
263
79
961
259
62
529
883
16
795
784
217
159
925
184
17
270
695
120
592
461
809
158
458
599
34
384
64
347
8
220
425
55
406
908
852
125
93
820
557
215
343
660
277
587
412
236
972
836
198
543
293
546
364
333
605
324
539
391
133
617
694
398
796
626
363
366
745
541
368
857
264
187
674
708
197
183
147
842
748
858
273
827
603
460
365
299
511
91
344
266
991
419
446
494
880
517
929
297
285
4
225
589
72
974
835
315
725
993
478
889
397
52
575
613
971
444
645
805
879
56
262
544
377
749
247
981
960
456
954
814
549
717
231
554
115
395
244
763
58
388
762
840
896
495
705
29
441
104
1001
114
983
316
381
953
919
657
782
345
838
283
265
157
228
870
821
12
713
131
736
992
935
703
803
106
337
916
653
310
956
633
360
578
479
54
764
600
783
634
525
448
755
774
40
290
96
136
49
882
659
902
530
899
955
680
672
702
963
738
719
677
7
985
222
71
966
996
485
555
865
510
926
753
601
98
800
268
969
691
292
81
792
884
308
243
369
623
984
88
855
489
915
53
861
481
637
967
584
408
664
514
289
250
356
665
843
622
373
32
491
941
988
532
927
30
652
353
797
119
162
754
505
188
628
306
182
474
83
682
735
580
636
80
997
36
568
771
477
229
24
775
18
432
849
143
241
846
823
629
496
787
463
189
10
175
105
630
612
39
573
806
14
567
224
586
826
920
706
614
776
531
798
109
818
696
698
472
654
230
464
141
663
209
563
154
577
558
869
834
995
913
930
15
504
699
51
59
205
728
454
465
135
976
595
323
873
807
582
707
909
772
687
28
380
223
476
864
350
325
994
276
766
830
905
322
947
108
287
296
35
944
107
70
949
430
181
602
313
829
542
173
850
817
281
258
832
346
527
151
111
957
681
278
647
786
723
77
103
881
921
102
499
518
33
237
815
616
328
501
936
66
872
148
410
45
844
611
610
78
715
534
650
810
778
339
76
332
895
371
588
195
11
724
445
376
515
560
207
235
116
280
466
219
357
714
447
885
859
129
853
959
661
274
931
427
547
512
999
811
200
502
697
327
23
768
370
204
312
211
318
493
57
819
385
459
950
161
305
-1
EOF
