NAME : sim251.153955.tour
COMMENT : Length = 153955
COMMENT : Found by LKH [Keld Helsgaun] Wed Aug 29 09:38:24 2018
TYPE : TOUR
DIMENSION : 251
TOUR_SECTION
1
198
4
117
208
57
233
184
68
200
251
49
225
138
163
173
212
114
166
23
232
85
145
124
224
105
144
31
28
246
96
194
25
89
142
73
113
116
216
204
226
63
129
74
82
10
30
90
248
158
242
69
240
156
164
219
230
174
20
154
128
177
136
241
66
227
34
201
104
146
155
83
94
231
236
160
16
77
111
168
29
209
5
87
46
195
119
59
140
157
33
12
78
61
239
130
125
55
149
37
80
169
120
79
190
131
220
187
182
133
7
247
107
103
2
135
19
88
102
24
110
183
250
202
76
42
176
180
43
132
179
171
81
207
40
172
64
50
234
39
109
196
213
56
206
175
27
150
60
205
6
26
115
8
237
58
244
72
167
48
229
123
84
152
44
153
62
47
143
147
99
215
188
249
139
159
38
13
191
21
197
178
126
67
217
222
54
41
192
127
14
235
186
92
238
165
245
193
93
137
17
36
9
11
134
3
189
118
106
223
97
52
86
91
32
221
151
161
51
218
203
122
98
243
18
210
170
70
108
148
100
181
45
228
141
65
22
53
162
35
112
95
15
101
75
185
121
199
211
71
214
-1
EOF
