NAME : sim141.123632.tour
COMMENT : Length = 123632
COMMENT : Found by LKH [Keld Helsgaun] Thu Sep 20 04:06:51 2018
TYPE : TOUR
DIMENSION : 141
TOUR_SECTION
1
31
138
71
127
129
102
68
2
101
111
52
7
81
126
133
105
53
118
107
93
122
30
14
84
32
40
18
44
92
36
82
140
89
39
25
134
21
41
12
70
42
63
113
34
109
37
130
88
77
78
137
100
74
67
16
8
117
79
123
108
58
132
10
131
62
59
20
97
98
26
128
120
5
90
38
87
22
139
116
29
50
114
54
28
17
76
65
48
66
49
9
99
33
61
75
95
3
35
27
91
119
45
46
96
136
106
80
56
124
110
125
57
19
72
55
43
73
51
6
121
11
104
86
23
24
83
94
85
13
103
69
135
115
64
47
60
15
141
4
112
-1
EOF
