NAME : sim1001.305604.tour
COMMENT : Length = 305604
COMMENT : Found by LKH [Keld Helsgaun] Tue Sep 11 16:41:09 2018
TYPE : TOUR
DIMENSION : 1001
TOUR_SECTION
1
235
163
765
90
845
899
33
651
68
679
641
658
161
716
4
512
822
9
910
740
144
476
694
753
854
410
969
296
25
830
489
352
737
582
282
863
465
526
449
422
497
709
325
330
643
1000
358
994
131
501
774
509
726
838
492
320
634
419
952
447
72
979
579
26
181
963
879
799
569
748
728
561
959
731
701
193
169
291
626
809
415
200
478
266
657
262
906
928
756
133
115
841
74
973
269
97
601
286
573
314
187
205
45
707
916
464
901
618
700
165
333
80
868
990
900
797
59
640
514
246
292
746
412
42
142
83
851
438
733
228
124
399
47
576
853
454
628
404
43
568
271
444
993
804
864
159
977
387
846
323
253
27
675
802
761
175
149
55
71
951
755
586
107
692
747
921
729
927
75
715
732
32
92
157
443
946
869
184
666
22
402
473
480
624
798
371
154
44
329
878
739
631
303
77
30
202
158
776
127
860
744
327
95
829
984
110
639
548
704
111
600
102
637
369
887
350
233
290
611
185
60
50
134
406
429
895
590
93
964
541
49
727
898
768
450
754
355
37
311
17
506
493
462
197
441
602
331
368
208
950
147
214
230
442
622
981
849
281
752
962
104
120
606
508
741
862
918
708
646
686
780
472
206
234
245
961
575
682
308
211
57
800
525
983
434
483
288
532
466
766
560
960
243
112
432
289
520
742
63
788
885
537
58
135
318
344
745
811
56
795
23
125
787
3
896
227
591
349
167
865
178
384
877
380
987
129
164
671
76
459
771
420
499
257
517
615
199
188
873
807
285
294
587
139
186
599
143
564
7
315
714
530
890
558
24
904
367
553
381
482
430
105
996
572
717
550
690
319
194
398
581
259
866
435
66
481
598
277
94
923
360
696
654
309
557
521
490
555
825
445
190
145
195
856
527
986
793
130
67
252
256
629
260
439
136
683
494
770
364
41
570
713
179
148
91
198
237
397
908
342
487
554
980
938
664
326
141
255
385
858
503
396
64
907
674
585
353
468
842
424
440
284
426
592
12
248
417
835
428
126
874
905
457
302
931
113
416
902
272
173
562
209
295
597
691
814
735
346
549
475
372
477
1001
922
760
857
552
693
507
216
283
393
840
698
177
625
118
924
82
359
524
306
19
944
86
189
736
925
867
29
258
563
995
51
778
926
249
642
210
84
192
321
378
241
69
859
458
976
310
817
758
166
823
539
875
174
176
474
565
201
812
834
383
413
584
808
544
697
953
265
545
826
919
153
956
267
777
370
207
972
275
411
455
65
821
965
62
734
909
390
222
574
750
743
89
339
937
522
567
673
518
891
848
992
11
151
660
998
540
328
757
16
583
684
855
365
504
630
831
529
322
261
843
414
408
957
738
488
180
668
911
721
932
54
103
531
764
505
46
31
467
100
886
958
106
632
543
168
897
239
677
559
225
354
36
791
38
373
156
332
15
379
155
790
810
470
894
662
915
551
775
523
229
20
941
433
914
376
140
772
650
605
767
705
577
769
418
212
751
460
702
580
806
10
273
880
870
948
556
779
824
711
334
250
786
268
132
820
699
304
616
940
596
784
689
274
313
933
659
400
667
452
498
528
636
612
623
645
670
669
436
536
603
773
876
172
789
936
725
589
695
300
538
893
566
388
117
401
883
348
718
40
816
485
939
138
13
337
706
749
635
665
991
516
620
839
391
534
533
448
607
263
935
240
375
394
871
224
220
101
340
427
847
546
123
377
782
892
542
989
347
35
621
578
912
720
254
162
929
389
213
500
116
204
456
818
231
730
763
762
785
724
98
171
844
594
28
617
226
535
884
719
934
196
425
221
801
649
852
2
710
247
324
999
287
70
832
653
343
815
78
638
299
191
881
61
366
170
968
446
21
663
978
461
685
975
421
407
837
703
85
712
661
39
571
954
471
971
270
610
997
510
920
108
236
217
513
215
913
656
79
395
357
803
99
819
486
238
655
451
861
8
280
917
152
293
34
608
48
511
297
203
614
672
423
796
386
453
336
362
647
52
723
604
279
122
312
361
966
681
783
409
244
251
781
872
955
794
882
593
5
827
317
805
595
232
14
298
87
930
403
547
218
627
109
792
363
967
301
688
676
119
316
722
759
850
392
223
276
836
652
942
519
382
345
264
609
988
903
219
341
833
405
985
970
81
680
137
183
374
437
469
888
949
463
150
18
484
943
945
491
588
73
502
982
678
53
160
338
496
307
495
351
6
182
828
242
479
278
813
648
305
515
633
121
114
974
356
431
644
889
88
128
687
96
613
947
146
619
335
-1
EOF
