NAME : sim161.131985.tour
COMMENT : Length = 131985
COMMENT : Found by LKH [Keld Helsgaun] Mon Sep 17 08:51:55 2018
TYPE : TOUR
DIMENSION : 161
TOUR_SECTION
1
78
100
29
24
135
131
51
85
108
81
132
4
121
64
63
144
13
143
159
5
75
145
158
124
126
55
91
150
3
116
60
117
101
119
88
98
65
99
146
70
12
35
140
111
156
142
153
83
26
48
147
45
30
123
47
73
34
27
69
151
11
72
38
31
97
152
105
17
9
23
62
155
8
139
109
44
14
46
10
25
161
58
129
104
79
148
76
19
103
15
6
92
7
154
57
42
54
32
22
115
43
141
160
2
134
40
138
118
137
102
113
128
136
66
28
95
37
90
18
86
21
130
56
84
39
89
127
157
61
80
96
106
41
33
87
52
71
59
49
74
77
107
110
53
120
93
16
20
67
94
36
125
122
114
68
112
50
149
82
133
-1
EOF
