NAME : sim1001.303415.tour
COMMENT : Length = 303415
COMMENT : Found by LKH [Keld Helsgaun] Tue Sep 11 10:39:55 2018
TYPE : TOUR
DIMENSION : 1001
TOUR_SECTION
1
313
363
633
410
522
985
680
360
935
245
815
971
344
261
984
746
296
490
828
683
898
516
420
120
459
189
24
904
145
759
442
826
265
368
590
580
513
160
778
980
539
207
340
396
432
692
452
348
283
105
254
676
80
787
599
685
550
465
666
670
876
101
993
52
170
672
421
107
182
66
359
900
833
18
338
654
433
805
701
797
716
520
288
47
938
480
384
372
503
613
154
115
949
43
916
445
273
885
618
706
95
77
251
219
208
334
409
401
637
600
639
548
252
253
821
825
863
622
870
46
917
302
487
48
15
125
583
919
307
30
505
743
872
570
332
464
869
507
699
137
284
547
529
330
807
201
696
557
608
940
568
4
436
914
374
351
818
217
266
468
22
669
515
349
303
3
257
333
894
492
362
500
862
88
578
731
532
151
74
319
138
190
185
248
844
781
912
601
693
537
646
927
934
224
297
606
226
893
424
752
277
128
877
847
476
65
242
853
772
977
247
976
905
848
141
272
791
164
294
892
594
117
414
140
326
875
42
494
202
493
404
79
51
285
188
131
305
755
896
703
530
45
943
694
502
659
816
93
802
554
964
5
619
806
175
959
732
551
737
761
854
385
168
789
717
858
629
591
915
281
10
656
132
988
592
958
987
180
103
713
471
730
598
549
972
236
278
937
544
886
986
353
341
443
8
559
94
454
36
263
518
780
481
587
221
921
690
777
889
846
567
593
371
998
540
177
68
695
72
425
269
390
451
135
270
28
962
687
913
163
406
375
573
317
553
922
426
29
607
640
13
106
323
902
483
749
542
114
861
124
408
377
929
37
555
308
975
586
612
165
16
345
651
623
736
512
523
496
925
811
723
689
936
194
956
952
173
983
196
576
597
989
784
112
734
581
156
945
968
133
814
903
157
630
295
653
790
44
704
314
212
449
649
418
222
754
556
616
241
78
260
12
521
178
144
705
466
636
979
268
614
887
213
660
832
795
739
895
1000
191
86
658
327
837
667
53
572
794
187
845
405
497
933
361
485
625
40
741
440
413
210
89
129
33
585
25
634
883
246
543
740
663
19
474
994
416
531
110
41
655
712
508
820
769
225
856
626
411
475
664
56
574
579
229
939
881
258
301
153
763
367
300
325
458
20
679
324
400
511
725
447
463
675
391
941
64
85
147
205
525
431
486
293
981
98
73
100
595
882
899
488
126
329
642
69
309
484
356
434
757
142
234
997
677
564
299
444
477
788
920
14
827
63
561
398
950
779
957
9
388
627
373
383
728
312
534
148
96
321
751
215
857
11
596
223
750
562
698
526
907
830
946
796
709
519
92
290
479
786
718
380
113
183
610
304
774
220
167
271
111
911
809
489
715
158
955
123
402
785
878
342
318
109
852
149
951
674
724
179
953
470
859
162
155
775
239
495
320
575
604
517
186
657
928
624
738
462
58
228
91
729
552
563
71
259
873
287
560
901
267
932
198
350
256
455
865
84
603
200
429
855
948
681
61
643
291
771
171
298
823
960
6
527
841
366
793
974
237
176
428
339
744
835
393
792
868
347
134
918
691
357
615
389
143
967
379
697
879
97
992
60
146
193
770
395
973
648
545
888
708
343
834
427
546
289
628
711
358
620
798
673
104
59
766
108
665
169
203
473
38
166
632
702
756
686
839
310
891
504
800
249
966
331
199
541
422
460
417
279
874
768
906
942
419
682
35
399
836
407
831
745
571
354
954
82
448
381
240
412
650
753
860
850
218
501
498
764
55
227
776
617
184
230
890
39
430
130
337
684
491
150
216
17
262
584
867
733
931
438
195
275
524
204
192
276
510
621
232
214
23
397
758
849
851
99
609
423
995
602
83
506
392
910
54
32
27
569
742
159
866
926
335
238
930
803
231
90
969
328
514
924
197
813
453
644
311
387
747
991
467
582
211
565
446
76
700
282
75
352
842
57
880
382
720
533
415
722
102
645
721
70
963
668
631
181
773
315
605
871
999
365
947
678
292
274
172
783
316
394
62
528
286
638
965
119
87
403
671
469
461
799
822
457
652
748
21
336
647
817
243
139
233
635
376
118
762
589
121
727
710
760
174
810
804
499
206
355
437
661
482
978
588
235
472
152
838
970
34
996
944
538
7
808
961
244
535
688
81
264
450
441
364
829
897
509
1001
735
439
26
641
127
136
840
714
819
767
566
322
370
386
558
116
2
812
306
456
909
50
209
478
31
864
990
662
765
923
536
577
369
824
843
67
250
982
255
122
49
884
378
161
908
611
801
719
707
280
782
435
346
726
-1
EOF
