NAME : sim1001.309297.tour
COMMENT : Length = 309297
COMMENT : Found by LKH [Keld Helsgaun] Tue Sep 11 06:27:53 2018
TYPE : TOUR
DIMENSION : 1001
TOUR_SECTION
1
180
330
479
831
641
534
990
564
248
412
465
49
120
502
622
359
777
599
282
725
154
99
245
582
274
858
75
610
443
12
464
197
936
162
424
468
833
563
536
181
310
338
677
293
518
698
31
111
972
64
157
317
644
366
312
280
852
607
868
386
323
201
583
149
663
780
165
116
612
515
707
798
553
190
231
794
523
463
897
373
74
977
938
983
422
257
184
875
773
921
619
911
826
930
271
328
600
66
885
917
442
735
943
46
912
159
879
306
803
942
155
781
891
750
250
528
213
406
918
596
886
42
187
290
776
538
661
666
451
242
106
278
986
329
192
805
410
302
702
843
611
696
70
598
883
772
387
60
5
119
59
19
958
262
841
454
349
437
689
489
670
576
151
799
307
880
179
405
815
655
828
796
416
161
52
561
145
182
289
744
575
939
279
29
771
356
876
148
929
3
603
747
105
621
447
481
261
476
952
449
223
57
471
344
204
962
741
389
281
86
835
316
648
684
953
971
339
894
217
887
585
439
209
122
719
513
225
577
36
206
28
653
602
6
303
137
214
427
268
851
590
737
699
95
247
809
97
326
475
544
785
392
859
483
20
331
668
900
22
503
740
704
237
51
767
870
849
683
630
797
104
381
171
820
801
299
854
354
452
39
813
112
521
435
34
816
296
639
377
766
890
935
358
260
92
78
460
605
686
415
252
221
211
678
804
963
4
445
946
818
888
975
878
697
765
332
325
539
372
625
660
305
955
40
914
188
153
718
637
140
529
2
493
343
72
669
775
999
512
974
609
399
441
733
614
484
324
430
662
530
546
342
791
520
884
968
333
645
616
629
667
692
319
166
313
729
671
185
375
311
370
606
474
26
694
931
562
133
23
998
304
94
455
93
189
41
346
730
101
351
407
638
283
608
500
327
300
14
244
267
604
810
964
255
715
906
337
136
543
853
121
618
68
397
350
861
941
394
461
522
919
409
335
700
531
125
746
139
748
219
285
865
922
276
584
571
401
45
646
353
635
294
144
722
819
102
984
382
368
428
712
334
846
76
724
480
723
989
869
383
560
9
208
169
297
485
867
752
734
757
659
954
429
13
134
985
636
994
128
81
284
163
388
895
238
811
944
230
691
727
490
444
477
212
269
845
758
687
545
54
32
124
194
569
277
448
770
966
457
642
16
320
537
842
272
47
535
807
150
957
822
202
301
688
764
249
812
65
253
156
517
275
749
674
264
67
579
15
832
298
492
711
751
673
837
830
495
676
498
628
470
847
844
959
258
640
497
263
893
808
391
164
652
790
788
266
624
817
411
292
627
35
979
21
82
103
509
360
557
50
913
907
322
827
336
613
969
61
198
717
24
152
58
380
363
357
38
378
27
177
160
384
574
132
183
552
550
398
44
243
295
117
340
7
559
716
904
960
450
685
761
549
459
367
421
597
227
592
390
115
167
703
352
784
491
736
88
232
100
578
469
90
113
728
440
131
436
1001
824
514
172
510
732
693
400
79
726
786
547
423
395
714
218
768
216
486
743
431
55
672
420
446
650
108
903
892
505
909
193
87
176
425
623
615
203
408
923
950
940
224
626
83
315
199
462
240
708
379
309
934
838
207
525
195
69
864
482
965
594
138
110
756
84
143
170
763
403
706
385
365
123
259
850
997
825
63
778
925
937
107
175
438
915
742
130
496
501
806
364
587
679
920
288
877
823
949
456
782
902
882
970
158
802
48
25
413
200
524
168
973
246
855
254
270
573
222
665
980
114
548
795
779
314
453
705
829
494
417
580
1000
433
414
908
127
713
555
321
792
586
77
976
499
362
220
519
991
393
308
634
982
755
753
836
265
978
889
532
239
988
657
341
472
118
947
568
147
73
396
554
664
376
186
228
916
56
860
588
565
926
631
927
848
581
318
701
504
369
516
191
633
233
905
932
418
996
681
774
709
466
251
556
11
487
856
675
291
347
374
241
866
589
987
898
834
235
541
89
620
533
488
53
558
695
992
656
754
8
881
901
783
98
135
467
33
643
924
566
654
345
721
434
759
226
17
71
680
874
769
402
10
872
18
739
857
426
647
540
348
632
945
956
404
981
371
601
821
738
899
570
572
967
745
617
871
432
928
210
595
951
355
839
993
205
896
174
862
126
146
710
551
593
933
142
731
473
873
256
840
215
234
287
651
458
419
506
511
526
141
682
649
793
948
567
37
787
995
720
109
273
527
814
910
542
286
62
658
96
789
80
129
178
961
591
91
800
85
361
236
760
478
30
690
173
229
196
762
508
43
507
863
-1
EOF
