NAME : sim1001.311220.tour
COMMENT : Length = 311220
COMMENT : Found by LKH [Keld Helsgaun] Tue Sep 11 08:09:32 2018
TYPE : TOUR
DIMENSION : 1001
TOUR_SECTION
1
393
289
196
7
850
40
688
15
239
606
81
171
590
74
87
928
681
45
995
677
800
60
106
822
472
566
1000
255
274
496
29
736
621
669
742
487
857
430
131
541
259
737
379
144
277
957
841
218
315
300
890
486
923
695
493
385
55
481
668
969
382
530
661
28
104
690
384
864
298
140
682
410
358
488
629
390
319
791
665
306
188
408
715
209
712
813
198
88
429
391
433
19
654
223
378
304
717
66
883
797
708
876
5
977
22
951
454
961
394
250
943
931
917
236
479
903
752
69
112
462
331
844
646
36
427
122
580
523
809
743
482
224
276
794
178
720
119
528
728
849
919
753
846
889
409
448
842
570
364
774
611
335
491
320
365
367
954
553
613
352
597
985
133
492
907
956
756
349
404
61
872
741
916
142
798
818
474
641
551
77
884
202
707
426
511
557
321
200
648
63
835
637
603
419
333
260
207
110
220
598
447
431
946
761
245
759
290
350
149
660
787
228
898
455
685
834
851
187
256
967
881
489
895
960
875
477
158
949
558
639
801
387
310
39
463
970
308
243
793
670
280
334
765
225
405
461
222
213
102
626
449
483
723
115
414
329
113
548
640
705
345
339
617
490
631
583
326
792
238
340
183
838
777
966
935
891
246
464
503
704
388
594
343
166
273
275
549
278
933
452
9
874
460
929
468
692
56
109
444
936
520
504
269
282
675
840
873
348
671
68
764
605
47
440
31
994
900
789
99
229
232
992
226
796
400
662
591
98
169
587
608
502
48
182
499
562
436
739
192
913
401
312
291
991
128
937
356
413
888
204
402
805
466
623
328
810
186
589
249
896
57
573
471
75
372
168
542
360
644
666
832
585
376
478
64
912
563
836
771
908
44
262
909
62
156
738
698
370
134
500
781
453
825
470
316
624
905
82
205
811
862
537
317
161
389
346
50
815
938
619
96
91
369
193
879
555
658
727
240
880
674
827
494
975
725
83
368
544
296
301
971
281
14
338
799
945
265
983
132
780
266
786
858
283
610
766
529
762
904
445
417
522
757
116
375
877
664
981
524
451
922
505
383
386
814
653
709
157
237
625
263
165
23
30
927
602
718
515
508
357
261
546
4
886
435
716
795
926
152
248
678
303
932
855
947
420
203
845
612
833
418
120
54
719
633
175
465
398
711
782
694
803
141
806
257
535
914
772
745
950
684
525
206
848
139
596
299
559
8
769
506
784
79
693
201
177
117
305
396
154
824
446
821
46
173
86
127
748
423
18
191
199
264
309
679
700
867
58
868
988
581
543
552
52
652
155
817
425
37
16
89
458
314
271
221
434
853
869
415
604
830
1001
92
295
899
219
354
341
726
659
990
607
51
854
311
143
412
475
411
469
632
17
734
313
533
233
3
210
680
691
921
32
114
647
744
330
642
361
197
43
732
247
136
749
953
751
804
843
397
337
565
138
958
571
27
944
323
53
636
33
894
972
997
939
21
593
819
531
105
599
783
359
501
214
438
495
392
940
767
601
108
897
421
130
302
516
964
374
710
920
616
974
403
763
627
284
13
73
952
97
673
672
216
870
847
934
244
480
779
986
925
584
456
424
332
285
76
510
101
887
241
123
722
513
6
235
755
129
706
25
258
111
38
808
26
965
59
252
208
545
976
145
746
124
592
823
802
837
962
733
839
342
215
230
955
572
539
94
85
689
941
146
399
441
999
167
860
713
788
569
959
702
270
980
730
747
721
663
407
754
785
195
812
532
735
181
251
267
963
150
518
575
828
628
67
125
650
151
325
534
699
428
882
437
185
347
135
459
373
866
576
35
12
993
366
878
657
10
820
635
20
292
170
242
577
600
918
234
362
286
989
773
227
729
416
519
355
942
911
176
901
687
831
194
987
172
758
595
740
377
902
514
126
556
65
324
807
582
924
212
179
450
507
829
906
180
272
344
70
910
775
71
778
353
174
160
34
163
476
676
892
750
485
982
615
620
609
467
443
509
550
297
561
159
95
351
978
80
701
439
497
724
696
630
731
517
656
406
579
973
560
948
294
968
776
153
288
683
521
287
2
526
432
11
622
578
72
189
554
49
211
381
536
137
100
327
618
184
498
422
90
856
527
442
816
984
457
84
512
567
24
293
78
118
651
538
760
852
770
588
865
41
714
930
826
645
371
540
859
363
861
318
643
336
107
322
307
634
568
915
547
93
148
586
649
998
863
885
231
768
190
979
162
564
703
395
790
667
686
279
121
655
473
217
614
697
164
103
268
380
574
638
871
254
996
42
893
253
147
484
-1
EOF
