NAME : sim1001.302820.tour
COMMENT : Length = 302820
COMMENT : Found by LKH [Keld Helsgaun] Tue Sep 11 01:37:57 2018
TYPE : TOUR
DIMENSION : 1001
TOUR_SECTION
1
43
838
642
457
876
284
126
74
857
923
204
171
518
823
285
94
279
680
250
922
437
713
458
22
212
46
582
99
197
712
470
633
488
719
840
13
399
368
321
349
648
170
179
111
261
698
558
921
120
743
886
187
689
320
88
603
549
678
770
325
852
615
882
287
796
154
669
115
136
568
316
684
822
14
105
844
159
117
891
357
503
239
773
955
96
485
574
313
425
702
756
345
869
288
861
359
967
971
412
445
110
748
964
741
565
668
797
545
811
783
169
798
754
874
453
175
260
926
7
520
645
76
422
974
343
814
148
920
519
253
108
858
434
663
95
788
499
234
561
812
848
393
612
328
628
824
258
564
500
233
182
37
192
542
298
78
619
953
216
475
403
80
537
324
570
587
59
580
968
214
440
947
935
552
411
274
47
846
70
784
650
254
406
777
586
715
195
673
910
408
581
162
140
818
387
659
871
186
355
525
623
79
433
850
398
629
591
293
904
596
598
286
29
449
513
942
842
33
245
54
732
77
299
336
207
562
539
337
894
688
731
832
85
528
616
189
497
441
802
507
82
158
862
484
915
55
468
302
761
664
232
624
856
701
69
364
330
584
803
609
809
918
950
670
721
473
146
315
641
266
118
495
893
828
805
165
898
62
984
166
300
219
310
782
134
322
983
635
774
83
442
736
538
57
42
106
290
860
53
494
924
426
142
448
15
309
772
835
529
206
530
450
335
297
278
676
695
40
634
26
428
378
35
900
887
226
102
511
849
394
820
667
959
872
733
699
351
566
97
10
535
771
716
238
222
687
622
319
908
404
338
523
759
48
334
883
740
657
830
447
813
826
819
578
133
905
366
98
420
213
734
692
375
86
282
439
24
540
890
472
723
379
429
760
246
72
383
131
567
560
502
63
980
888
957
839
237
138
666
917
243
654
834
906
963
845
329
501
807
323
879
455
491
272
225
944
555
483
363
556
223
793
626
543
655
143
489
397
482
607
599
816
255
700
168
135
505
60
390
630
305
294
265
344
172
132
859
465
100
220
608
221
244
804
374
865
933
686
930
493
972
710
728
932
436
536
271
724
121
263
137
127
257
938
571
762
463
388
675
307
353
514
791
534
992
466
469
681
652
217
229
173
987
744
199
90
262
909
821
979
8
843
369
831
12
527
423
81
679
188
156
277
73
892
557
546
34
358
306
341
380
735
778
427
690
28
372
247
526
981
595
109
787
432
160
11
870
141
877
389
867
348
376
153
554
601
854
149
994
342
982
176
928
998
662
703
516
825
147
896
430
683
67
916
604
268
228
332
281
452
855
1000
919
267
769
969
704
381
768
477
347
639
487
418
417
459
36
193
973
242
775
637
912
750
833
694
256
190
718
927
191
510
755
215
185
780
672
836
726
878
986
569
943
551
841
218
152
651
810
9
200
151
853
940
544
464
991
647
962
776
401
800
605
729
270
941
594
590
547
339
1001
631
346
705
308
522
646
512
2
31
68
588
370
884
184
706
977
661
20
25
333
45
56
506
766
508
451
958
851
38
314
720
259
410
492
211
563
350
779
864
385
697
231
405
164
691
490
763
880
124
952
600
931
541
480
593
276
224
177
65
467
515
183
23
289
956
407
988
752
815
751
194
32
863
61
559
550
415
161
362
742
275
722
897
5
925
454
471
201
808
280
592
52
107
914
711
785
71
386
252
327
318
693
847
87
653
717
948
767
331
895
392
531
995
753
18
481
533
934
93
579
827
478
966
58
167
758
438
727
685
990
208
326
296
3
671
303
954
17
903
163
373
202
416
476
41
16
196
291
395
621
572
618
937
829
610
360
356
44
354
911
649
264
157
589
365
139
795
866
312
340
460
178
122
817
749
627
989
949
714
614
304
39
868
976
509
764
446
241
747
746
400
424
636
620
382
155
292
443
474
707
295
27
413
125
6
75
665
119
444
89
144
577
946
643
640
913
180
789
30
606
486
112
799
899
91
978
524
939
205
970
462
181
317
249
150
92
64
999
421
575
396
985
103
235
611
674
4
371
504
123
456
602
801
21
301
361
128
738
174
786
269
975
682
461
745
632
696
585
902
113
737
889
951
198
311
414
391
377
739
997
901
50
790
725
240
553
409
837
677
936
19
709
230
532
419
517
945
960
129
644
548
873
84
881
236
367
203
496
352
273
613
498
597
227
283
116
806
792
996
114
66
993
583
965
251
929
660
781
248
101
384
576
708
794
104
402
49
638
656
130
573
435
757
479
617
431
885
875
907
209
765
625
658
961
51
730
521
145
210
-1
EOF
