NAME : sim1001.308215.tour
COMMENT : Length = 308215
COMMENT : Found by LKH [Keld Helsgaun] Tue Sep 11 14:36:49 2018
TYPE : TOUR
DIMENSION : 1001
TOUR_SECTION
1
260
237
371
36
133
462
99
527
211
616
955
59
624
760
772
240
28
416
536
38
188
90
957
697
264
401
705
971
184
621
708
201
325
387
973
141
539
220
906
566
394
570
729
437
838
544
719
683
311
494
290
477
280
217
65
238
541
34
365
798
793
507
488
649
672
200
440
731
791
725
180
226
246
630
808
606
357
519
91
160
769
14
178
381
214
734
127
866
227
222
489
516
686
972
453
997
153
893
243
559
781
431
805
714
679
912
430
843
145
678
733
138
816
247
928
910
163
48
497
122
919
996
49
920
970
651
506
198
950
863
926
691
899
511
31
146
633
322
656
58
551
980
340
251
728
573
479
900
944
574
162
428
711
72
601
118
403
44
581
861
182
323
611
15
938
1000
911
123
854
520
95
788
309
901
29
813
755
37
41
417
883
461
187
968
196
789
582
975
194
602
22
42
522
688
881
702
209
804
92
114
319
493
880
689
741
483
174
361
253
592
12
780
206
533
419
526
886
422
195
580
737
925
30
856
964
577
992
501
985
740
232
851
907
703
286
334
332
83
650
373
739
88
402
874
892
404
382
126
828
869
770
557
531
292
112
134
110
504
690
111
117
396
71
548
359
898
151
438
865
593
872
289
546
954
52
840
628
612
380
248
722
386
415
987
98
629
13
693
384
156
2
208
363
514
653
523
764
16
442
848
27
351
724
433
40
774
916
735
589
265
669
615
157
173
450
17
372
999
967
867
45
707
922
327
643
103
6
787
105
634
444
575
263
846
948
752
407
585
983
408
525
358
763
192
786
666
268
692
20
465
754
314
115
598
762
844
943
782
681
185
597
834
56
218
93
721
747
190
203
481
717
668
982
659
360
131
318
924
658
239
326
591
429
313
435
878
904
790
654
675
271
608
63
847
424
288
100
619
913
700
704
738
144
524
231
655
297
885
475
801
139
324
167
771
143
914
977
485
547
785
448
994
412
990
155
339
647
70
223
743
889
321
67
710
476
905
119
490
364
871
820
748
940
210
73
648
331
283
32
758
792
86
855
197
830
676
620
515
207
301
302
941
205
942
443
661
746
256
460
102
336
677
795
742
984
474
310
644
347
988
398
635
908
923
136
931
726
960
84
736
594
745
484
833
862
841
242
124
873
113
94
132
563
545
571
285
405
701
135
918
553
369
224
148
860
482
427
800
667
152
1001
744
315
542
216
646
939
375
39
439
695
837
61
420
142
478
421
234
249
215
202
706
252
342
125
466
212
96
344
464
832
796
3
812
657
7
165
183
909
877
76
106
9
204
228
306
756
576
590
410
896
79
418
66
284
35
641
390
335
308
850
568
825
199
356
993
749
33
583
768
473
713
617
761
379
276
934
330
378
607
55
902
513
528
269
491
991
120
579
767
441
638
449
936
776
974
895
600
368
989
60
409
517
671
241
258
550
179
727
759
51
454
75
366
281
287
962
316
933
457
857
168
564
605
74
613
97
663
376
818
388
109
797
829
370
270
508
10
469
819
716
312
62
161
555
518
486
757
823
298
674
839
266
69
814
307
487
596
794
636
652
827
432
177
348
543
104
537
235
158
496
639
888
852
897
532
969
54
137
884
572
85
53
625
257
803
929
304
673
978
849
956
558
81
917
425
50
5
343
423
961
82
604
510
140
560
709
687
329
784
766
981
181
723
530
529
826
261
320
21
610
272
627
946
783
426
171
250
505
4
164
859
399
367
337
338
561
799
259
147
391
549
887
480
930
492
664
882
445
279
11
682
455
236
698
350
595
509
467
499
436
952
107
868
8
346
278
640
696
447
915
170
802
186
773
935
213
807
500
587
842
267
718
921
463
262
374
451
552
642
296
959
891
191
189
294
858
584
660
25
569
645
221
890
273
614
694
712
631
159
459
903
411
46
699
864
377
468
108
670
876
778
680
836
810
150
765
175
225
554
333
986
355
128
18
413
78
352
169
947
47
362
472
599
715
995
540
875
958
23
414
354
154
406
720
295
835
498
303
853
945
328
397
750
101
562
777
998
452
393
556
193
254
349
446
618
341
586
831
68
24
567
233
512
976
19
149
821
121
953
622
80
383
345
282
779
305
927
565
395
87
64
730
578
89
244
495
43
979
603
775
879
811
471
521
815
870
470
966
353
685
623
535
963
824
255
130
389
845
632
732
300
662
458
502
245
291
400
894
229
534
817
626
503
166
456
274
751
822
434
275
219
392
26
665
753
684
277
949
951
806
937
57
172
116
129
965
385
293
637
230
317
588
609
176
77
299
932
809
538
-1
EOF
