NAME : sim1001.310804.tour
COMMENT : Length = 310804
COMMENT : Found by LKH [Keld Helsgaun] Tue Sep 11 14:48:54 2018
TYPE : TOUR
DIMENSION : 1001
TOUR_SECTION
1
345
118
494
947
962
521
8
868
66
383
291
717
3
946
398
137
518
85
871
615
666
417
487
768
441
493
234
183
224
747
53
598
969
877
749
339
164
77
192
774
306
705
141
517
2
181
284
950
353
496
788
500
887
805
107
450
520
732
907
904
837
786
725
783
848
769
762
297
160
364
603
909
750
659
584
641
599
663
819
34
91
80
992
860
149
879
451
688
189
350
446
197
275
424
846
362
778
535
804
145
318
293
640
315
928
401
718
878
856
673
692
883
147
388
22
735
945
371
993
223
616
242
188
886
906
48
998
850
620
71
172
120
625
759
745
105
971
386
677
433
23
62
395
669
867
271
602
703
465
810
902
219
32
475
791
434
289
127
112
929
901
642
463
468
866
851
645
99
952
134
33
689
488
360
201
397
122
143
974
566
54
981
52
585
426
701
936
354
874
559
716
258
166
411
382
857
858
403
229
662
668
700
36
309
94
428
529
999
447
412
74
652
292
690
897
785
200
179
185
594
588
30
410
283
576
767
344
575
144
597
777
586
314
272
825
206
890
277
557
832
40
35
461
912
976
610
217
212
614
814
872
844
553
512
246
307
824
870
65
667
239
114
623
358
869
72
664
457
203
472
533
41
795
963
905
477
443
343
639
593
15
934
894
5
399
726
47
638
650
864
830
400
697
132
342
606
525
495
377
503
163
941
214
924
694
741
757
215
548
755
940
375
153
484
357
519
643
649
84
300
563
973
793
59
884
991
756
268
590
551
88
437
389
128
492
501
843
313
609
933
462
21
26
135
680
384
633
459
486
295
168
800
155
836
281
961
761
169
831
321
807
449
458
311
287
748
537
895
648
578
405
900
569
743
347
574
567
236
231
670
696
195
547
483
139
50
24
714
913
221
882
288
11
539
970
230
990
964
507
514
828
889
456
984
797
627
372
124
454
903
683
150
526
939
69
989
691
570
818
540
182
798
285
87
259
476
243
177
822
698
6
184
654
213
682
863
16
657
505
829
253
429
470
294
949
414
418
561
954
808
387
178
13
827
392
983
126
367
119
738
310
956
267
78
704
502
988
27
733
232
699
635
865
340
731
25
299
605
204
499
931
263
286
740
796
634
676
19
478
833
958
473
542
744
938
852
572
175
982
728
764
402
136
534
910
322
330
558
442
899
944
607
341
995
773
117
565
891
210
173
409
323
261
636
922
926
257
222
186
334
849
370
536
12
942
302
245
921
782
528
301
76
919
349
538
432
720
581
523
589
165
324
64
671
337
352
180
422
58
619
723
159
530
380
789
247
611
198
329
736
511
815
583
859
930
560
60
656
754
276
305
630
840
325
174
661
333
577
111
812
972
758
719
425
385
244
146
516
706
436
792
220
162
113
809
592
390
816
647
20
509
784
365
727
327
346
595
980
917
420
862
711
218
416
787
751
393
413
376
123
142
485
431
298
996
55
608
737
394
855
296
102
977
873
708
379
629
779
466
248
369
331
391
381
532
644
554
489
813
892
675
308
43
251
925
513
338
821
57
156
396
562
948
893
430
651
209
760
702
571
29
839
771
622
89
543
366
42
987
943
49
841
587
853
556
898
474
226
279
674
672
678
646
68
116
835
854
753
935
249
70
985
95
497
241
637
826
997
968
721
596
351
885
319
772
61
228
452
541
469
515
617
817
373
44
695
780
254
955
202
681
207
158
250
801
79
151
104
421
546
10
621
31
896
545
187
93
233
125
129
549
544
106
498
440
628
269
138
729
67
660
274
739
278
356
97
490
280
444
328
264
348
211
332
115
978
176
875
86
110
237
152
9
573
524
270
847
471
63
937
790
687
1001
799
482
190
100
564
407
317
408
806
765
154
14
752
742
83
335
966
404
435
707
304
951
240
133
148
227
967
255
28
460
915
975
880
479
631
480
73
359
374
770
916
601
235
579
918
994
960
684
582
626
90
491
932
439
552
781
171
46
170
445
504
131
591
568
38
957
208
861
746
658
96
45
355
326
838
103
265
262
679
580
464
776
101
256
37
18
260
842
167
39
92
199
140
624
959
193
273
531
4
834
632
108
282
1000
911
312
820
130
724
467
881
763
455
378
205
766
196
320
303
710
98
368
734
238
17
665
685
336
56
613
923
361
693
109
965
406
823
927
363
655
266
709
522
794
811
803
481
453
920
415
290
953
75
510
908
775
427
876
914
600
423
157
730
225
51
191
802
448
612
986
715
81
216
506
316
845
527
712
555
618
194
419
438
713
252
722
888
979
653
82
121
161
550
604
508
7
686
-1
EOF
