NAME : sim701.261293.tour
COMMENT : Length = 261293
COMMENT : Found by LKH [Keld Helsgaun] Mon Sep 17 19:28:38 2018
TYPE : TOUR
DIMENSION : 701
TOUR_SECTION
1
21
156
29
259
457
166
95
696
37
666
333
616
625
517
698
249
82
151
152
324
162
377
681
225
422
295
63
126
545
46
256
483
100
501
223
446
479
312
233
326
508
643
553
195
636
609
148
371
316
118
319
445
447
90
356
67
672
44
13
640
697
172
571
81
506
613
8
461
229
680
303
149
91
121
272
454
97
300
165
360
541
574
235
596
125
9
219
700
410
400
110
310
260
396
176
509
89
181
497
117
623
431
197
660
239
415
327
527
252
558
436
390
494
127
699
329
534
321
334
618
215
61
130
209
637
284
266
682
659
477
591
657
351
452
243
638
340
530
394
634
438
116
425
87
475
33
441
86
242
164
458
401
537
428
695
304
482
663
359
293
350
409
218
52
678
648
432
175
238
62
251
544
586
633
342
515
392
487
615
481
489
549
627
370
463
532
43
503
270
466
75
562
308
662
459
426
108
391
144
122
607
25
498
376
404
480
621
111
339
460
427
567
668
369
337
28
673
416
382
200
600
124
202
39
180
403
45
330
555
328
380
194
448
649
71
19
299
641
381
664
650
30
317
581
383
245
160
594
395
430
168
582
671
302
465
573
630
228
231
580
598
262
688
84
214
163
140
105
645
565
368
619
305
575
589
114
546
167
102
378
620
554
418
177
79
4
136
605
204
701
232
131
203
115
525
363
386
265
301
366
387
665
294
157
474
271
53
496
576
583
248
521
193
419
335
323
280
364
94
685
531
182
519
341
455
599
491
227
604
12
283
191
288
444
56
226
234
566
35
421
34
132
611
675
595
85
561
2
560
287
352
196
174
413
59
556
514
64
507
93
31
150
92
399
653
103
138
36
423
211
533
362
467
569
49
210
690
291
490
536
23
411
478
393
146
230
74
285
388
642
656
572
652
629
585
564
493
17
464
593
449
292
14
241
309
674
406
524
40
20
201
408
691
55
476
112
677
658
486
276
592
179
18
610
38
68
88
80
77
263
608
644
614
212
588
99
518
397
198
551
529
213
635
543
590
3
98
101
540
603
512
456
145
137
526
689
57
559
473
384
628
154
389
484
632
255
268
332
336
273
313
651
443
133
505
221
502
141
27
354
253
205
314
568
264
134
331
462
510
373
318
32
120
297
190
639
542
345
119
267
250
208
24
296
42
274
402
579
142
244
15
631
548
107
485
155
451
538
539
237
470
353
365
617
557
188
676
361
661
298
694
282
257
178
54
347
76
669
499
495
358
269
216
173
522
385
153
192
622
667
158
159
471
374
70
50
139
169
412
207
113
516
187
65
355
472
523
315
279
258
236
10
41
170
307
325
437
128
73
185
488
322
51
492
129
686
624
612
453
306
6
469
171
186
513
96
343
184
16
206
654
357
222
684
135
277
106
414
570
254
22
109
348
424
246
646
183
48
60
433
83
261
577
434
338
26
679
587
72
123
563
468
440
344
511
66
11
320
683
5
601
528
147
578
375
602
407
647
504
442
161
606
7
420
435
417
349
626
224
379
78
372
217
584
367
278
289
547
346
199
220
398
655
240
552
687
47
189
281
290
275
550
143
439
597
670
286
104
450
69
405
58
247
692
693
500
311
535
429
520
-1
EOF
