NAME : sim321.174709.tour
COMMENT : Length = 174709
COMMENT : Found by LKH [Keld Helsgaun] Sat Sep 15 15:23:26 2018
TYPE : TOUR
DIMENSION : 321
TOUR_SECTION
1
2
74
172
127
277
287
43
100
267
264
70
27
87
246
117
211
28
105
281
29
151
11
48
182
23
178
123
262
292
60
30
268
174
303
299
142
86
54
276
209
235
112
216
205
278
67
309
252
73
284
135
306
146
53
171
111
307
312
51
313
220
38
273
147
6
37
212
177
258
240
164
133
42
253
26
294
238
72
148
288
118
203
204
56
152
217
263
234
107
113
134
190
181
104
232
250
63
65
95
115
156
108
168
271
301
293
91
183
239
55
224
282
34
9
188
69
255
193
116
150
243
130
61
279
8
257
297
227
289
226
169
213
265
121
50
163
202
280
140
99
195
166
22
40
285
304
125
184
76
179
320
82
230
302
173
93
18
316
175
77
66
159
109
272
16
97
247
254
315
71
58
45
128
283
78
84
270
110
17
214
260
46
251
90
197
296
96
199
295
198
249
36
191
192
259
269
131
44
187
5
92
207
155
3
231
244
7
98
290
119
57
194
215
68
21
286
88
49
274
236
129
81
310
245
210
186
311
32
24
19
256
20
242
180
31
138
137
308
124
241
139
201
4
122
298
59
228
39
12
41
317
189
305
229
319
318
160
33
62
161
75
275
157
158
35
13
145
266
222
162
102
165
300
206
120
185
52
196
218
291
10
80
126
15
167
64
103
47
154
208
83
261
143
101
132
219
144
94
85
89
176
237
321
153
225
14
221
106
25
136
141
233
149
170
314
114
79
223
200
248
-1
EOF
