NAME : sim1001.307939.tour
COMMENT : Length = 307939
COMMENT : Found by LKH [Keld Helsgaun] Tue Sep 11 05:12:49 2018
TYPE : TOUR
DIMENSION : 1001
TOUR_SECTION
1
83
316
906
994
742
96
51
211
18
984
540
9
615
951
92
938
322
861
117
551
708
187
696
507
664
11
774
481
931
990
508
590
562
251
979
996
87
992
159
197
354
385
598
62
425
303
986
808
684
112
389
233
1000
893
901
601
943
630
668
183
672
871
146
683
140
700
891
116
913
119
2
803
373
124
760
912
817
845
884
68
414
510
987
114
337
167
827
721
753
12
491
865
896
406
922
967
678
252
594
387
177
486
236
338
981
661
24
995
70
737
744
143
832
401
500
632
502
452
82
326
970
1001
366
8
276
565
25
493
519
558
196
955
879
527
402
763
702
280
7
152
711
764
440
752
676
111
441
388
202
382
122
820
213
383
656
501
407
852
564
218
128
76
488
310
499
125
463
127
320
925
416
528
800
575
673
229
511
993
438
207
593
605
460
190
543
756
428
227
578
919
639
903
821
874
868
617
148
113
240
369
544
726
607
942
180
286
473
908
512
318
973
457
330
625
521
297
156
435
999
662
950
523
963
638
840
738
608
175
367
857
920
191
317
589
200
613
312
386
246
413
660
4
603
412
856
332
976
830
659
522
567
933
442
745
842
604
755
928
353
580
623
941
771
934
954
203
50
796
650
797
309
417
363
585
695
305
250
249
978
434
65
94
609
392
300
811
714
105
235
179
855
534
23
722
194
980
863
27
427
592
866
453
474
532
173
867
208
144
591
504
498
517
733
917
876
643
805
13
991
81
597
816
60
253
815
19
690
421
828
268
506
554
49
91
900
199
825
566
158
431
101
859
961
975
971
351
378
497
693
86
636
759
549
878
432
271
786
174
777
458
849
32
84
302
287
234
649
451
875
445
560
611
46
619
953
3
63
120
327
782
138
729
682
546
356
61
168
455
538
170
469
907
465
165
205
157
927
869
779
775
818
395
133
343
224
258
437
162
686
487
831
705
314
910
600
881
561
781
45
712
762
110
97
795
724
557
456
525
394
212
694
48
728
823
834
40
862
940
228
26
340
489
292
43
723
524
147
166
409
482
936
730
21
357
265
569
429
915
780
342
163
79
514
349
586
570
518
130
670
107
375
483
420
634
897
192
362
151
610
137
734
215
665
171
178
905
587
169
164
520
29
102
467
944
278
793
904
341
572
5
882
261
998
535
290
921
706
537
837
703
315
396
529
153
616
663
336
740
515
958
864
270
204
189
965
279
596
31
801
490
790
475
95
477
627
468
454
513
652
658
325
206
42
505
581
923
889
531
108
241
582
77
355
376
419
17
974
350
136
945
988
757
655
909
948
184
185
64
892
352
785
964
176
715
778
843
822
719
631
563
548
267
914
550
295
301
688
635
599
275
809
484
298
433
492
6
699
539
410
230
618
791
344
248
466
30
542
888
285
34
748
90
667
71
16
924
911
850
59
242
576
397
319
360
223
621
697
628
313
671
150
731
255
216
509
232
946
902
139
307
222
361
645
22
802
530
939
754
55
289
443
824
858
195
689
494
181
405
614
743
835
997
89
555
131
541
633
282
949
644
333
15
579
464
675
284
937
54
969
713
345
773
364
885
423
798
637
129
58
804
747
788
568
932
193
472
959
239
471
776
28
602
52
256
145
154
977
698
485
890
653
182
281
109
72
478
198
727
746
411
847
571
331
750
214
677
210
134
574
293
283
707
219
359
142
813
583
74
685
365
73
80
620
646
853
758
462
160
339
873
681
39
836
526
751
966
415
85
220
126
533
238
709
254
257
41
960
648
770
476
839
390
188
595
687
654
263
503
739
496
894
10
14
666
716
418
217
371
399
767
329
669
692
545
436
886
294
766
679
374
37
33
701
765
274
231
243
552
447
749
880
588
38
226
201
304
121
947
968
806
612
470
956
812
495
584
36
732
735
725
335
647
789
259
20
851
370
916
141
324
308
88
299
792
358
439
306
848
872
459
368
323
573
957
841
629
870
449
982
651
810
57
106
98
379
761
577
348
691
161
118
400
273
115
718
430
221
346
769
829
269
989
422
657
479
384
844
962
225
787
446
296
44
930
883
606
237
704
75
624
640
209
854
426
887
833
784
783
103
918
641
372
104
404
47
277
547
480
559
172
860
516
132
424
935
264
450
877
155
135
347
186
807
149
444
799
819
99
642
899
266
66
674
245
291
622
929
393
826
985
741
123
311
380
461
262
846
838
448
952
100
377
244
403
272
78
626
391
247
895
321
736
381
710
983
398
814
553
680
328
53
898
717
768
408
794
260
56
556
288
972
772
720
69
536
35
926
67
334
93
-1
EOF
