NAME : sim1001.306010.tour
COMMENT : Length = 306010
COMMENT : Found by LKH [Keld Helsgaun] Tue Sep 11 04:17:39 2018
TYPE : TOUR
DIMENSION : 1001
TOUR_SECTION
1
627
707
979
390
323
572
814
602
999
734
864
427
241
901
778
250
749
514
207
829
981
177
700
338
756
89
229
893
545
925
279
39
500
559
154
25
220
721
84
748
982
238
877
591
621
28
878
396
809
673
443
120
440
271
868
666
997
702
255
866
332
827
543
61
317
728
516
887
456
830
155
125
942
350
960
298
882
503
582
294
352
894
852
859
362
99
88
589
244
313
821
980
351
346
173
128
21
571
991
985
290
301
765
254
152
692
93
517
505
262
176
464
416
944
625
260
455
726
251
26
647
157
945
937
333
865
549
295
311
872
874
524
91
226
329
735
844
283
899
550
147
160
345
635
890
38
463
684
586
753
485
718
694
243
773
554
119
224
136
206
738
53
310
303
197
364
115
240
822
525
965
10
126
978
36
108
664
931
437
722
343
354
820
274
988
833
757
966
957
994
116
790
908
975
297
677
557
574
444
919
835
638
846
392
103
395
438
592
234
594
922
288
580
222
4
377
139
799
148
897
145
76
74
751
16
434
560
272
639
460
731
818
875
840
935
898
823
932
167
211
29
374
85
328
552
741
662
955
733
903
687
421
391
604
480
600
967
236
801
264
824
507
237
35
812
578
475
348
914
67
204
951
796
891
170
276
375
615
544
603
414
258
41
62
562
860
225
165
532
667
231
308
94
203
519
411
920
766
248
465
699
534
96
760
926
724
131
494
5
219
117
490
256
404
101
477
365
858
378
575
22
105
537
179
928
961
616
95
393
950
834
202
828
82
921
850
161
675
838
446
593
162
2
46
841
1001
879
113
970
439
530
522
77
209
124
784
462
848
526
189
916
995
936
772
905
275
479
65
273
358
12
307
78
361
300
215
918
327
293
336
287
19
15
758
777
802
163
888
340
182
42
709
470
305
478
277
711
904
956
141
143
644
468
633
601
716
372
259
257
725
558
779
79
151
267
531
870
949
153
689
597
808
382
698
788
815
670
889
263
369
7
198
60
492
568
869
954
619
334
137
399
679
331
184
233
576
553
971
849
794
495
685
705
23
92
540
606
529
622
911
652
620
196
608
771
669
843
810
611
216
318
34
292
48
491
321
697
57
235
617
379
168
943
31
400
106
32
630
690
855
123
221
420
640
797
227
401
987
47
959
472
186
564
763
59
502
900
230
645
403
394
291
817
774
33
556
596
353
9
302
816
723
986
787
194
129
977
493
780
54
745
968
68
791
895
762
409
174
623
419
261
538
706
613
924
473
11
930
907
770
609
232
175
548
501
686
653
132
499
383
448
551
150
785
56
164
133
188
191
481
341
856
433
665
506
641
837
407
915
528
72
632
588
359
504
803
330
775
832
704
8
339
973
696
337
410
367
281
242
442
998
66
535
646
512
963
847
486
469
929
49
100
563
412
612
449
178
357
659
185
983
976
356
729
43
839
737
426
583
355
626
304
913
873
990
917
871
71
104
156
896
939
320
180
792
373
63
81
781
566
661
50
270
682
474
218
325
432
171
172
730
599
910
385
789
547
488
648
130
964
742
135
570
521
471
880
430
938
326
952
854
459
98
561
18
710
782
20
831
335
55
527
674
660
655
708
795
885
476
169
418
793
86
634
342
121
213
183
423
431
309
747
876
668
349
87
972
347
712
228
441
450
388
715
934
102
761
223
454
587
717
344
90
249
857
406
1000
768
246
217
836
819
631
415
201
750
651
636
458
996
643
902
489
30
714
360
783
672
461
387
513
629
909
515
637
451
114
806
269
740
567
736
192
75
989
610
695
149
892
533
691
845
605
800
280
881
371
285
658
83
109
883
384
247
278
111
252
366
138
508
595
97
861
51
483
70
413
44
466
732
429
546
813
24
110
947
482
319
739
159
299
754
417
628
720
719
649
678
17
239
370
703
584
14
286
45
27
542
212
324
200
210
134
663
941
58
265
381
743
536
296
927
436
598
520
590
933
435
112
52
555
445
744
804
701
315
884
208
569
992
974
484
948
946
807
752
289
205
142
3
127
607
579
402
195
498
368
166
181
862
253
826
158
851
798
37
683
386
405
962
614
811
199
424
676
69
316
654
656
767
214
539
863
80
376
282
268
759
923
969
565
993
577
618
912
523
853
40
245
746
193
958
511
671
642
398
428
585
755
397
681
363
953
140
107
496
422
118
487
650
541
867
518
786
322
144
389
266
657
467
573
581
312
906
457
190
6
452
764
447
284
497
713
769
510
122
64
805
680
306
73
776
825
509
13
984
314
624
380
886
146
425
187
693
940
842
453
727
408
688
-1
EOF
