NAME : sim251.153749.tour
COMMENT : Length = 153749
COMMENT : Found by LKH [Keld Helsgaun] Tue Sep 11 17:06:59 2018
TYPE : TOUR
DIMENSION : 251
TOUR_SECTION
1
80
23
242
205
144
101
99
184
36
179
49
98
143
224
145
175
218
249
149
235
31
75
62
90
142
33
22
163
65
162
204
115
244
79
37
159
196
147
57
14
160
173
11
248
151
251
28
7
39
61
123
87
150
114
171
83
93
166
112
106
194
132
40
42
200
17
217
168
216
203
141
156
45
59
128
48
86
223
157
197
46
20
190
133
169
212
82
210
198
220
4
72
85
24
207
120
152
225
172
185
44
30
234
222
43
137
146
84
178
81
110
96
60
32
107
18
180
102
66
238
209
77
103
226
76
119
140
126
158
97
135
68
215
230
188
111
148
187
6
108
25
89
63
29
161
64
155
9
13
237
221
74
109
12
250
10
121
170
50
116
233
229
55
227
167
186
38
117
153
154
26
104
139
67
88
129
105
213
174
51
54
202
5
243
232
47
125
130
78
199
228
71
164
138
246
201
181
27
214
245
35
15
131
3
2
241
58
21
236
95
73
122
192
195
56
183
189
191
239
118
208
113
247
182
127
16
206
69
41
53
19
94
177
70
231
92
136
52
124
8
100
91
193
211
34
176
134
219
165
240
-1
EOF
