NAME : sim321.177045.tour
COMMENT : Length = 177045
COMMENT : Found by LKH [Keld Helsgaun] Sat Sep 15 22:56:46 2018
TYPE : TOUR
DIMENSION : 321
TOUR_SECTION
1
80
67
195
282
284
287
317
63
225
88
243
309
175
179
115
206
318
157
160
123
159
227
153
223
289
13
174
17
177
191
126
104
271
138
286
310
36
61
71
111
162
320
198
202
146
100
297
216
280
124
96
178
20
248
57
5
84
201
251
70
76
10
224
264
229
73
293
220
307
207
152
232
46
238
279
148
4
90
262
254
24
311
261
304
12
193
276
314
15
319
2
170
39
102
242
259
33
16
47
295
103
222
58
145
32
122
83
133
176
275
28
116
125
203
296
43
85
135
29
168
155
9
312
185
190
278
150
158
66
180
192
30
188
147
40
140
89
270
186
114
27
183
41
117
208
121
141
292
38
303
68
245
210
173
31
240
23
131
234
255
34
231
300
69
247
213
249
52
266
321
184
21
55
109
65
288
239
6
134
94
253
221
246
78
194
128
54
230
214
110
105
143
204
37
166
18
233
22
172
50
81
7
298
316
250
257
101
142
187
42
26
200
95
197
306
72
285
53
25
235
256
308
137
302
144
97
77
305
218
119
294
258
211
219
161
139
163
19
273
315
62
290
260
60
181
91
199
118
127
74
51
112
149
151
281
8
45
263
209
3
98
167
99
59
56
156
48
277
86
215
132
49
265
136
64
107
299
35
171
182
244
252
267
272
108
237
92
164
274
301
217
269
189
87
241
154
120
75
196
212
291
93
205
268
82
165
106
11
130
79
313
14
236
226
113
129
44
228
283
169
-1
EOF
