NAME : sim501.222796.tour
COMMENT : Length = 222796
COMMENT : Found by LKH [Keld Helsgaun] Mon Sep 10 23:59:03 2018
TYPE : TOUR
DIMENSION : 501
TOUR_SECTION
1
168
449
241
166
113
337
84
428
10
304
278
161
353
27
274
263
150
369
164
103
32
423
485
379
201
134
242
483
470
230
105
137
154
491
3
88
118
125
367
193
481
75
284
412
368
324
9
317
24
23
73
215
421
140
430
286
248
408
409
218
98
402
179
424
499
482
494
435
458
87
149
234
221
270
64
357
293
349
86
264
348
135
343
109
146
311
451
261
372
171
476
66
445
203
391
100
206
362
352
287
346
91
99
400
439
429
474
62
285
450
417
126
111
53
151
398
143
342
72
295
480
61
279
38
183
152
492
294
383
207
361
70
247
419
266
475
418
446
403
345
187
465
78
156
399
299
501
300
182
173
148
460
185
54
96
358
315
479
260
194
223
456
404
356
468
85
370
212
433
11
158
184
257
155
420
63
132
344
319
473
15
250
58
8
139
30
323
302
328
163
395
29
384
401
366
142
46
35
364
380
306
45
18
454
33
453
80
205
117
44
407
22
157
219
124
186
119
101
305
90
329
226
131
130
104
422
497
448
377
177
227
410
413
493
432
243
6
496
283
351
19
414
217
363
259
415
333
339
471
147
373
178
169
5
459
489
228
271
153
49
312
378
297
165
57
239
457
210
31
406
336
487
76
267
167
386
145
192
121
322
43
108
488
172
198
189
280
389
355
67
498
495
190
335
360
314
256
341
170
469
92
484
253
128
220
382
388
231
28
359
462
467
405
307
350
272
390
393
107
102
371
123
106
394
216
180
136
425
211
442
93
236
325
374
222
258
273
486
197
79
318
20
392
160
354
59
68
478
321
71
500
365
461
112
50
16
40
83
313
159
251
202
37
97
133
209
244
255
444
26
204
269
262
440
334
41
291
298
332
290
229
7
162
385
69
443
254
447
196
114
181
213
427
233
396
224
25
426
55
17
82
89
249
60
42
310
376
34
292
48
276
65
127
331
282
200
2
397
434
381
191
330
316
326
237
245
14
252
115
288
438
175
303
95
309
347
4
327
463
199
176
277
129
13
51
466
240
490
338
477
387
301
21
120
36
214
122
431
411
416
455
81
47
12
375
281
110
308
116
232
289
436
452
275
77
188
138
464
225
265
296
437
246
472
174
340
39
441
74
268
52
320
238
141
56
195
94
144
208
235
-1
EOF
