NAME : sim321.176569.tour
COMMENT : Length = 176569
COMMENT : Found by LKH [Keld Helsgaun] Sun Sep 16 07:49:55 2018
TYPE : TOUR
DIMENSION : 321
TOUR_SECTION
1
80
83
86
263
40
261
30
285
164
307
183
186
212
148
254
185
308
65
241
81
319
321
145
282
37
233
193
108
274
84
236
14
116
159
300
198
177
63
165
68
129
204
244
115
232
82
217
290
203
250
146
144
191
299
39
133
87
262
46
269
91
157
213
88
102
52
315
47
273
249
228
275
140
109
19
79
107
247
118
242
267
302
64
303
100
75
125
35
226
137
170
158
305
311
56
220
287
149
28
13
161
18
252
122
227
224
306
126
98
295
112
147
265
43
234
33
74
277
175
29
60
155
119
95
280
246
255
202
172
318
201
77
25
208
71
291
166
189
314
121
235
78
73
120
225
207
167
34
92
174
72
258
248
36
101
61
310
272
245
317
243
160
187
266
292
7
240
178
276
103
32
5
23
99
153
209
169
173
181
16
124
230
20
41
50
316
182
251
238
111
218
195
221
69
205
10
22
313
76
192
142
279
54
66
59
289
24
190
2
239
96
90
237
89
151
132
9
131
38
15
4
105
180
44
271
6
85
216
253
104
222
196
270
206
106
156
110
215
45
194
278
70
21
3
200
134
284
150
42
136
304
123
294
141
309
179
162
128
163
223
176
51
168
26
264
211
152
94
197
67
229
113
97
231
12
117
268
288
257
27
11
199
62
260
256
281
214
55
53
135
114
154
58
143
127
219
93
301
283
184
57
139
49
8
210
293
320
188
17
31
298
286
171
259
312
48
130
297
296
138
-1
EOF
