NAME : sim501.212817.tour
COMMENT : Length = 212817
COMMENT : Found by LKH [Keld Helsgaun] Mon Sep 10 22:25:16 2018
TYPE : TOUR
DIMENSION : 501
TOUR_SECTION
1
23
364
384
216
302
317
107
254
329
207
383
442
370
288
144
12
464
181
500
460
362
438
16
61
226
431
474
104
75
461
26
459
482
192
161
476
37
32
258
138
177
421
4
208
88
69
68
172
458
480
20
63
340
175
268
286
60
145
336
237
396
240
97
407
91
125
275
486
49
99
71
86
462
299
334
389
391
108
74
386
17
111
215
300
210
418
261
70
337
481
220
229
139
359
147
284
324
325
62
326
328
249
42
184
218
425
373
198
274
400
402
494
451
167
301
195
73
43
189
166
387
315
368
271
31
65
30
2
109
196
78
309
376
154
440
259
185
40
13
157
25
106
433
214
93
121
182
131
338
415
39
365
291
495
457
443
28
296
170
36
323
350
496
490
449
48
295
441
404
46
343
27
146
217
436
310
169
381
279
244
345
152
222
269
135
266
58
57
197
234
193
176
81
256
348
9
85
444
59
133
487
127
278
342
242
41
8
434
467
14
188
248
179
10
29
112
82
475
19
489
499
445
393
453
3
287
341
89
209
84
293
160
22
190
56
423
448
230
382
318
360
392
114
120
344
129
35
339
162
416
322
236
372
437
280
245
158
388
134
354
67
413
307
132
358
308
168
231
6
420
469
183
202
38
187
213
367
456
488
417
432
7
264
243
305
87
347
320
463
224
270
94
241
219
312
64
173
83
277
130
294
263
186
90
92
477
260
380
468
493
409
378
412
356
321
55
346
401
11
319
140
136
426
446
45
390
366
255
211
501
297
410
484
361
247
452
363
53
374
221
289
128
478
33
422
479
52
194
246
379
285
50
225
353
252
447
119
465
483
332
103
253
497
18
77
439
204
398
371
290
212
96
262
95
331
15
115
44
150
151
491
118
122
265
235
5
203
79
251
498
21
385
66
314
492
430
163
110
124
200
126
450
149
405
105
100
102
141
223
47
123
406
239
199
282
180
427
80
411
455
311
466
171
178
54
116
313
428
472
327
276
375
142
232
292
424
304
76
227
164
377
473
349
303
113
98
34
24
51
281
153
395
394
330
101
369
419
283
143
165
233
470
257
117
414
306
174
148
454
397
316
399
351
267
403
485
155
357
272
72
352
471
159
335
429
191
333
137
250
238
408
228
273
298
355
206
201
156
205
435
-1
EOF
