NAME : sim501.221499.tour
COMMENT : Length = 221499
COMMENT : Found by LKH [Keld Helsgaun] Mon Sep 10 23:58:20 2018
TYPE : TOUR
DIMENSION : 501
TOUR_SECTION
1
258
300
492
443
337
463
294
15
473
310
373
19
350
231
190
216
377
389
103
199
385
5
115
9
460
416
218
185
256
274
449
196
213
257
16
172
445
105
107
362
236
149
249
264
68
101
401
138
88
424
134
478
6
58
255
127
29
276
367
13
132
171
353
52
230
441
496
37
77
4
386
378
119
498
46
191
139
135
260
241
488
73
229
417
321
33
340
251
390
458
86
275
384
18
81
376
371
418
429
447
242
55
244
262
126
72
427
116
156
364
174
243
329
59
363
151
227
87
332
233
61
123
263
268
198
306
317
114
161
186
285
221
461
334
444
495
140
360
355
92
207
271
499
34
452
493
282
194
411
469
374
112
74
462
330
457
136
130
97
44
222
3
163
333
254
382
381
53
224
335
64
273
468
369
442
184
407
206
51
325
124
319
45
153
146
477
176
437
383
154
145
346
96
212
421
501
295
430
487
204
253
266
39
348
339
47
164
30
159
327
78
408
17
261
42
331
245
141
358
359
21
66
466
474
2
76
312
8
448
187
387
27
183
95
419
341
405
298
246
484
7
12
155
178
180
352
392
49
48
428
225
467
197
267
177
82
410
280
308
54
365
322
423
40
79
60
293
470
89
111
435
432
239
481
459
38
415
434
28
489
343
302
62
205
106
165
284
395
426
491
238
173
247
122
226
143
307
324
490
290
399
366
361
299
150
125
109
342
286
223
265
438
292
117
84
131
420
157
318
397
433
436
465
31
240
288
455
182
160
406
356
193
234
446
344
425
311
277
144
25
315
413
167
354
80
281
100
380
179
129
270
209
133
211
314
94
75
65
181
351
320
412
454
250
439
476
305
289
464
137
69
269
220
11
85
104
409
215
118
203
313
414
228
57
252
200
279
326
188
36
475
121
98
450
494
479
500
120
93
451
398
403
323
22
202
192
440
70
147
189
168
287
485
148
394
486
404
375
480
102
50
422
304
309
71
24
345
99
10
41
90
67
297
26
110
108
23
453
336
113
152
43
372
91
471
201
388
175
20
283
195
166
431
328
214
497
32
391
379
357
296
162
301
402
142
482
158
208
396
316
217
338
14
370
456
303
368
219
278
472
169
400
128
393
272
237
35
349
232
259
235
170
83
248
63
210
291
483
56
347
-1
EOF
