NAME : sim251.153266.tour
COMMENT : Length = 153266
COMMENT : Found by LKH [Keld Helsgaun] Tue Sep 11 17:42:51 2018
TYPE : TOUR
DIMENSION : 251
TOUR_SECTION
1
61
226
116
117
251
175
65
155
211
80
82
59
168
151
20
185
105
233
139
133
11
131
38
134
205
39
219
138
122
3
76
153
242
217
72
97
126
111
142
232
149
164
2
208
236
224
109
166
127
35
148
176
206
171
183
118
63
10
223
197
214
239
32
190
88
186
36
92
96
4
86
21
50
94
101
103
47
215
110
49
141
249
221
100
135
222
98
14
184
128
60
7
144
74
238
16
234
48
106
193
43
129
235
90
143
177
12
136
167
200
44
196
77
26
180
231
18
107
172
247
188
229
201
218
173
152
140
174
33
6
53
198
69
108
78
187
248
104
157
137
121
41
241
189
28
250
199
93
114
57
73
67
182
150
237
68
158
245
119
181
113
154
31
13
130
22
83
8
91
240
159
147
34
145
124
204
161
112
209
160
192
216
42
71
225
24
169
195
210
9
87
62
102
81
95
228
162
165
156
64
115
29
75
25
179
99
55
202
123
19
23
244
178
246
207
120
191
243
213
5
70
170
89
85
66
30
212
79
54
40
58
84
56
132
220
27
45
37
51
146
203
52
194
17
15
46
125
230
163
227
-1
EOF
