NAME : sim701.259403.tour
COMMENT : Length = 259403
COMMENT : Found by LKH [Keld Helsgaun] Tue Sep 18 14:00:32 2018
TYPE : TOUR
DIMENSION : 701
TOUR_SECTION
1
646
222
535
4
582
277
560
392
539
119
483
692
596
658
240
496
465
416
225
406
18
513
595
347
272
196
121
454
508
33
516
270
373
670
55
474
166
159
690
585
192
374
128
446
71
550
493
37
494
304
509
289
117
14
41
519
284
328
247
256
332
285
152
230
355
32
544
586
647
448
335
687
430
181
404
322
78
656
34
523
266
436
105
606
84
122
467
113
141
20
184
106
53
553
633
268
608
370
694
376
90
109
28
569
311
175
246
471
63
407
321
95
385
243
36
148
244
102
127
554
661
689
206
659
479
48
251
631
524
154
674
505
688
699
238
405
198
23
144
220
17
279
16
239
383
349
574
288
177
300
317
422
466
259
367
629
253
410
185
97
324
282
447
605
39
66
6
564
75
124
85
473
314
115
207
518
683
194
520
512
546
45
669
210
293
667
543
428
617
487
61
307
228
252
129
697
242
147
576
173
686
654
172
676
530
442
309
418
358
484
445
399
201
257
439
580
482
52
641
283
320
107
598
614
65
685
684
391
287
369
425
365
657
218
597
346
156
281
624
191
254
556
360
190
593
364
295
611
87
378
81
371
640
679
644
356
130
197
411
274
72
77
125
11
566
498
43
298
290
69
604
297
457
521
563
522
431
47
594
480
578
500
562
294
62
618
269
126
337
460
438
417
443
623
103
114
455
497
79
233
610
2
700
634
211
163
316
60
366
54
599
25
547
237
223
363
435
372
643
381
461
58
424
195
312
151
529
401
650
607
655
538
696
625
377
278
609
557
291
319
231
94
318
187
325
558
123
591
698
38
437
559
241
46
626
104
264
468
345
668
101
341
157
469
67
693
583
110
490
678
472
209
400
638
456
386
92
73
50
589
333
303
70
205
675
568
541
275
160
235
169
83
616
344
395
549
652
313
15
49
219
200
601
627
388
662
409
213
146
232
501
613
342
88
76
555
444
299
397
29
588
361
116
217
265
340
57
137
491
612
132
504
260
208
8
183
398
339
134
639
552
158
234
120
30
470
551
458
352
433
414
506
534
86
22
271
98
402
357
478
108
423
486
302
204
176
112
394
632
292
503
305
590
429
249
600
3
648
573
571
451
602
413
353
35
664
637
666
475
464
301
415
680
136
420
495
214
419
245
584
561
681
9
12
537
203
188
462
489
348
587
99
170
628
477
432
327
412
577
150
178
622
162
42
682
476
396
138
308
135
526
145
164
531
215
40
338
167
502
267
359
354
635
186
701
80
453
59
216
330
165
434
548
221
336
323
384
280
168
255
517
663
387
408
427
642
13
515
691
296
450
56
286
171
390
440
262
695
527
492
93
421
677
139
653
545
64
636
579
273
350
276
532
182
89
329
452
236
193
91
44
441
542
21
149
199
74
671
528
19
250
111
481
581
403
488
362
5
510
179
565
68
533
258
459
514
96
227
133
375
306
118
368
630
100
380
619
212
334
651
485
463
131
572
226
26
379
261
389
143
229
51
567
224
615
603
310
592
536
449
645
343
382
326
331
263
620
673
570
649
315
161
621
189
140
155
575
507
248
153
202
393
540
10
499
7
24
27
174
82
525
660
351
142
511
665
31
180
426
672
-1
EOF
