NAME : sim501.219606.tour
COMMENT : Length = 219606
COMMENT : Found by LKH [Keld Helsgaun] Mon Sep 10 23:34:02 2018
TYPE : TOUR
DIMENSION : 501
TOUR_SECTION
1
177
367
22
133
41
445
302
28
208
357
27
306
64
49
350
145
21
51
6
141
307
376
65
40
244
233
280
195
202
452
61
276
323
100
419
478
330
175
460
209
444
66
497
117
418
160
412
482
32
264
311
82
166
326
38
52
121
91
461
180
106
351
265
327
176
44
220
7
345
301
277
221
78
94
227
501
438
462
390
329
422
425
113
14
224
58
137
409
431
165
296
248
443
206
35
458
463
169
270
122
365
162
356
26
494
146
489
359
191
300
139
429
8
215
454
71
267
416
477
288
392
496
382
423
415
2
193
56
172
196
281
426
247
274
263
36
386
413
355
151
109
67
342
366
87
192
396
232
20
164
371
387
282
459
290
222
114
102
465
245
171
369
297
54
63
348
203
314
408
405
354
322
449
103
89
130
33
397
468
143
337
9
136
343
347
394
417
197
45
338
305
186
158
53
134
231
55
485
107
389
185
23
253
92
135
349
260
381
404
344
492
46
319
257
435
127
77
95
173
69
219
150
379
303
83
50
402
108
73
34
467
190
157
472
286
474
304
255
217
317
110
140
17
440
476
223
242
241
18
436
353
421
293
450
99
466
126
480
484
163
124
80
212
24
105
448
159
335
252
123
74
373
291
455
363
278
414
154
204
308
93
246
287
469
279
361
174
251
210
243
5
214
12
395
336
346
200
86
294
187
470
75
313
101
116
364
407
284
201
441
358
325
256
266
96
272
76
420
235
129
161
181
341
236
142
398
374
119
90
340
240
384
144
352
182
48
457
29
68
321
299
42
380
149
271
205
362
153
456
453
479
383
464
432
147
104
437
309
229
446
4
388
259
378
218
316
334
155
295
128
289
298
179
268
16
111
84
385
152
339
237
488
400
318
47
178
156
254
285
486
70
81
312
138
194
234
207
112
483
411
375
79
98
30
370
131
72
183
490
188
230
184
228
332
360
481
439
495
60
261
292
262
368
19
13
442
475
62
211
225
31
132
3
471
168
434
118
170
273
25
487
328
258
39
401
115
410
148
57
11
331
427
491
10
269
249
391
59
333
447
125
216
85
406
226
315
238
15
189
498
250
433
320
199
43
377
493
275
399
424
428
403
88
451
97
283
120
500
324
198
372
37
310
499
213
239
393
430
167
473
-1
EOF
