NAME : sim251.155483.tour
COMMENT : Length = 155483
COMMENT : Found by LKH [Keld Helsgaun] Tue Sep 11 16:58:16 2018
TYPE : TOUR
DIMENSION : 251
TOUR_SECTION
1
65
142
12
107
178
186
137
237
227
97
185
131
135
105
250
121
86
171
228
236
220
16
71
96
234
34
164
52
85
63
239
88
136
119
241
21
14
47
175
160
179
40
26
247
213
19
174
158
246
225
214
100
102
208
33
197
113
195
59
129
92
41
147
60
58
199
9
39
48
211
184
45
77
141
215
204
50
219
20
148
29
44
90
161
11
61
151
189
95
37
133
232
201
242
83
109
156
116
218
183
6
7
187
166
8
38
182
123
165
212
193
22
27
10
72
115
152
118
53
244
192
209
198
3
99
108
216
68
70
132
243
144
74
235
221
230
31
25
98
205
125
146
66
176
32
4
181
42
231
93
170
80
15
240
112
153
89
224
149
49
157
117
251
210
249
51
169
130
110
124
139
155
101
79
64
200
222
245
168
111
5
91
69
159
84
55
238
191
46
73
154
188
190
177
56
122
13
18
194
163
202
43
134
162
207
140
120
150
173
81
62
2
180
24
217
229
75
57
233
106
94
167
226
126
114
87
128
76
248
28
35
127
203
30
103
54
82
145
138
78
17
67
36
23
104
196
143
206
223
172
-1
EOF
