NAME : sim141.119671.tour
COMMENT : Length = 119671
COMMENT : Found by LKH [Keld Helsgaun] Sun Sep 16 09:11:43 2018
TYPE : TOUR
DIMENSION : 141
TOUR_SECTION
1
58
41
66
122
33
48
64
87
16
72
78
69
141
60
114
70
54
29
121
44
86
28
83
27
68
91
26
135
123
140
3
19
74
73
116
120
100
95
99
7
49
139
13
138
36
14
57
21
47
103
39
128
94
113
10
101
93
132
108
42
124
4
38
125
46
82
35
119
118
84
34
20
117
126
65
127
81
105
104
15
77
30
8
12
63
62
55
50
89
98
85
17
79
51
110
134
23
131
137
9
43
106
25
92
80
52
129
111
133
107
18
22
136
2
88
59
24
11
61
109
37
56
75
96
102
97
31
115
76
6
67
71
45
40
130
5
53
32
90
112
-1
EOF
