NAME : sim141.117303.tour
COMMENT : Length = 117303
COMMENT : Found by LKH [Keld Helsgaun] Sun Sep 16 04:10:37 2018
TYPE : TOUR
DIMENSION : 141
TOUR_SECTION
1
54
52
55
82
43
78
56
44
127
38
86
123
97
35
13
10
134
75
109
18
100
32
128
71
21
80
3
105
138
96
63
130
39
136
139
37
98
51
90
94
12
129
88
42
137
11
24
17
61
73
6
62
118
36
64
133
79
23
77
19
107
53
89
99
2
20
65
110
30
14
135
112
7
111
25
122
69
113
33
108
131
102
29
125
66
31
121
50
41
87
115
4
28
67
16
22
140
74
9
68
84
57
85
120
8
103
104
72
106
126
114
101
49
91
92
119
95
45
34
81
76
15
26
60
5
124
116
47
70
83
48
141
59
117
27
40
93
132
46
58
-1
EOF
