NAME : sim141.122612.tour
COMMENT : Length = 122612
COMMENT : Found by LKH [Keld Helsgaun] Thu Sep 20 04:47:52 2018
TYPE : TOUR
DIMENSION : 141
TOUR_SECTION
1
44
103
73
131
97
34
118
139
60
3
134
114
29
40
88
129
106
109
119
93
65
38
104
138
124
137
78
57
70
90
52
84
61
76
58
140
7
127
11
47
141
16
24
94
13
64
6
110
116
9
85
71
96
2
42
100
75
111
26
130
87
80
74
117
113
99
56
17
15
36
107
102
14
18
27
19
48
69
54
51
125
101
115
33
5
25
121
8
79
46
23
83
77
89
35
45
120
135
10
72
63
49
82
39
81
122
108
123
55
28
12
30
62
31
128
98
126
41
53
22
59
133
112
4
95
105
92
136
43
32
37
20
132
91
67
66
21
50
68
86
-1
EOF
