NAME : sim1001.301485.tour
COMMENT : Length = 301485
COMMENT : Found by LKH [Keld Helsgaun] Tue Sep 11 11:06:14 2018
TYPE : TOUR
DIMENSION : 1001
TOUR_SECTION
1
449
755
22
872
515
789
269
5
397
601
148
419
605
911
636
935
294
433
674
595
716
453
708
654
762
89
410
834
558
624
679
707
398
786
619
655
46
180
401
717
214
425
829
162
256
659
276
265
297
836
847
335
149
751
189
369
840
862
338
462
171
858
246
313
293
772
151
18
621
613
321
727
306
23
535
231
263
714
111
536
699
640
555
35
582
787
439
533
931
860
517
886
176
849
590
810
568
626
131
373
183
550
680
638
420
978
499
682
446
501
185
464
145
119
589
785
103
543
227
639
51
930
422
299
384
957
409
403
387
169
280
691
235
445
630
72
441
793
324
113
843
906
656
33
209
731
181
132
463
382
586
333
870
30
224
556
569
554
186
61
587
415
125
336
212
187
478
133
218
927
811
282
405
65
334
93
432
816
737
713
954
833
286
374
852
160
359
910
574
741
158
802
692
969
938
509
188
292
761
581
934
799
452
479
473
622
146
649
493
805
770
347
743
757
548
615
34
438
807
492
835
364
570
139
980
219
826
454
705
1001
848
304
873
19
130
222
275
81
908
340
664
90
688
594
296
351
173
314
429
738
238
831
349
875
240
73
988
179
128
981
428
4
496
876
315
84
356
798
832
958
894
121
395
157
172
1000
628
657
694
407
392
295
285
844
161
687
267
562
2
327
352
469
776
10
375
94
959
97
215
593
874
985
782
745
234
486
228
74
929
683
925
434
740
951
537
532
795
627
110
625
45
413
583
251
476
408
704
817
242
328
301
820
863
796
950
646
21
748
837
320
164
900
871
86
262
635
105
376
888
939
303
948
344
724
902
853
217
706
477
154
232
933
822
42
913
567
616
255
488
354
597
778
448
662
916
362
460
437
368
101
41
881
553
32
388
573
631
792
204
803
402
788
474
226
967
905
997
17
318
136
236
824
697
629
650
252
417
693
703
135
353
921
216
20
728
220
66
838
618
999
648
249
539
919
756
480
40
372
723
983
43
887
522
990
754
784
49
506
26
461
667
457
924
155
435
75
431
80
797
773
174
200
206
221
710
857
542
828
641
514
343
92
272
104
163
996
241
518
578
547
316
102
360
115
484
923
450
451
842
637
815
994
617
342
28
827
719
965
998
602
698
614
591
896
12
575
257
752
290
783
192
83
140
979
960
309
760
266
632
421
606
300
530
747
712
47
326
317
357
53
525
944
298
27
993
233
961
540
331
350
732
915
134
100
82
495
37
71
607
790
891
660
289
77
623
124
377
271
458
120
736
273
974
898
726
647
733
199
467
964
418
195
953
95
946
604
198
196
531
695
36
519
114
205
178
610
411
702
67
302
213
504
391
424
230
644
60
711
283
208
523
749
442
977
725
278
963
166
685
197
29
253
882
839
193
483
864
814
819
686
184
851
608
270
481
330
16
203
436
144
565
592
3
31
809
475
580
526
123
943
383
511
884
759
546
917
561
652
806
970
465
54
571
545
167
821
11
559
651
69
585
207
268
918
430
202
147
14
690
319
363
250
856
248
739
332
584
666
472
735
322
142
52
721
885
62
972
701
99
598
609
750
177
516
771
491
812
505
865
85
603
489
225
389
287
955
718
512
779
653
323
455
877
138
868
361
386
901
879
936
563
937
279
96
284
854
325
668
700
68
355
720
55
552
261
9
440
952
975
141
794
676
763
385
541
941
846
643
412
904
527
673
859
966
520
588
696
63
780
764
777
427
734
572
365
259
490
274
922
663
926
229
59
116
281
243
774
893
337
968
381
307
861
800
390
642
400
818
661
765
982
634
38
989
845
677
890
190
986
596
633
311
976
98
742
564
56
264
50
456
895
658
907
394
312
508
466
566
57
502
781
459
681
497
239
665
940
137
899
767
672
942
869
370
841
775
244
991
7
152
746
855
367
107
825
487
892
223
153
305
678
620
744
912
932
534
987
156
791
126
329
560
91
70
949
118
557
15
670
378
971
310
945
258
538
928
247
379
715
485
524
482
194
867
903
500
339
122
576
513
58
404
549
380
13
468
753
416
159
529
730
866
443
191
348
129
399
507
823
510
393
577
897
201
48
371
358
470
804
8
471
117
498
211
109
973
76
684
914
291
143
984
396
599
447
920
426
254
768
366
909
766
671
24
883
494
962
503
889
444
850
612
277
551
108
947
813
709
112
528
79
808
175
308
758
880
956
78
87
88
237
345
414
165
6
64
260
39
830
170
521
729
106
801
168
182
675
669
288
769
25
689
406
645
245
600
995
611
150
346
44
722
544
210
127
579
878
341
423
992
-1
EOF
