NAME : sim141.119196.tour
COMMENT : Length = 119196
COMMENT : Found by LKH [Keld Helsgaun] Sat Sep 15 22:19:30 2018
TYPE : TOUR
DIMENSION : 141
TOUR_SECTION
1
101
9
53
54
23
44
42
81
28
87
100
67
105
140
37
52
92
103
112
133
97
16
119
49
41
5
129
17
58
59
50
85
130
116
4
109
128
13
20
3
8
39
132
33
51
91
19
21
123
134
35
66
102
70
43
137
68
80
30
15
40
65
120
118
69
11
10
84
82
88
12
135
36
6
71
131
55
122
106
60
108
115
72
29
98
124
48
138
77
34
22
127
61
45
113
121
125
57
24
136
47
2
110
95
74
107
141
18
46
31
63
32
64
76
26
89
7
73
139
93
56
38
14
114
117
62
86
78
96
126
90
83
25
94
104
27
99
75
79
111
-1
EOF
