NAME : sim141.119430.tour
COMMENT : Length = 119430
COMMENT : Found by LKH [Keld Helsgaun] Thu Sep 20 03:46:12 2018
TYPE : TOUR
DIMENSION : 141
TOUR_SECTION
1
75
6
137
32
57
80
58
12
98
9
95
3
53
23
64
97
100
91
136
10
36
70
118
65
101
81
108
128
102
121
138
11
38
72
124
29
78
42
133
96
44
84
83
7
135
115
45
41
4
123
66
30
28
71
33
130
37
17
13
62
104
120
50
114
47
73
92
15
88
67
61
85
16
21
82
103
74
60
14
56
99
39
122
48
52
40
20
35
34
93
127
129
112
110
77
105
43
139
94
54
18
107
113
86
90
119
69
111
59
79
68
131
134
55
2
27
31
63
140
51
8
125
25
132
24
89
141
19
49
126
87
109
26
5
106
22
46
116
76
117
-1
EOF
