NAME : sim251.156992.tour
COMMENT : Length = 156992
COMMENT : Found by LKH [Keld Helsgaun] Wed Aug 29 08:58:36 2018
TYPE : TOUR
DIMENSION : 251
TOUR_SECTION
1
160
26
199
80
239
139
39
247
152
207
11
43
179
42
109
225
106
118
37
94
217
128
54
203
236
205
46
171
72
159
206
215
238
10
102
242
229
44
90
150
59
145
58
164
79
47
76
183
103
132
156
189
3
99
187
208
210
40
204
221
143
216
188
168
211
219
202
49
112
89
176
27
246
214
140
141
181
30
8
251
74
165
113
167
162
50
36
7
68
148
88
212
100
61
174
241
136
127
178
16
147
77
6
184
91
62
119
66
135
231
144
222
95
28
123
81
137
114
73
121
17
169
233
157
124
130
52
133
237
142
9
155
175
161
235
107
96
23
240
92
166
190
224
25
232
98
85
105
18
201
20
115
93
19
110
230
57
151
13
84
48
120
220
223
170
60
75
158
65
104
101
125
31
33
163
71
87
243
228
249
129
24
172
227
198
209
138
22
32
5
180
2
192
83
126
69
97
185
149
194
15
186
213
182
153
173
29
86
38
245
234
193
51
131
34
191
111
64
197
82
226
154
244
250
218
122
134
177
45
196
146
4
12
55
108
53
35
41
116
67
248
117
63
70
195
56
78
14
21
200
-1
EOF
