NAME : sim701.261943.tour
COMMENT : Length = 261943
COMMENT : Found by LKH [Keld Helsgaun] Tue Sep 18 08:17:19 2018
TYPE : TOUR
DIMENSION : 701
TOUR_SECTION
1
279
277
231
671
436
592
196
504
115
611
656
578
556
651
379
330
341
657
163
398
655
422
285
659
118
112
568
86
52
3
362
219
243
617
234
35
461
21
688
397
37
478
586
438
48
453
170
45
83
255
524
257
187
17
64
601
75
267
510
142
605
321
153
274
402
486
541
204
496
214
178
146
180
316
518
123
367
342
160
358
658
554
39
239
9
249
523
328
4
82
315
590
443
58
359
44
521
149
208
446
609
179
61
618
519
594
501
466
90
136
46
80
63
429
207
301
102
220
395
182
475
399
464
485
409
298
381
636
76
392
166
230
289
139
449
370
319
159
71
626
570
490
385
698
18
89
95
408
184
596
24
502
295
244
467
296
372
125
514
87
57
10
36
428
333
309
171
344
652
78
536
462
117
543
167
129
228
94
7
337
150
630
621
537
193
503
122
304
345
500
278
192
430
16
201
407
324
433
247
74
294
291
479
396
415
143
444
388
126
553
552
81
598
138
311
307
411
587
348
320
434
489
426
8
106
520
423
394
620
386
6
336
533
666
410
354
205
531
363
213
25
281
325
121
303
119
158
286
373
625
357
589
133
266
103
134
685
558
299
664
548
275
173
624
491
99
236
351
416
310
215
451
253
148
477
647
450
463
199
513
240
225
229
699
343
127
631
43
471
360
534
387
222
335
302
670
235
418
577
108
339
681
575
613
375
31
583
539
573
546
653
530
241
602
545
445
280
28
447
53
439
612
340
667
189
147
269
79
484
494
675
26
338
427
419
468
481
678
175
181
383
480
109
346
62
105
314
113
300
22
200
185
232
14
130
183
487
403
246
93
455
41
88
97
157
512
482
564
572
329
421
259
206
85
168
306
580
391
529
507
287
313
522
615
352
349
648
674
509
639
217
161
47
224
458
238
608
591
604
606
350
254
334
96
135
515
65
459
174
437
567
528
101
272
413
638
331
619
661
38
551
371
323
683
600
264
473
642
258
599
400
162
92
84
293
669
261
251
233
441
169
584
644
128
549
691
114
91
265
550
559
30
686
420
634
646
210
603
696
488
412
33
56
361
305
673
326
649
72
145
60
535
152
223
12
141
495
456
562
186
440
198
203
593
364
20
417
454
42
248
547
380
165
393
318
252
73
607
312
273
687
525
585
283
54
401
110
508
665
297
137
154
32
694
77
557
276
120
700
692
322
684
66
59
2
347
492
288
260
116
645
194
245
435
406
27
637
156
365
271
369
679
680
242
640
70
50
581
172
616
505
561
476
424
353
332
517
177
262
164
571
355
614
493
663
55
641
689
155
5
695
431
124
11
376
111
597
460
474
565
442
527
414
100
404
576
144
432
188
292
672
627
191
212
506
643
511
544
574
469
532
662
268
237
526
68
40
405
290
563
211
682
270
628
227
677
498
195
566
540
366
250
216
384
588
374
690
516
633
610
497
98
622
635
623
132
104
499
697
317
693
151
629
470
632
542
13
131
202
226
654
569
425
49
555
452
676
34
209
19
197
483
377
69
356
579
701
284
538
308
327
378
448
29
660
263
67
282
465
390
140
51
368
382
457
23
221
582
15
256
650
107
176
190
218
668
595
389
560
472
-1
EOF
