NAME : sim251.159271.tour
COMMENT : Length = 159271
COMMENT : Found by LKH [Keld Helsgaun] Tue Sep 11 17:25:49 2018
TYPE : TOUR
DIMENSION : 251
TOUR_SECTION
1
159
40
29
163
100
46
57
33
24
115
191
99
90
187
248
71
4
198
231
189
63
59
12
105
217
101
43
109
128
97
126
10
249
77
190
55
125
204
235
95
220
81
143
174
124
155
83
94
37
144
79
47
82
160
212
96
223
38
138
246
244
39
85
110
206
50
76
218
172
250
30
19
156
140
31
146
245
54
169
2
61
158
170
183
65
213
88
141
145
202
42
14
36
113
9
32
86
56
181
234
60
28
27
157
180
135
16
211
70
104
251
168
25
185
34
49
178
64
176
193
41
112
72
73
151
20
247
130
111
153
93
232
214
103
207
224
215
129
175
75
177
195
164
18
48
17
51
78
67
80
52
116
44
197
208
139
233
162
58
127
150
147
200
131
108
216
182
35
227
7
53
225
219
132
68
184
91
98
123
199
6
171
222
62
237
136
106
161
23
118
229
114
11
240
21
45
87
203
154
26
137
165
69
221
241
188
238
239
84
210
242
196
13
102
5
186
133
107
149
228
201
192
120
236
8
117
89
134
167
179
173
152
122
166
92
15
119
148
205
3
209
121
226
74
66
142
22
243
194
230
-1
EOF
