NAME : sim1001.307013.tour
COMMENT : Length = 307013
COMMENT : Found by LKH [Keld Helsgaun] Tue Sep 11 14:48:16 2018
TYPE : TOUR
DIMENSION : 1001
TOUR_SECTION
1
112
228
493
604
911
654
127
680
69
160
9
222
458
421
740
221
647
504
126
636
594
969
624
3
371
830
851
186
910
269
305
983
498
679
332
476
57
760
50
511
402
436
345
764
293
818
882
62
494
217
739
329
113
30
501
451
73
277
129
553
12
706
325
473
881
467
84
751
54
648
619
499
670
524
554
503
611
557
791
950
98
241
762
556
507
677
843
135
260
333
788
972
211
577
653
23
7
736
865
804
356
487
459
514
364
532
926
336
542
232
322
617
123
8
483
257
189
423
593
771
781
845
205
890
263
6
411
570
526
10
53
929
143
989
985
725
601
108
497
598
586
387
616
168
443
780
674
822
38
68
403
819
281
425
392
243
1000
748
956
437
93
431
206
723
708
235
689
17
884
218
48
694
15
354
396
317
197
95
34
743
60
88
659
170
569
915
116
159
56
914
695
37
327
816
649
306
841
895
645
495
144
957
579
559
262
806
995
377
662
707
638
823
133
623
868
984
651
363
462
131
825
245
233
229
539
827
368
975
89
592
210
251
886
489
864
787
190
29
909
432
574
132
134
962
937
185
182
545
14
810
684
860
486
424
803
313
936
318
564
161
724
33
484
301
752
531
309
283
155
435
92
912
696
768
678
249
20
873
576
420
77
650
955
41
981
381
904
75
808
722
175
237
352
853
669
763
216
903
963
661
244
5
250
949
702
382
776
492
201
602
854
220
784
766
613
541
279
898
835
468
140
274
343
603
115
809
300
930
169
512
783
242
850
355
872
428
683
620
655
246
264
568
996
581
255
426
685
275
338
940
413
892
172
782
847
247
824
464
416
656
993
265
844
710
728
39
951
573
959
378
81
536
870
321
180
304
444
831
673
195
660
703
320
834
640
490
938
627
567
44
964
369
671
303
907
324
523
415
80
701
778
681
335
697
630
709
146
990
945
967
139
111
790
96
631
761
770
717
114
979
750
528
438
388
203
173
150
502
208
1001
312
533
755
315
676
958
191
141
450
731
935
276
614
880
943
43
18
901
339
961
376
855
198
64
811
407
954
700
118
496
171
973
551
346
259
326
928
174
365
916
430
643
641
204
713
292
796
893
181
16
846
802
42
867
40
977
980
829
267
622
152
876
158
754
942
347
384
91
552
284
948
319
634
690
456
516
595
513
482
240
988
213
672
792
515
4
361
675
480
934
544
334
46
253
547
471
757
952
521
308
931
666
272
927
590
254
261
374
744
234
941
905
587
119
196
51
79
214
575
27
789
801
409
316
597
448
22
644
756
530
194
946
999
966
419
848
871
585
393
735
406
397
72
527
429
178
971
857
105
917
626
922
878
741
128
295
350
323
445
974
358
179
488
986
820
153
842
505
278
560
391
742
296
427
908
193
775
154
668
286
447
994
70
156
658
401
370
417
31
729
101
24
859
572
555
817
344
360
491
408
535
889
749
290
919
328
664
390
297
745
978
86
349
248
314
11
331
106
187
517
337
461
183
474
663
618
799
906
285
712
923
414
83
63
104
558
302
162
777
398
960
633
510
525
704
136
921
85
836
100
720
800
837
353
227
798
55
404
291
348
176
687
759
215
795
571
779
520
953
282
99
839
52
773
389
828
273
588
561
794
992
145
537
858
138
469
896
887
460
540
61
970
719
357
894
947
453
137
565
165
481
797
224
769
716
698
772
944
386
998
121
294
177
13
991
231
758
122
270
924
125
562
340
584
441
869
918
82
166
733
209
256
580
635
289
606
212
805
366
518
767
465
35
475
120
639
609
566
258
442
202
164
449
548
866
330
657
454
199
405
28
36
130
932
786
582
726
236
667
987
625
997
225
814
341
732
589
833
682
734
239
67
753
87
897
478
380
58
976
591
238
686
298
230
151
400
605
47
385
110
167
612
550
310
280
107
94
711
2
968
883
271
813
737
463
359
705
785
715
599
900
307
219
727
608
714
32
933
861
549
226
939
862
440
856
188
596
485
266
452
730
142
412
252
563
375
299
109
863
25
793
422
342
832
699
812
477
642
925
637
200
76
418
147
826
268
65
103
691
74
874
470
765
373
646
45
49
534
628
849
508
692
522
721
665
607
351
455
902
399
207
747
538
192
615
472
688
446
746
163
433
439
287
774
383
509
223
982
149
652
621
815
97
288
102
519
410
124
157
466
500
965
891
600
546
457
888
852
838
362
875
821
840
506
529
379
367
885
394
718
21
117
738
583
899
479
543
90
610
920
807
19
693
434
372
184
59
148
311
629
877
26
395
632
879
78
66
913
71
578
-1
EOF
