NAME : sim1001.307393.tour
COMMENT : Length = 307393
COMMENT : Found by LKH [Keld Helsgaun] Tue Sep 11 07:26:11 2018
TYPE : TOUR
DIMENSION : 1001
TOUR_SECTION
1
354
556
101
440
478
560
651
677
596
619
345
589
640
620
62
937
673
788
968
521
435
238
382
141
436
228
681
49
890
786
867
600
423
913
189
837
645
96
239
270
978
911
712
531
599
612
160
488
730
275
925
315
821
950
698
5
672
27
380
348
641
992
35
311
803
75
739
6
511
572
559
663
648
389
279
397
230
434
526
405
582
237
153
907
635
362
569
282
516
195
79
631
796
251
156
83
245
914
433
918
962
768
700
524
81
336
820
594
537
754
762
518
960
926
509
99
564
847
795
955
693
906
313
714
539
310
325
390
710
41
839
922
744
974
766
542
993
515
146
231
308
849
954
55
395
923
269
37
212
649
777
286
217
895
125
296
972
246
841
857
464
704
116
826
259
208
166
512
758
666
500
575
298
60
467
624
117
932
508
278
717
162
851
517
437
201
616
493
373
828
335
196
561
670
930
87
705
105
997
378
878
709
842
864
723
341
916
853
481
40
787
996
285
65
301
991
165
14
174
250
759
22
347
858
661
106
91
695
272
418
192
157
815
587
499
361
306
100
642
548
547
543
415
558
67
733
833
376
385
577
13
898
424
783
607
135
747
20
627
126
234
735
941
610
881
294
307
798
506
771
840
675
441
513
66
505
172
163
520
289
191
939
53
11
57
862
959
829
684
224
54
194
221
973
280
409
794
273
987
353
263
303
951
480
453
678
568
970
168
482
177
190
637
592
288
823
271
957
789
584
809
583
879
161
17
888
984
182
623
824
696
639
909
591
816
61
757
36
127
82
650
935
921
522
281
243
193
178
947
76
473
605
936
89
544
533
784
132
260
159
738
344
32
486
593
753
118
884
367
654
253
262
782
772
885
16
47
7
708
42
761
664
562
213
934
490
352
364
68
876
844
425
365
749
372
204
401
477
636
894
629
451
711
785
138
460
988
716
119
148
880
920
360
668
429
322
175
463
868
109
459
406
332
581
606
647
676
73
318
896
628
811
45
145
598
216
953
514
107
304
404
24
866
662
736
123
550
625
44
215
155
184
944
686
23
889
859
590
603
421
687
902
819
340
139
185
297
756
219
39
158
59
180
632
417
731
444
446
449
850
854
800
585
443
810
226
595
15
845
274
256
775
72
989
565
227
374
494
169
609
755
370
869
977
431
338
261
743
80
58
699
1001
183
419
299
136
450
110
912
767
872
147
961
384
843
115
220
694
300
964
540
897
578
240
656
432
422
349
448
375
206
519
371
330
763
998
532
770
528
381
413
43
357
277
995
748
408
893
319
26
588
614
721
410
387
142
392
652
150
21
268
366
203
265
808
917
484
892
691
750
574
207
302
760
956
128
799
608
74
358
976
293
324
611
331
187
133
571
806
915
456
143
834
129
31
134
312
343
604
683
507
644
202
30
931
470
817
351
267
742
164
634
414
323
597
929
95
457
586
209
525
549
492
222
469
657
416
804
122
320
377
545
986
653
660
205
567
77
487
812
173
255
244
102
394
903
498
534
774
84
745
276
46
264
342
792
114
368
496
33
356
12
503
948
85
870
9
764
495
152
685
905
242
646
468
337
186
197
266
69
218
863
791
386
411
827
527
805
63
938
570
350
465
476
426
462
874
120
179
305
290
249
943
554
946
104
71
25
103
199
985
856
682
314
875
873
130
64
502
334
137
339
283
690
692
667
703
580
363
295
393
34
88
924
489
626
538
942
92
329
919
8
776
400
412
379
529
248
229
316
971
722
702
454
688
836
719
18
442
445
928
19
38
471
94
211
877
981
740
327
671
551
447
818
56
247
258
466
927
236
952
852
3
900
746
284
765
980
491
622
979
994
402
167
727
940
860
530
780
97
982
479
724
871
391
420
553
848
725
232
124
958
891
846
830
113
52
718
680
355
223
541
2
254
546
430
48
10
98
720
287
111
901
241
291
235
990
403
90
732
967
899
439
779
617
28
949
701
752
793
383
292
751
737
257
969
945
865
328
170
112
4
802
1000
93
333
536
461
557
140
78
715
983
674
602
797
369
883
108
321
933
706
398
483
769
665
966
458
144
832
475
659
638
573
861
86
214
396
801
813
452
825
822
726
669
713
886
70
838
965
455
198
510
910
388
633
154
999
615
427
50
831
29
309
555
497
904
778
707
963
359
252
807
689
131
552
697
729
472
399
658
317
210
855
149
176
200
618
407
504
814
563
741
643
438
535
121
188
781
621
151
428
887
346
773
908
579
835
171
566
790
601
474
225
181
576
975
728
655
51
630
523
882
613
233
679
485
734
326
501
-1
EOF
