NAME : sim251.158012.tour
COMMENT : Length = 158012
COMMENT : Found by LKH [Keld Helsgaun] Tue Sep 11 17:43:59 2018
TYPE : TOUR
DIMENSION : 251
TOUR_SECTION
1
72
208
116
192
151
218
49
89
215
211
31
112
86
222
48
230
67
27
109
153
170
118
105
120
64
80
229
134
7
37
63
104
217
138
204
177
103
166
162
185
65
83
13
245
45
146
174
207
19
171
136
172
248
178
247
82
34
143
93
16
205
6
169
18
176
74
5
183
234
251
206
108
68
26
188
43
161
233
94
232
84
181
203
14
201
20
32
10
58
236
51
142
194
165
15
216
54
150
190
228
242
129
131
137
199
61
160
11
200
39
156
195
46
75
145
115
127
225
210
249
212
198
47
78
110
85
157
167
106
81
163
2
24
237
92
96
213
164
66
76
71
139
191
53
4
223
8
135
44
126
125
168
50
221
101
17
70
141
186
87
99
197
184
98
60
77
231
219
175
202
180
240
111
56
147
193
148
182
179
88
124
226
22
35
121
133
214
159
42
117
128
52
235
38
130
123
30
114
154
62
243
140
238
144
102
155
113
90
91
9
227
33
23
244
187
59
21
224
40
119
73
3
100
246
69
250
25
55
158
79
241
239
220
173
28
36
189
95
209
107
97
152
57
149
29
122
196
12
41
132
-1
EOF
