NAME : sim1001.306650.tour
COMMENT : Length = 306650
COMMENT : Found by LKH [Keld Helsgaun] Tue Sep 11 16:23:47 2018
TYPE : TOUR
DIMENSION : 1001
TOUR_SECTION
1
257
184
328
93
508
440
836
72
523
52
175
373
168
563
658
262
846
250
830
596
729
324
443
364
10
431
419
242
391
119
499
340
724
1000
983
809
828
700
187
886
492
695
812
140
56
952
252
99
691
210
486
579
888
169
503
653
338
655
741
426
928
116
181
388
996
739
536
633
82
839
66
504
769
407
861
413
333
75
472
354
380
231
442
30
823
189
774
378
264
8
466
43
161
47
255
172
944
198
259
866
567
980
91
468
794
435
234
979
117
251
761
185
358
488
217
3
682
833
166
195
392
939
282
279
271
645
587
962
469
349
505
159
781
337
199
855
355
299
923
284
648
449
672
859
300
788
135
738
15
904
352
615
998
885
804
73
429
170
591
715
344
958
566
942
589
668
238
142
689
254
982
725
128
619
863
549
164
290
149
606
752
840
31
791
712
156
722
330
701
649
482
480
406
248
361
558
871
862
420
854
951
532
843
288
53
246
870
667
14
807
680
580
205
735
459
306
698
620
390
37
643
124
593
412
650
335
49
130
621
421
941
458
938
106
178
932
268
705
937
381
261
943
216
396
801
36
94
219
70
45
971
211
851
67
607
892
496
627
600
425
289
515
517
326
467
678
115
387
312
92
800
922
688
900
616
551
87
476
824
778
353
751
973
428
34
454
723
936
445
749
879
79
964
236
860
571
631
919
298
98
731
310
825
767
766
609
997
578
336
369
518
13
597
29
624
734
304
970
427
820
177
307
237
816
713
218
167
614
247
641
497
88
512
456
676
26
727
647
41
173
867
345
319
239
827
876
126
930
462
121
38
155
875
430
481
197
295
652
670
59
403
301
764
188
97
810
414
74
582
221
913
151
229
907
882
233
719
343
745
214
808
581
842
835
374
547
590
852
838
805
44
872
484
898
452
841
717
437
127
588
296
636
498
968
915
490
955
977
848
256
63
608
158
917
744
7
675
644
777
706
269
379
557
542
844
77
525
320
398
136
171
383
386
453
666
4
726
68
366
62
154
176
623
19
346
510
984
165
28
818
80
605
463
884
881
448
946
58
692
911
576
399
400
474
657
224
11
564
470
194
316
101
134
592
969
227
162
33
309
434
683
733
471
771
125
746
716
111
208
506
207
348
639
776
783
302
520
57
516
702
485
415
905
966
795
878
519
635
122
243
651
191
953
787
311
646
528
604
889
893
874
531
460
83
526
109
763
832
909
163
817
634
924
583
754
495
375
245
772
710
544
479
626
929
684
891
461
48
529
133
107
601
960
743
410
244
522
60
384
447
103
313
674
500
321
339
39
23
883
292
114
711
673
25
402
341
945
183
857
21
811
280
638
465
408
554
847
933
357
540
129
784
464
206
275
1001
226
253
853
569
315
524
112
285
287
908
704
758
411
22
5
720
96
538
220
916
989
404
305
829
947
815
76
350
770
976
565
303
598
798
241
174
602
775
314
401
267
143
204
32
906
433
40
362
372
813
265
611
334
803
370
965
642
108
81
858
78
992
225
819
987
865
270
740
230
277
513
202
438
511
409
687
999
190
732
873
61
826
595
613
118
293
286
17
146
16
9
20
728
949
360
887
274
120
475
507
325
439
661
681
457
455
562
697
291
351
131
487
690
308
272
394
422
137
660
577
71
365
363
521
85
806
927
132
180
417
756
213
356
222
902
956
779
193
201
910
432
967
548
901
90
618
104
755
834
297
329
903
541
95
793
950
785
157
703
990
802
940
145
139
546
612
759
86
405
393
632
215
780
322
760
637
585
628
696
509
993
235
51
625
502
707
42
669
599
367
553
957
679
84
105
821
849
141
436
890
897
570
959
102
814
925
730
258
266
963
260
347
799
617
856
223
397
203
395
209
148
138
575
877
27
179
594
921
757
708
864
603
543
572
845
327
574
934
371
281
317
110
991
533
550
792
894
64
212
35
850
342
753
240
790
323
974
782
895
65
147
664
423
654
736
748
368
831
685
534
444
559
100
477
586
699
762
747
718
629
273
6
568
69
318
332
55
537
610
491
573
981
376
972
768
789
663
514
880
494
186
283
446
773
473
750
263
995
978
584
742
389
24
556
797
278
416
948
935
493
483
424
331
694
926
988
232
671
54
721
182
418
276
552
985
975
385
160
555
249
441
659
931
152
501
868
920
530
539
89
18
986
153
918
561
899
709
294
837
765
640
144
714
46
382
662
822
12
665
113
656
737
693
150
796
451
545
994
622
869
489
527
50
535
192
630
377
914
560
686
912
961
954
228
677
2
123
786
196
200
478
359
896
450
-1
EOF
