NAME : sim251.155471.tour
COMMENT : Length = 155471
COMMENT : Found by LKH [Keld Helsgaun] Tue Sep 11 17:37:36 2018
TYPE : TOUR
DIMENSION : 251
TOUR_SECTION
1
153
196
8
50
233
46
195
54
40
190
155
184
159
198
205
35
112
175
211
152
201
53
131
2
7
57
36
76
251
113
222
238
158
160
64
86
121
163
107
239
149
183
165
191
38
98
161
242
114
217
150
81
179
244
225
39
199
157
72
4
68
146
9
109
193
235
51
240
249
231
77
171
61
188
82
110
59
84
248
95
41
154
26
69
65
126
203
162
232
156
103
229
79
74
140
135
78
111
19
30
49
209
241
166
97
170
123
62
125
6
120
221
237
169
16
96
246
18
236
31
117
99
58
14
94
105
56
17
93
173
213
73
176
66
129
133
24
185
5
108
147
247
189
48
132
89
55
218
212
102
174
15
33
22
204
145
44
136
45
92
32
124
25
206
63
208
223
151
177
67
127
202
60
141
216
87
219
220
75
52
34
214
230
42
215
250
130
187
227
180
192
226
21
118
43
122
137
85
83
245
144
178
119
182
197
164
200
194
207
100
11
27
88
3
101
228
167
142
115
12
181
106
47
91
139
70
138
134
128
10
234
20
80
143
71
28
29
104
148
210
13
224
37
90
243
172
23
186
116
168
-1
EOF
