NAME : sim321.174821.tour
COMMENT : Length = 174821
COMMENT : Found by LKH [Keld Helsgaun] Sat Sep 15 21:38:58 2018
TYPE : TOUR
DIMENSION : 321
TOUR_SECTION
1
113
10
182
130
301
134
222
174
128
175
66
85
282
286
108
300
169
148
151
89
243
277
207
4
111
204
152
25
194
281
39
52
84
115
99
209
13
144
179
201
319
140
278
123
283
309
112
19
223
53
60
106
264
159
92
37
239
126
262
133
314
50
163
187
94
292
57
145
202
224
135
86
28
47
272
168
308
114
254
72
59
205
214
211
157
158
268
165
43
171
71
318
215
27
192
181
321
233
298
221
216
287
295
2
177
248
154
293
100
136
244
160
24
109
14
236
267
146
250
56
304
91
313
285
289
116
131
173
249
178
302
125
153
290
58
34
119
258
266
121
103
257
31
120
67
296
68
260
237
82
80
200
229
305
306
240
41
155
129
234
227
261
40
184
303
238
228
197
95
64
213
307
247
79
150
180
190
11
191
65
127
241
210
44
288
235
83
320
33
255
242
62
170
274
69
74
78
252
88
63
226
183
143
231
279
81
139
29
299
17
101
193
230
26
75
156
96
51
102
176
20
312
198
105
245
138
147
280
70
21
36
275
263
87
141
98
185
284
6
271
195
269
142
7
104
219
265
186
206
15
232
253
22
317
315
35
76
73
273
270
189
90
110
97
122
38
251
225
149
167
188
23
61
118
77
311
220
30
42
162
166
297
18
107
294
32
199
316
161
16
55
48
117
291
276
203
246
172
259
5
46
256
49
164
137
217
8
3
45
212
132
54
93
310
12
9
208
124
196
218
-1
EOF
