NAME : sim141.119039.tour
COMMENT : Length = 119039
COMMENT : Found by LKH [Keld Helsgaun] Thu Sep 20 02:29:17 2018
TYPE : TOUR
DIMENSION : 141
TOUR_SECTION
1
10
44
125
9
42
2
32
138
104
41
75
87
113
74
19
118
14
70
6
35
102
28
38
45
67
135
11
141
71
121
129
80
4
76
86
57
117
72
94
33
120
81
122
127
23
92
60
109
107
43
21
64
25
22
130
82
52
103
131
27
100
62
68
98
108
58
66
40
105
34
77
128
24
13
51
18
88
31
91
132
84
20
133
69
54
119
106
85
101
78
61
116
48
56
95
5
53
112
73
37
136
16
89
30
123
137
63
46
59
3
17
15
139
126
115
47
39
96
79
8
124
26
65
49
99
111
110
12
140
134
90
97
29
7
55
50
36
93
114
83
-1
EOF
