NAME : sim251.158752.tour
COMMENT : Length = 158752
COMMENT : Found by LKH [Keld Helsgaun] Wed Aug 29 09:19:06 2018
TYPE : TOUR
DIMENSION : 251
TOUR_SECTION
1
199
111
42
46
202
180
230
17
115
35
24
119
41
124
246
251
99
30
206
189
201
10
240
39
156
177
132
155
4
40
217
68
21
186
44
50
191
5
148
18
198
121
122
90
195
12
51
61
14
221
187
152
123
125
86
62
200
103
239
250
110
85
65
47
192
117
140
182
144
212
149
178
131
227
11
147
234
92
174
136
135
8
48
184
96
173
104
183
83
151
143
23
169
249
159
137
190
130
145
28
105
56
214
77
52
205
91
134
55
129
108
106
54
235
219
88
210
3
208
220
2
81
241
37
29
84
69
158
97
224
64
179
225
194
171
231
215
112
238
168
193
87
176
78
226
49
70
95
209
16
34
244
164
101
154
142
20
116
139
236
243
71
22
82
216
185
33
58
19
114
53
120
222
207
172
26
27
43
165
245
66
203
38
76
160
223
242
9
141
13
57
248
80
31
6
153
128
126
167
79
89
163
94
93
7
109
233
138
73
211
162
229
72
98
181
127
150
102
170
100
228
196
15
45
237
188
218
36
161
118
59
113
247
232
133
60
67
146
75
63
32
25
175
213
157
74
197
107
166
204
-1
EOF
