NAME : sim1001.311331.tour
COMMENT : Length = 311331
COMMENT : Found by LKH [Keld Helsgaun] Tue Sep 11 15:02:59 2018
TYPE : TOUR
DIMENSION : 1001
TOUR_SECTION
1
181
413
560
903
571
947
864
861
157
558
703
509
921
646
890
110
417
398
312
680
472
29
554
669
935
781
647
923
885
109
49
97
462
616
529
501
485
993
602
521
134
122
775
810
679
264
370
658
311
715
36
456
186
875
89
934
900
840
899
471
519
487
367
252
164
836
207
475
461
803
139
315
448
966
610
719
429
809
143
762
578
576
283
422
464
767
640
853
352
778
142
659
857
342
939
553
728
296
698
437
667
877
480
991
982
897
138
860
377
92
111
748
160
59
907
165
596
704
399
69
635
896
336
904
894
261
792
241
555
449
735
23
697
518
876
756
663
120
84
867
504
409
820
639
871
654
764
75
774
384
246
116
676
1001
390
919
87
22
780
98
800
505
332
957
949
855
455
968
816
95
785
320
653
626
303
195
107
526
473
536
292
316
17
127
363
725
819
414
586
632
804
453
952
469
625
220
556
278
478
879
345
584
964
226
483
200
905
180
741
953
86
154
863
121
21
330
621
168
670
404
218
633
568
754
619
566
607
286
331
280
852
975
301
938
902
628
228
217
426
638
983
44
368
105
914
866
307
81
549
201
169
828
784
159
60
389
190
140
289
108
245
755
272
287
587
582
961
113
495
789
575
849
581
786
477
732
2
435
551
451
16
388
671
144
182
797
530
490
710
117
410
282
133
976
270
369
561
126
844
445
39
846
995
962
787
916
665
570
294
132
365
724
50
238
359
687
630
104
128
677
211
53
298
493
199
145
842
329
467
689
516
100
481
512
8
569
643
544
661
534
736
700
759
394
895
239
931
936
527
739
847
321
656
979
583
240
831
683
326
166
893
124
34
523
989
990
25
396
547
843
599
823
782
812
202
229
539
234
214
295
178
57
355
496
31
650
525
695
362
734
738
308
772
690
327
38
591
297
183
206
901
204
796
585
392
26
148
845
173
61
559
927
300
911
815
249
664
699
963
310
419
225
43
242
193
920
494
711
115
634
806
955
491
694
777
170
431
882
924
299
465
267
20
869
513
427
678
285
171
258
730
4
219
82
489
776
598
7
588
981
35
747
70
718
470
381
452
928
969
221
714
692
652
761
191
769
825
360
708
184
353
750
868
279
837
418
443
156
254
65
788
913
383
424
945
420
511
886
324
333
696
397
883
433
834
158
176
758
313
611
858
3
822
503
150
712
971
269
131
799
161
841
668
304
954
27
19
851
260
917
502
746
545
244
482
992
62
395
856
96
918
946
112
617
773
71
348
12
74
323
873
337
271
277
56
538
266
613
691
90
940
130
237
717
980
37
192
343
235
259
771
468
827
972
572
889
436
590
537
565
648
356
51
106
932
716
922
257
898
985
10
9
612
102
185
275
826
507
403
147
361
484
749
892
274
76
357
887
492
627
540
227
141
577
346
163
574
970
622
256
960
802
463
288
302
305
994
859
579
6
673
387
499
393
681
720
642
948
155
306
33
606
745
637
78
688
486
440
30
335
447
411
514
243
198
457
686
941
594
459
99
623
450
880
532
592
5
325
580
563
743
974
371
284
290
179
595
562
672
813
793
522
73
476
135
174
614
421
498
881
466
208
967
236
805
701
14
709
454
119
91
460
205
557
250
55
265
713
439
215
52
13
629
224
878
779
373
152
15
41
11
951
973
350
125
862
763
757
146
729
564
317
423
358
416
406
874
378
309
162
593
379
520
753
382
624
817
488
999
48
32
366
783
833
832
909
531
528
649
216
636
314
807
542
798
222
77
319
425
339
58
829
136
251
40
446
46
818
835
194
412
248
212
956
209
500
723
517
24
524
405
765
64
318
655
213
262
430
391
114
93
334
123
850
997
415
943
187
824
151
167
888
535
18
515
497
910
609
88
434
322
428
42
854
196
965
550
865
740
223
458
751
830
255
608
230
149
744
573
543
291
682
268
72
733
67
987
189
567
510
984
933
344
821
338
601
731
328
68
47
233
631
760
66
988
402
644
374
438
870
768
407
175
912
603
930
908
137
28
177
101
795
801
641
386
188
253
727
705
80
986
118
351
589
925
666
944
605
752
707
998
600
958
814
657
45
942
376
937
978
977
906
94
722
552
548
884
546
83
839
794
197
790
508
441
791
63
721
103
604
85
479
231
340
364
341
645
506
54
926
347
210
276
848
615
172
247
684
129
153
693
742
929
400
618
203
651
706
375
808
702
838
959
950
660
281
293
726
533
891
385
872
408
432
766
674
232
811
380
474
1000
354
541
263
442
444
996
401
662
915
737
79
372
597
273
675
349
620
685
770
-1
EOF
