NAME : sim1001.303222.tour
COMMENT : Length = 303222
COMMENT : Found by LKH [Keld Helsgaun] Tue Sep 11 03:20:53 2018
TYPE : TOUR
DIMENSION : 1001
TOUR_SECTION
1
406
475
712
88
498
150
739
259
859
391
833
840
73
931
518
631
162
527
45
772
152
966
89
272
58
118
243
493
681
92
366
758
444
525
709
141
827
684
926
830
628
127
570
743
251
469
640
904
941
54
839
66
468
708
240
852
112
455
307
47
853
315
957
623
360
978
920
33
4
554
704
226
510
163
321
928
642
413
945
897
59
773
770
767
899
923
748
630
683
387
703
22
371
436
894
172
37
900
889
298
519
449
381
318
969
532
528
921
171
603
808
882
805
363
807
799
861
660
146
119
982
370
386
513
117
27
359
556
539
813
909
849
675
677
193
199
424
464
698
260
49
364
482
301
17
947
883
216
169
453
291
69
5
619
670
428
968
471
782
686
227
523
3
400
918
137
166
262
392
497
384
94
234
879
430
524
305
622
592
96
431
256
589
220
607
121
233
797
531
888
185
486
170
700
810
994
627
878
940
600
383
10
759
426
958
322
213
416
202
863
357
34
835
423
783
225
329
109
122
604
232
126
311
495
980
18
15
74
100
361
975
373
766
30
794
615
289
463
737
713
358
467
538
312
962
208
434
536
270
785
790
944
751
113
149
667
95
320
864
57
992
51
43
223
65
176
210
228
476
753
993
679
610
355
347
706
752
995
644
559
147
746
385
616
662
335
726
123
749
715
446
771
205
420
508
577
8
402
707
40
979
635
288
309
563
696
212
155
293
215
352
847
761
596
410
935
597
154
378
774
296
844
7
520
561
845
792
9
323
409
254
967
716
826
257
617
175
645
477
334
394
812
802
673
541
28
740
53
337
29
682
741
38
489
167
83
494
691
692
542
932
922
504
828
345
62
873
330
442
200
970
842
98
905
156
614
960
191
930
44
435
917
595
916
250
729
742
705
723
183
801
70
890
12
303
211
818
195
983
264
516
283
971
661
902
689
919
506
934
626
465
664
443
624
893
108
744
768
825
546
411
514
591
333
674
181
663
32
634
473
16
601
266
871
6
417
964
956
793
13
738
647
470
248
583
81
582
279
278
946
76
456
304
80
533
913
699
182
954
153
530
99
422
67
838
938
281
678
734
165
650
575
412
632
939
717
478
341
445
454
219
401
282
238
60
1000
522
274
389
672
843
574
986
643
829
735
977
157
414
145
815
521
688
872
174
855
365
403
186
572
736
343
500
972
317
350
242
548
229
451
588
125
778
103
999
865
526
651
299
56
21
535
760
711
474
854
362
884
779
342
203
184
821
649
671
31
809
353
638
415
599
328
374
151
718
648
314
881
653
136
235
395
397
148
668
943
158
613
776
206
93
173
959
545
618
911
955
271
265
544
218
180
130
375
769
636
178
399
942
915
101
973
837
129
187
462
976
732
429
796
349
903
901
450
832
87
14
791
407
657
302
693
892
629
269
346
868
319
245
377
356
862
42
841
702
823
609
61
895
447
952
142
79
803
161
23
189
408
68
97
694
439
908
659
438
914
985
326
987
241
687
207
425
846
339
441
35
313
505
822
924
857
981
866
104
887
540
52
230
75
551
593
140
437
106
249
961
50
501
284
244
598
573
669
950
102
764
135
340
338
253
258
277
261
804
727
856
927
268
432
777
869
875
491
139
325
586
336
204
877
646
896
933
990
168
487
488
784
789
695
870
496
503
511
676
480
134
997
690
565
685
850
300
814
507
231
209
433
26
731
107
991
571
354
719
64
124
71
194
555
460
666
273
576
621
701
552
755
466
912
512
310
324
483
308
581
874
834
41
806
602
867
84
652
756
287
332
492
750
297
579
566
587
390
267
502
306
252
63
765
177
725
509
564
733
637
246
499
344
239
459
327
458
376
584
775
710
159
578
294
236
25
949
393
479
537
655
836
404
816
654
585
388
780
989
658
91
78
421
665
72
1001
860
286
192
937
351
295
606
128
988
558
82
481
633
111
745
885
951
831
811
543
247
276
568
143
224
656
457
641
190
612
886
120
898
611
160
379
490
560
553
116
316
144
380
998
237
24
594
398
46
557
77
910
891
132
138
720
19
461
484
851
188
448
754
948
452
590
290
858
639
907
348
485
292
817
965
824
786
369
608
724
680
90
405
820
382
800
625
550
714
549
996
876
275
534
547
11
974
39
263
115
86
722
788
580
48
529
217
757
372
697
795
55
85
848
728
721
105
730
763
562
214
787
179
781
953
222
285
198
427
747
331
798
201
2
255
419
221
517
569
110
620
164
367
515
963
280
567
133
819
925
396
984
880
131
936
197
762
929
20
196
605
418
114
440
368
906
36
472
-1
EOF
