NAME : sim1001.309078.tour
COMMENT : Length = 309078
COMMENT : Found by LKH [Keld Helsgaun] Tue Sep 11 06:55:30 2018
TYPE : TOUR
DIMENSION : 1001
TOUR_SECTION
1
198
271
783
182
473
852
499
911
444
476
335
430
838
84
746
53
118
957
599
997
268
509
104
403
321
981
52
986
597
842
729
190
364
588
944
272
1001
758
638
743
326
376
317
951
803
732
488
812
710
205
64
544
404
16
48
867
767
930
646
991
464
455
46
259
756
292
753
740
537
853
105
613
421
601
99
834
193
85
88
81
408
644
687
116
279
940
605
331
146
349
528
989
709
136
77
357
832
907
384
666
628
96
846
943
200
649
493
800
917
792
639
119
764
110
86
966
132
330
496
820
216
948
176
491
140
257
420
523
41
894
401
823
686
602
600
620
688
557
751
766
459
133
787
891
125
794
288
484
724
314
18
598
453
47
987
866
578
546
359
448
938
188
262
655
397
83
461
435
596
379
931
689
895
508
310
223
386
642
365
610
232
611
297
566
367
860
203
204
833
696
57
984
436
827
826
643
711
63
960
606
433
21
906
76
561
27
824
206
187
381
480
385
244
229
412
234
761
171
516
539
201
30
479
671
2
274
355
348
848
640
28
68
313
856
460
130
329
242
737
580
968
668
270
306
782
497
616
661
149
148
971
817
375
564
554
227
316
863
901
956
996
172
747
307
565
950
830
298
728
985
591
563
653
248
454
82
979
308
573
160
152
91
768
67
293
26
999
821
714
23
850
253
976
219
273
62
127
534
553
595
372
276
744
708
303
861
849
281
510
319
818
797
466
819
914
106
893
144
109
630
240
145
693
784
383
569
706
808
296
749
810
185
434
440
608
633
532
61
725
469
855
445
543
197
13
45
974
879
261
825
552
699
723
14
25
260
406
378
558
309
757
304
394
186
726
731
775
131
351
267
745
327
570
536
875
755
524
923
634
801
912
869
482
418
770
586
472
777
919
802
90
8
501
593
42
662
87
224
251
781
576
864
324
513
900
60
342
909
769
822
66
507
511
75
654
698
169
697
111
806
407
137
692
199
959
254
637
363
12
368
266
498
896
898
341
463
5
427
811
934
15
720
721
541
212
682
284
877
495
411
441
836
302
416
773
961
425
92
156
964
337
947
585
322
815
556
263
467
417
705
656
117
813
175
438
457
220
225
40
829
492
545
533
9
614
928
590
258
55
413
22
74
571
285
478
793
37
389
799
673
882
405
862
410
352
166
315
494
742
678
945
627
236
963
542
374
451
583
786
759
395
332
969
291
790
354
774
54
167
370
992
475
619
804
905
423
550
935
512
112
275
858
344
162
465
163
663
582
426
607
138
890
93
921
670
581
154
954
432
141
462
562
736
333
398
574
202
870
486
551
178
107
59
788
718
264
207
102
17
500
431
422
483
739
243
366
214
215
34
400
738
796
346
468
168
694
949
181
20
589
72
51
312
789
752
353
159
390
933
70
382
748
844
150
885
328
361
505
295
50
115
892
449
658
881
913
249
816
294
871
555
450
123
995
241
506
235
647
208
955
681
471
339
918
519
343
924
665
967
231
936
393
660
916
763
839
24
529
278
977
903
922
217
446
33
409
414
103
780
771
680
762
592
897
226
283
218
6
173
114
126
246
631
978
809
245
572
568
101
632
872
538
612
222
713
540
373
158
1000
340
399
980
38
677
958
323
388
734
873
94
191
356
652
874
641
58
280
965
124
474
177
625
489
549
702
657
618
250
269
814
520
741
439
674
584
174
503
78
429
443
161
915
369
635
946
183
994
926
990
387
437
350
157
481
629
139
560
69
886
419
623
487
247
194
531
256
120
135
676
19
195
113
857
108
179
392
722
650
765
282
760
65
927
717
477
209
155
615
845
299
165
690
672
345
772
362
514
887
391
939
7
831
221
805
164
43
95
868
715
35
189
525
883
305
134
358
238
360
785
447
559
228
929
252
11
517
828
290
617
237
982
29
73
39
575
98
526
347
122
239
458
210
750
684
962
691
908
151
233
522
402
452
4
798
703
213
100
286
925
880
515
791
521
776
211
733
664
889
988
636
121
716
937
645
884
334
807
415
230
841
683
371
888
594
289
970
567
973
932
320
265
865
754
837
255
311
972
695
910
778
97
701
32
535
196
79
878
527
902
727
31
854
712
142
679
998
624
325
301
192
859
36
470
336
651
920
942
89
735
685
659
56
587
10
504
840
669
338
779
129
719
71
502
835
876
318
953
604
548
547
442
622
667
184
851
490
952
847
941
377
44
277
49
730
899
609
3
128
983
621
287
975
843
577
300
704
428
143
456
626
485
579
795
380
80
424
993
700
153
675
518
180
147
648
530
170
603
396
707
904
-1
EOF
