NAME : sim251.153157.tour
COMMENT : Length = 153157
COMMENT : Found by LKH [Keld Helsgaun] Tue Sep 11 17:06:25 2018
TYPE : TOUR
DIMENSION : 251
TOUR_SECTION
1
24
32
223
217
30
40
189
41
153
227
173
138
116
162
185
71
171
109
195
60
176
230
8
98
130
137
73
12
33
36
111
133
204
57
121
183
159
157
19
224
117
87
245
220
218
61
84
5
246
172
213
90
174
92
206
229
25
232
181
114
122
81
127
250
96
23
161
126
10
199
55
20
4
47
147
150
205
242
54
144
14
9
63
239
231
110
200
142
91
209
197
192
187
102
219
177
210
165
140
31
104
69
27
17
170
251
7
129
42
70
56
178
64
105
226
237
21
37
11
163
22
168
53
88
6
214
101
194
238
2
34
76
241
148
247
39
83
112
82
216
115
67
198
86
46
134
89
182
120
152
103
48
106
3
131
50
99
77
78
221
75
233
29
74
145
188
158
18
143
93
119
123
166
215
228
179
193
146
79
196
212
85
43
44
155
80
26
243
136
191
222
38
236
108
35
72
160
97
167
244
203
128
139
175
141
51
151
248
164
190
149
59
28
132
45
13
180
249
95
240
118
225
135
154
107
65
234
52
202
100
125
169
156
235
184
62
207
186
201
15
66
68
49
94
58
113
124
16
211
208
-1
EOF
