NAME : sim1001.311030.tour
COMMENT : Length = 311030
COMMENT : Found by LKH [Keld Helsgaun] Tue Sep 11 15:45:35 2018
TYPE : TOUR
DIMENSION : 1001
TOUR_SECTION
1
305
915
31
254
509
900
794
240
603
581
471
936
380
354
547
705
244
52
859
72
978
960
956
405
27
344
863
992
748
76
42
46
797
815
217
666
22
55
24
770
645
49
433
892
710
452
497
569
210
474
532
600
673
84
129
681
777
669
133
629
319
256
621
317
435
1000
493
352
470
633
563
643
239
708
410
893
726
316
200
171
132
310
684
483
363
533
760
389
824
330
439
215
734
111
730
41
87
933
597
698
925
226
427
110
333
312
650
610
928
609
127
523
265
519
852
263
416
959
456
818
819
479
278
311
103
494
575
792
491
556
419
64
930
514
966
141
842
665
634
98
887
806
163
512
211
248
548
517
555
50
383
740
678
558
924
374
767
334
370
473
257
786
79
814
516
691
51
662
436
651
528
501
753
525
475
582
386
353
396
542
828
376
833
37
837
152
451
190
154
373
967
88
934
123
274
984
82
434
247
421
350
564
866
846
685
150
695
144
843
304
835
694
540
876
420
198
932
322
271
587
557
672
80
718
32
807
155
21
39
371
179
871
585
693
450
953
977
873
847
306
187
149
158
763
264
831
284
166
799
68
660
283
459
168
225
788
562
776
778
156
6
20
668
834
822
907
269
293
721
793
71
113
199
914
15
326
242
366
880
785
345
881
534
437
66
584
250
626
590
232
735
952
623
836
917
172
994
287
495
134
769
939
902
551
203
687
701
541
219
605
1001
553
520
724
253
773
568
297
644
771
301
602
573
489
440
465
796
8
689
472
298
712
765
940
593
647
526
160
498
983
183
75
148
895
825
292
700
702
656
507
2
905
617
619
102
30
991
594
886
381
320
11
774
658
325
804
78
426
544
96
342
823
202
648
351
372
487
921
457
531
566
192
969
889
947
341
627
315
990
258
798
888
591
243
485
197
500
829
538
511
236
539
382
715
985
222
717
958
844
957
599
923
169
759
346
44
280
637
230
185
554
92
277
918
323
789
750
614
636
401
727
279
746
83
402
235
812
375
986
982
607
674
268
411
307
692
296
611
441
444
36
579
857
358
409
57
716
93
832
309
157
303
875
94
954
288
971
343
18
499
535
728
101
783
571
430
147
872
138
100
682
463
476
462
255
384
175
224
276
635
916
578
801
883
182
820
909
583
938
965
711
974
910
442
34
510
314
413
951
764
848
178
368
347
151
870
922
646
209
468
369
422
744
228
752
213
997
860
181
115
302
942
332
639
443
874
408
972
161
655
854
349
968
675
338
736
795
252
561
16
348
850
663
186
331
749
90
690
879
125
14
461
432
757
17
360
782
659
745
908
963
357
238
162
817
387
926
140
119
549
911
999
827
121
414
821
191
137
206
165
747
385
294
919
664
592
390
813
703
522
713
970
74
518
790
709
502
464
261
943
787
979
399
448
446
606
896
77
285
7
237
245
784
719
894
809
964
714
577
329
108
404
124
194
201
524
973
266
862
898
324
398
670
780
503
912
481
864
212
295
340
73
65
249
683
403
153
26
612
289
751
772
95
987
336
362
105
59
270
488
816
976
116
615
849
313
227
537
530
729
624
359
877
508
167
945
81
998
379
417
43
438
478
762
768
241
445
229
63
233
13
424
260
929
477
901
53
109
356
486
640
550
480
290
425
221
515
589
335
496
596
428
661
800
949
282
697
882
996
722
112
775
931
12
146
60
920
40
218
388
35
738
856
56
86
527
570
9
559
281
145
267
855
220
38
723
449
543
868
981
393
177
327
91
415
586
946
205
904
455
397
630
339
85
69
299
572
552
361
638
418
826
688
139
505
906
654
576
779
891
10
766
791
632
130
962
321
193
699
545
676
696
365
707
159
536
286
262
482
400
328
704
136
364
58
67
484
89
853
865
128
706
394
106
808
19
392
840
204
989
174
395
622
216
97
595
189
756
176
631
70
754
899
377
337
657
975
878
131
642
513
805
29
223
114
652
841
810
118
781
454
135
378
649
803
737
447
935
838
184
867
885
275
126
506
207
758
170
927
173
580
616
412
948
208
180
546
23
308
120
601
195
677
300
641
869
679
273
742
453
897
884
104
671
28
588
845
903
460
504
955
608
743
47
618
142
99
598
54
858
355
980
62
667
995
196
944
680
950
259
143
5
391
521
993
467
567
560
574
725
291
423
4
988
458
731
3
45
246
720
251
367
839
604
490
25
529
913
234
761
732
851
272
214
620
61
653
741
565
625
739
107
407
961
48
188
802
733
811
429
613
406
937
122
492
469
318
686
431
861
755
830
628
33
466
890
231
117
164
941
-1
EOF
