NAME : sim501.217864.tour
COMMENT : Length = 217864
COMMENT : Found by LKH [Keld Helsgaun] Mon Sep 10 22:05:32 2018
TYPE : TOUR
DIMENSION : 501
TOUR_SECTION
1
363
13
14
105
175
260
329
376
369
478
135
341
16
32
56
102
400
83
319
221
8
337
35
291
93
45
404
225
332
403
267
483
351
242
416
499
266
378
331
154
64
76
218
422
91
199
299
33
315
118
385
151
402
451
264
155
142
278
98
120
3
365
471
124
145
198
431
285
394
166
66
465
426
226
371
353
15
305
396
384
500
139
350
137
467
132
391
192
52
20
401
165
268
224
314
59
244
428
249
90
429
481
368
377
317
323
116
372
375
449
201
195
265
301
239
383
420
442
54
482
107
459
246
393
71
397
342
40
338
27
172
122
184
67
177
223
276
344
406
255
26
23
141
216
191
270
355
290
21
138
129
398
493
179
182
297
228
307
162
462
12
392
57
390
312
219
296
29
31
259
334
282
101
148
418
227
186
480
233
55
434
387
207
146
443
147
206
262
153
316
82
487
381
436
245
79
100
190
492
46
335
134
163
208
97
295
283
472
69
6
143
352
280
170
306
395
269
113
287
89
437
169
22
68
231
469
349
149
18
39
497
339
58
292
209
326
36
386
47
263
10
171
63
114
356
256
187
438
117
347
405
178
210
357
62
441
202
140
286
367
70
274
103
73
211
212
189
501
308
364
439
374
328
457
197
289
288
250
2
78
491
168
456
325
234
159
320
43
104
7
417
303
217
75
360
310
42
252
432
38
413
11
185
407
399
49
88
229
293
110
183
126
48
322
232
112
188
476
448
215
180
379
125
205
440
348
321
415
275
60
248
194
300
272
4
474
150
450
346
174
204
330
477
366
157
152
119
17
109
25
411
96
490
95
489
254
298
273
488
65
324
237
87
389
345
294
167
37
343
50
53
131
311
144
454
127
498
261
284
461
230
304
475
115
271
460
473
485
81
80
203
464
318
235
279
373
156
361
358
419
302
447
463
313
435
164
214
359
277
72
362
176
108
327
238
433
486
309
382
111
370
453
495
123
130
236
133
410
380
421
240
251
34
77
281
412
424
468
44
173
414
213
445
161
333
455
425
94
458
409
446
121
423
158
19
336
427
196
243
340
354
74
452
257
24
128
430
484
84
30
253
494
51
99
479
247
258
5
41
85
466
160
181
388
136
9
241
220
222
92
470
61
28
106
200
86
444
193
496
408
-1
EOF
