NAME : sim141.121710.tour
COMMENT : Length = 121710
COMMENT : Found by LKH [Keld Helsgaun] Sun Sep 16 06:13:55 2018
TYPE : TOUR
DIMENSION : 141
TOUR_SECTION
1
3
91
133
18
104
106
58
132
23
6
127
45
60
40
55
72
67
102
123
57
105
137
119
12
19
90
122
109
111
138
79
10
13
22
51
77
2
124
85
126
32
47
30
44
103
88
66
131
21
89
29
14
112
5
100
27
4
120
35
114
70
75
128
117
26
42
48
46
87
86
8
141
113
121
25
28
74
53
16
118
39
65
34
69
99
11
59
92
116
95
49
15
101
24
140
110
71
82
107
135
62
31
139
43
136
64
37
80
7
50
33
93
97
125
9
56
96
68
17
134
81
108
78
52
83
73
130
20
61
41
63
36
84
38
94
129
115
76
98
54
-1
EOF
