NAME : sim501.220499.tour
COMMENT : Length = 220499
COMMENT : Found by LKH [Keld Helsgaun] Mon Sep 10 23:01:24 2018
TYPE : TOUR
DIMENSION : 501
TOUR_SECTION
1
409
39
187
468
16
338
310
364
417
282
244
38
470
213
32
320
299
331
326
130
467
377
153
261
429
151
75
203
476
266
158
142
456
388
342
167
316
418
441
317
367
59
156
242
384
305
182
7
21
263
185
169
460
239
137
302
232
462
275
121
245
258
472
374
274
268
357
435
296
487
391
412
70
399
176
146
488
284
457
106
174
208
380
209
204
477
408
280
250
165
131
459
493
139
199
428
401
102
179
293
230
34
152
277
233
267
195
98
104
2
26
449
120
347
253
383
481
335
400
381
363
446
304
359
312
154
79
76
35
323
262
74
66
309
211
308
327
272
69
288
9
355
425
214
491
144
430
54
307
223
289
424
461
303
414
361
329
43
360
63
356
196
451
495
10
426
295
132
346
184
471
81
416
107
420
376
292
147
337
41
458
443
114
149
339
255
109
235
466
369
92
501
14
162
103
51
65
300
93
11
479
105
285
201
333
161
148
71
294
324
119
228
482
237
87
113
348
494
248
330
193
290
128
386
44
217
222
497
180
315
212
238
311
325
24
127
370
57
475
276
166
463
397
321
133
90
264
368
257
192
18
72
301
455
448
215
56
453
438
17
42
4
256
234
365
499
227
5
465
382
96
392
241
186
387
67
390
189
385
164
423
210
225
118
68
306
447
28
431
286
48
124
404
123
395
89
291
483
405
194
140
372
421
353
260
254
101
183
13
8
188
175
136
433
411
332
281
473
181
279
82
178
60
29
33
271
452
319
318
403
322
413
143
422
218
273
500
427
55
419
226
58
221
155
334
349
40
492
100
485
373
436
345
78
362
80
85
50
198
259
251
393
246
134
343
97
138
358
3
91
484
336
202
125
83
122
396
410
190
445
15
236
252
95
173
115
157
283
249
231
49
478
159
22
64
247
340
352
464
490
415
197
328
432
77
47
314
366
389
454
496
27
439
62
160
84
287
398
163
52
216
220
207
371
469
73
442
379
434
112
350
278
23
270
474
108
88
219
341
94
344
354
129
45
116
6
30
229
402
126
243
191
297
145
99
407
53
351
450
378
240
117
150
298
19
172
444
200
25
440
206
224
111
313
375
31
46
406
61
489
141
437
265
205
170
486
12
86
36
269
498
171
394
110
37
135
177
20
168
480
-1
EOF
