NAME : sim141.115324.tour
COMMENT : Length = 115324
COMMENT : Found by LKH [Keld Helsgaun] Thu Sep 20 03:27:23 2018
TYPE : TOUR
DIMENSION : 141
TOUR_SECTION
1
12
73
8
26
77
130
44
64
104
62
25
126
16
6
46
23
85
119
95
125
3
79
22
141
83
19
7
127
118
92
52
2
42
102
90
128
35
106
138
81
96
13
39
105
103
38
76
21
69
54
134
58
123
65
120
10
71
30
133
89
137
55
72
48
140
93
84
121
53
37
17
110
122
68
63
18
5
78
61
47
33
107
56
132
32
15
114
74
75
112
70
51
111
28
99
135
14
34
11
116
43
57
136
50
94
129
108
80
60
20
24
139
82
131
4
115
101
9
109
88
113
31
40
98
36
100
97
124
29
49
27
41
117
86
45
67
91
87
59
66
-1
EOF
