NAME : sim501.214096.tour
COMMENT : Length = 214096
COMMENT : Found by LKH [Keld Helsgaun] Mon Sep 10 21:45:52 2018
TYPE : TOUR
DIMENSION : 501
TOUR_SECTION
1
107
54
346
13
461
426
192
240
297
494
401
177
264
69
52
184
80
145
34
358
15
128
207
39
480
329
40
176
16
67
75
7
205
386
470
221
414
416
489
93
385
8
12
41
167
404
196
257
296
406
483
149
26
61
158
285
220
227
474
315
421
136
273
132
72
86
397
407
271
336
142
363
102
179
439
66
105
77
305
408
157
95
23
422
365
62
146
428
374
320
325
497
501
393
351
369
282
356
372
189
390
373
321
278
391
239
412
182
88
322
151
357
298
324
432
445
226
200
211
6
485
204
355
164
18
94
140
384
191
308
284
255
74
106
125
415
270
90
31
452
316
173
230
417
330
400
70
333
287
233
174
214
332
479
349
435
219
97
466
11
248
448
301
335
22
115
258
65
376
398
99
453
92
383
347
463
253
183
440
279
51
101
418
449
353
218
293
377
199
129
493
244
460
300
124
236
118
280
154
32
387
243
345
181
267
495
37
127
468
395
3
141
228
446
175
342
209
454
178
313
251
319
122
206
217
203
366
409
119
108
430
274
360
482
375
123
42
478
224
447
160
57
91
212
44
104
328
186
33
83
303
126
166
425
302
231
378
475
195
53
138
464
110
290
472
47
71
268
403
46
499
457
250
419
130
359
232
58
156
234
306
459
286
331
20
85
364
222
168
309
48
312
35
215
161
437
477
197
361
281
379
261
68
410
476
202
295
473
100
413
371
137
337
79
289
185
458
431
135
443
245
180
269
242
169
162
139
380
294
266
165
318
25
259
438
450
246
491
29
238
442
389
216
368
311
487
172
436
60
362
427
500
49
201
496
59
323
396
382
64
299
229
340
456
241
235
498
194
81
348
488
317
370
112
82
21
492
471
152
277
424
263
223
43
89
291
103
171
388
190
455
465
188
170
10
114
307
30
210
78
304
344
55
147
394
283
19
116
247
144
133
9
131
249
5
2
24
405
121
276
252
17
265
481
314
354
256
423
109
153
399
462
143
484
134
28
159
73
150
326
352
198
350
84
56
98
469
490
338
187
254
117
444
262
486
155
76
420
339
343
87
402
429
411
45
334
14
441
4
36
392
120
50
381
341
225
63
208
27
288
310
148
237
451
275
163
111
292
433
467
260
434
193
96
113
327
213
367
38
272
-1
EOF
