NAME : sim141.114069.tour
COMMENT : Length = 114069
COMMENT : Found by LKH [Keld Helsgaun] Sat Sep 15 22:44:52 2018
TYPE : TOUR
DIMENSION : 141
TOUR_SECTION
1
38
100
102
131
116
45
9
134
26
92
58
113
108
18
135
76
13
32
3
63
103
37
124
33
23
53
61
79
40
112
106
15
25
43
46
17
70
139
83
51
109
94
66
4
47
34
123
122
69
86
110
90
125
88
78
119
89
99
72
104
60
14
115
65
130
5
82
35
20
96
75
98
80
57
137
77
107
30
128
55
111
6
16
31
62
44
127
54
11
117
28
50
105
21
41
74
48
36
39
132
118
12
10
84
141
71
87
121
19
140
73
22
27
133
52
59
120
29
91
126
95
7
136
24
101
81
8
138
68
129
2
49
93
42
85
64
56
114
67
97
-1
EOF
