NAME : sim251.153781.tour
COMMENT : Length = 153781
COMMENT : Found by LKH [Keld Helsgaun] Tue Sep 11 17:40:39 2018
TYPE : TOUR
DIMENSION : 251
TOUR_SECTION
1
38
136
178
210
41
65
28
198
50
119
209
169
172
31
131
69
201
187
167
185
35
207
157
81
40
86
15
9
59
165
160
73
19
116
170
87
182
122
83
161
20
133
166
91
113
127
213
72
48
123
110
142
43
44
238
71
150
90
80
60
251
74
204
89
29
219
203
205
70
108
54
2
64
121
55
101
200
111
84
189
33
98
195
6
232
162
21
141
192
143
85
92
149
239
63
22
94
4
36
16
75
151
132
194
246
128
199
228
225
226
32
99
179
26
39
245
236
249
197
30
180
220
114
140
118
82
163
250
230
159
193
237
14
148
47
5
17
42
215
211
126
24
23
146
102
10
125
53
190
218
212
66
27
45
155
181
244
235
138
46
13
164
145
76
62
52
175
135
156
188
56
231
177
221
229
115
224
107
11
8
130
216
124
223
206
109
34
174
51
176
7
117
3
186
242
243
214
208
137
57
240
134
171
104
97
222
153
78
67
79
241
227
37
234
49
184
139
12
247
154
58
129
248
106
152
191
96
202
144
18
217
112
105
196
77
233
103
183
147
120
68
158
100
61
168
173
25
95
88
93
-1
EOF
