NAME : sim1001.304657.tour
COMMENT : Length = 304657
COMMENT : Found by LKH [Keld Helsgaun] Tue Sep 11 07:21:53 2018
TYPE : TOUR
DIMENSION : 1001
TOUR_SECTION
1
101
124
801
410
864
620
976
481
531
707
390
983
639
262
233
96
73
783
264
432
364
772
87
677
153
51
436
57
67
960
74
690
36
504
130
721
982
13
573
767
227
469
782
451
31
779
397
239
143
144
622
674
347
109
342
444
759
955
833
45
892
150
956
822
103
770
384
180
843
107
374
610
987
722
797
483
644
913
330
281
936
379
461
571
333
747
978
105
345
340
525
321
682
631
328
292
971
371
884
920
395
472
950
685
94
842
691
533
564
627
914
505
353
473
681
2
362
794
392
608
318
47
311
346
611
562
739
786
309
331
651
146
555
343
808
112
197
537
141
446
355
791
946
698
25
777
873
509
296
210
434
560
733
32
70
974
990
792
765
999
193
883
735
837
951
482
811
127
82
774
628
534
697
953
904
523
24
709
963
771
563
694
917
507
850
781
944
200
426
453
242
600
756
840
916
457
142
271
566
943
800
222
100
21
508
632
935
164
597
169
408
539
417
219
882
742
825
669
934
894
764
634
618
184
369
670
377
979
661
470
695
700
605
839
680
857
552
684
181
492
361
194
349
235
890
754
226
34
245
332
149
761
616
385
746
344
815
889
912
464
474
26
824
176
72
116
60
614
4
77
829
625
257
862
991
635
269
814
858
95
827
433
576
196
224
152
237
43
592
589
848
187
834
826
173
230
148
220
617
1000
174
160
284
240
799
544
678
5
83
713
251
41
665
456
671
952
363
258
659
145
211
596
28
545
209
490
115
737
134
133
259
12
869
517
375
231
297
932
967
501
776
119
970
409
420
969
274
849
603
155
305
268
988
8
686
302
118
732
760
10
463
775
807
354
795
128
656
895
810
338
443
158
896
980
706
888
918
273
965
177
192
29
412
35
298
557
18
55
823
922
429
612
813
111
773
329
480
394
641
812
376
831
90
673
485
428
652
84
847
287
647
575
108
81
189
687
717
821
89
841
947
567
285
725
688
607
844
568
693
140
50
989
954
515
511
730
657
488
649
270
619
191
541
123
587
915
389
76
636
213
667
88
204
877
604
992
63
543
431
745
202
62
185
423
421
37
723
414
22
53
598
198
638
653
871
14
512
728
664
265
905
260
937
267
356
39
836
168
17
646
167
78
75
911
929
440
9
708
712
334
386
601
468
368
580
830
503
744
997
360
621
1001
92
413
975
613
885
476
241
455
424
497
203
878
648
61
802
427
159
491
643
278
391
787
578
122
335
234
903
348
806
726
668
816
117
291
720
459
901
565
715
199
441
120
399
549
71
486
489
751
972
458
788
383
496
56
666
866
357
366
325
195
559
640
478
719
277
419
820
381
465
900
462
286
582
574
437
252
293
253
280
716
236
626
910
729
450
350
692
157
97
166
495
312
378
498
339
6
314
304
256
741
529
941
454
758
66
367
218
532
701
365
324
59
110
705
740
136
422
275
215
400
998
518
985
301
69
524
727
865
923
255
590
165
926
930
714
288
623
925
445
769
554
162
696
675
79
898
279
547
396
320
42
924
438
699
966
216
306
939
175
351
494
475
867
961
467
872
870
261
928
403
891
3
398
442
295
471
186
208
832
449
645
642
948
907
572
129
766
546
415
921
577
404
132
151
254
752
789
217
968
594
591
520
585
246
460
887
163
599
65
313
337
522
388
58
48
579
114
538
676
584
182
805
703
856
736
64
731
854
818
624
15
984
959
477
54
326
790
16
322
993
548
238
502
749
986
229
154
310
845
38
633
704
407
516
931
609
763
80
319
283
874
540
393
556
660
137
248
20
863
835
506
853
521
510
615
493
499
452
542
207
85
738
535
743
753
919
528
206
99
973
113
586
658
927
996
893
672
317
171
370
86
530
650
784
40
940
942
327
401
484
536
785
131
138
702
957
838
875
879
359
724
406
190
793
135
897
962
382
223
170
44
881
662
551
300
711
19
448
629
439
550
430
125
188
156
11
307
977
289
630
405
796
595
250
964
852
315
606
352
247
768
387
748
750
762
809
558
336
172
958
232
886
263
282
902
23
487
225
710
734
30
778
139
949
593
804
183
299
93
755
161
27
373
654
178
323
308
52
372
358
581
994
908
104
418
411
102
945
995
272
561
757
846
780
569
221
244
828
583
466
243
519
868
981
479
500
718
817
316
214
602
803
527
447
513
46
179
201
294
402
938
249
819
98
341
683
859
637
425
655
570
855
909
380
228
933
126
663
266
416
553
49
514
303
880
106
435
860
212
679
147
899
7
526
689
906
876
121
861
91
205
68
588
851
798
33
290
276
-1
EOF
