NAME : sim701.259870.tour
COMMENT : Length = 259870
COMMENT : Found by LKH [Keld Helsgaun] Mon Sep 17 10:52:56 2018
TYPE : TOUR
DIMENSION : 701
TOUR_SECTION
1
432
538
22
662
596
282
37
490
332
31
265
235
73
69
196
77
698
310
463
161
131
639
237
518
207
102
240
150
520
631
30
690
504
694
629
291
501
554
437
506
376
455
561
573
307
644
595
220
686
385
53
311
492
533
468
630
405
456
458
339
175
647
427
327
600
692
581
508
418
338
156
365
510
684
589
12
660
117
91
178
439
251
348
44
582
574
29
369
524
534
193
298
45
409
374
569
264
560
267
519
208
315
539
373
608
541
228
605
108
530
622
104
623
606
33
79
668
109
65
483
48
693
81
607
168
406
650
314
460
638
241
677
454
654
671
531
438
347
587
120
688
224
205
681
192
10
255
210
366
15
482
234
487
590
19
165
135
46
368
361
184
349
648
481
34
691
93
449
624
141
445
209
646
138
250
450
218
54
451
417
568
269
537
678
14
75
598
588
148
190
652
434
317
620
651
139
83
544
655
43
128
485
380
614
471
325
507
575
400
488
625
489
448
618
399
309
245
119
576
114
143
172
290
549
111
446
152
362
388
144
353
94
695
370
266
378
390
663
149
90
257
502
238
162
435
232
49
352
89
287
40
261
2
667
497
577
496
475
701
689
514
383
64
395
288
28
118
412
174
85
206
429
115
610
680
51
32
372
331
41
215
212
35
476
635
628
426
441
276
580
419
566
479
303
700
334
227
134
557
469
535
513
268
151
658
323
313
187
16
697
39
211
611
50
99
343
696
214
157
484
685
495
424
359
318
669
404
18
579
122
229
619
200
657
233
682
503
584
382
486
204
169
295
572
556
246
302
321
398
665
555
136
146
363
516
640
626
542
155
416
453
270
76
304
106
457
278
116
526
585
231
443
56
597
381
319
411
522
101
324
123
578
645
61
480
350
158
333
159
23
637
357
408
384
551
21
444
666
461
546
129
552
392
285
72
633
163
477
389
182
329
5
112
105
17
87
179
219
199
213
103
145
431
289
284
221
540
191
330
96
498
420
107
326
603
86
634
283
421
567
181
47
659
293
550
562
670
337
195
505
599
528
641
425
517
203
636
345
202
465
336
294
612
316
393
613
565
306
55
185
252
88
675
127
586
198
661
462
170
217
82
260
387
558
401
280
63
275
593
523
272
125
194
254
563
201
433
500
13
38
60
391
279
570
559
464
386
296
230
126
643
67
351
367
447
591
642
78
25
543
601
59
153
341
292
653
239
592
335
547
42
308
262
512
617
299
452
664
243
6
70
166
66
26
473
277
356
683
594
402
355
346
328
571
216
97
407
132
225
297
340
92
58
344
379
9
521
679
11
491
342
410
375
687
632
527
301
377
609
442
673
173
74
130
499
364
699
113
7
274
249
440
360
71
423
197
140
674
478
100
171
4
494
186
24
80
627
396
545
430
467
616
466
84
189
68
676
154
428
300
95
110
121
164
305
176
583
259
27
3
98
36
222
511
263
414
509
271
564
242
286
459
223
258
160
320
553
167
536
422
358
183
177
137
52
604
244
147
656
312
602
649
403
253
354
20
322
470
493
281
124
415
57
62
529
371
236
548
525
142
515
8
474
133
226
256
188
532
248
397
672
247
180
273
413
472
615
621
394
436
-1
EOF
