NAME : sim701.255133.tour
COMMENT : Length = 255133
COMMENT : Found by LKH [Keld Helsgaun] Tue Sep 18 07:46:16 2018
TYPE : TOUR
DIMENSION : 701
TOUR_SECTION
1
40
581
153
654
545
398
293
687
214
275
582
139
515
125
302
521
224
429
67
358
408
647
72
465
433
596
193
246
671
123
683
244
698
300
247
412
106
138
2
600
548
342
620
371
621
483
666
255
145
116
652
53
281
57
479
645
124
574
602
616
673
13
379
243
256
552
658
426
79
199
58
696
85
9
70
611
91
76
603
63
551
236
291
165
542
502
457
682
362
476
396
522
395
26
28
623
641
374
187
529
277
325
17
663
554
541
47
452
295
43
536
595
11
120
161
263
105
446
651
292
615
635
331
495
501
264
477
401
411
478
470
453
626
217
311
347
179
392
129
196
36
225
370
332
415
668
484
617
586
474
78
664
580
162
613
518
585
438
348
606
202
462
181
373
122
282
194
327
266
127
284
454
672
101
81
39
450
407
94
499
659
480
578
594
701
674
169
173
265
41
86
482
215
126
69
303
355
549
45
119
437
182
82
681
636
14
504
152
432
460
285
363
380
232
130
693
351
61
344
547
56
436
656
257
157
640
37
609
461
272
84
200
356
251
118
349
667
168
121
150
335
519
506
23
494
159
97
22
441
55
381
197
330
267
599
4
235
109
393
425
449
605
354
543
353
317
526
558
175
142
496
237
544
170
192
665
156
414
64
678
473
391
93
562
5
209
608
25
399
565
198
560
288
337
309
610
190
458
694
146
233
89
32
20
75
147
323
422
390
511
614
258
642
492
509
584
569
346
71
280
107
377
384
456
83
334
591
491
66
378
360
598
637
212
92
514
294
430
427
177
114
643
339
434
318
305
329
248
131
74
87
59
527
469
420
340
629
324
648
653
141
416
364
510
516
35
137
488
133
445
108
68
319
227
166
361
451
269
471
490
12
397
625
444
134
27
556
386
406
583
254
372
535
690
278
487
158
657
443
655
148
376
532
111
98
143
447
675
538
528
3
201
253
229
557
183
104
128
367
628
404
572
174
206
167
382
306
113
172
211
326
592
205
537
500
333
669
375
240
250
464
513
245
553
646
299
21
268
475
228
286
691
34
679
676
249
435
151
423
405
185
88
517
466
418
468
571
419
308
670
472
38
692
579
644
218
65
649
191
310
102
42
296
231
697
612
677
459
486
50
48
684
95
632
290
523
431
304
604
62
274
546
100
203
624
493
389
336
638
219
338
601
660
520
186
276
10
680
410
368
400
19
633
221
262
505
365
534
508
176
507
341
448
631
149
312
117
369
568
321
314
686
343
60
498
164
136
99
383
439
226
421
481
359
489
316
49
54
31
485
564
33
700
366
530
555
261
135
573
51
688
283
570
163
259
279
204
252
207
597
607
216
322
298
440
577
238
210
171
639
208
413
112
73
388
154
428
301
512
24
270
155
52
622
563
561
634
289
313
160
357
588
110
550
566
455
8
140
80
497
271
287
630
320
567
689
618
409
96
234
576
30
44
685
144
178
533
699
184
307
315
46
213
467
260
273
524
394
195
18
16
424
328
589
188
115
222
593
463
587
241
387
239
223
650
661
695
525
180
590
15
242
220
297
539
662
90
559
350
29
385
531
352
7
402
6
540
132
103
619
189
575
503
77
345
417
230
442
403
627
-1
EOF
