NAME : sim161.127712.tour
COMMENT : Length = 127712
COMMENT : Found by LKH [Keld Helsgaun] Mon Sep 17 02:33:50 2018
TYPE : TOUR
DIMENSION : 161
TOUR_SECTION
1
5
39
76
47
62
64
83
144
34
151
24
35
113
13
59
52
78
140
97
57
116
99
155
156
26
133
41
98
139
122
114
11
102
135
158
37
124
160
67
66
107
61
94
27
55
100
142
81
7
29
88
82
25
21
93
149
136
119
23
71
118
3
16
130
91
134
89
112
44
126
6
36
143
10
46
22
103
132
86
45
28
60
101
49
108
105
2
90
137
131
87
120
109
65
68
128
48
63
43
110
77
117
80
54
138
79
159
127
148
14
125
17
69
72
121
85
56
33
75
20
150
9
95
123
73
30
152
40
157
70
129
38
4
154
8
146
104
145
115
58
92
12
15
32
161
18
50
31
42
96
147
74
153
51
141
19
106
53
84
111
-1
EOF
