NAME : sim161.124243.tour
COMMENT : Length = 124243
COMMENT : Found by LKH [Keld Helsgaun] Mon Sep 17 08:37:07 2018
TYPE : TOUR
DIMENSION : 161
TOUR_SECTION
1
140
57
159
54
6
60
106
121
133
33
27
113
148
4
95
117
37
105
58
62
156
111
108
52
61
13
43
47
55
17
123
135
22
67
70
25
90
112
129
56
18
8
84
126
107
28
131
119
64
142
125
23
124
34
82
96
53
3
116
30
2
63
99
152
154
134
89
81
120
139
42
20
103
46
19
115
35
74
157
128
104
91
110
29
93
45
86
12
21
109
50
36
48
87
38
147
65
94
69
137
130
71
9
73
77
26
68
40
150
146
100
122
144
151
75
11
149
79
88
97
127
14
24
39
138
132
41
16
44
32
7
78
153
59
72
102
5
98
136
114
85
143
31
160
66
118
155
101
15
80
161
145
76
10
51
92
49
158
83
141
-1
EOF
