NAME : sim501.217977.tour
COMMENT : Length = 217977
COMMENT : Found by LKH [Keld Helsgaun] Mon Sep 10 22:52:34 2018
TYPE : TOUR
DIMENSION : 501
TOUR_SECTION
1
139
248
374
163
320
305
192
387
297
170
395
220
288
260
175
407
465
499
300
236
56
88
371
397
450
166
17
45
349
246
458
51
324
475
152
48
325
226
498
149
452
460
224
215
289
435
52
207
177
366
250
229
473
257
331
377
115
484
105
261
182
451
219
318
61
364
127
118
205
501
398
156
338
490
24
432
40
388
101
85
223
180
150
95
319
108
420
222
190
284
18
323
80
82
264
423
58
107
352
231
378
81
351
122
178
27
327
125
437
341
347
301
456
232
350
268
292
141
287
256
133
55
290
424
113
285
135
299
2
344
62
33
65
137
252
399
402
419
359
47
247
142
491
459
353
381
271
14
209
375
210
70
295
240
98
383
408
249
29
179
167
158
433
151
92
379
403
276
217
201
206
315
194
293
153
196
282
277
129
244
280
418
60
67
455
373
159
495
189
66
94
343
138
308
132
25
31
89
13
296
369
169
191
478
273
430
87
314
317
272
447
488
342
10
275
63
68
348
468
30
266
376
93
411
390
3
489
434
216
413
394
486
97
124
44
270
91
449
73
9
410
286
208
333
130
442
265
416
384
414
38
345
86
480
15
71
392
367
243
313
203
335
472
39
164
391
114
309
134
340
321
183
69
145
485
406
363
330
126
42
199
440
84
500
76
356
140
32
202
19
227
195
326
162
487
258
401
8
400
230
143
493
267
454
269
431
148
316
278
154
445
245
109
213
298
96
494
34
106
165
462
415
237
212
16
357
185
471
427
358
337
461
26
294
235
302
304
131
479
214
360
23
100
79
233
99
332
75
197
241
36
253
382
444
120
111
11
41
405
362
404
425
116
322
310
421
463
329
49
104
334
439
274
146
259
187
412
198
303
312
328
119
262
336
483
234
457
128
173
102
476
386
339
28
251
78
188
291
110
242
429
112
346
469
438
368
181
396
53
283
161
279
255
83
436
218
365
54
172
263
64
20
254
35
176
464
155
21
228
361
4
225
492
59
72
211
385
57
443
37
355
144
103
477
12
482
174
43
481
123
186
5
281
497
184
307
22
221
426
474
77
193
157
372
121
160
422
171
448
417
466
147
204
50
117
467
409
90
136
74
441
238
168
496
470
354
7
6
393
46
306
200
446
428
370
239
389
311
453
380
-1
EOF
