NAME : sim501.221169.tour
COMMENT : Length = 221169
COMMENT : Found by LKH [Keld Helsgaun] Mon Sep 10 22:42:45 2018
TYPE : TOUR
DIMENSION : 501
TOUR_SECTION
1
115
289
462
433
47
71
400
66
201
206
380
170
96
189
59
418
155
18
354
332
275
490
457
229
408
89
364
372
254
126
359
237
473
60
328
221
284
230
12
128
277
130
65
366
226
396
288
474
456
251
61
142
197
478
150
293
69
431
334
154
272
446
81
333
376
84
491
93
33
484
41
35
449
7
183
271
220
200
187
477
390
375
343
258
98
268
330
256
36
223
131
24
302
196
294
278
186
8
316
210
53
338
107
356
393
346
15
253
493
129
464
240
403
122
78
480
102
487
218
283
149
263
499
458
58
160
148
16
303
407
482
423
173
6
19
267
472
125
430
228
159
370
248
444
39
163
64
179
34
373
157
227
181
261
193
104
323
11
371
280
120
207
121
63
73
168
501
26
465
402
415
340
468
137
68
304
119
184
174
399
27
117
212
339
435
22
4
99
42
279
385
166
100
428
322
483
492
353
331
319
162
147
177
92
426
392
217
420
429
146
363
500
241
233
337
87
135
112
94
273
369
443
262
344
232
76
485
23
247
321
194
145
132
85
165
386
481
329
266
469
243
116
29
195
410
216
391
397
97
295
398
362
310
141
276
51
31
326
367
238
442
77
439
432
311
389
495
281
341
52
72
335
412
242
213
401
88
360
56
489
257
3
299
259
301
314
139
45
57
368
476
136
438
404
20
109
249
167
486
454
317
236
74
172
300
222
10
156
215
152
79
290
287
282
235
108
32
453
460
419
296
13
355
320
198
381
378
466
252
451
405
414
75
105
176
95
127
70
199
28
133
209
25
14
48
345
86
315
307
291
178
17
185
421
151
43
2
448
224
103
140
161
90
416
175
387
113
325
91
459
123
411
214
351
114
158
394
225
260
153
297
350
143
324
436
365
352
479
422
182
211
450
44
83
205
118
245
49
455
374
191
309
54
417
313
342
441
265
327
467
111
255
437
55
38
219
475
470
264
452
361
424
37
67
336
144
413
110
30
5
180
440
250
471
494
358
269
204
164
298
80
208
347
409
349
445
425
434
234
292
46
497
384
406
50
270
377
40
461
496
169
488
192
357
383
202
138
312
246
9
306
124
171
447
244
379
101
188
21
498
463
231
348
286
308
395
190
82
427
203
274
239
318
134
106
382
62
285
388
305
-1
EOF
