NAME : sim321.176207.tour
COMMENT : Length = 176207
COMMENT : Found by LKH [Keld Helsgaun] Mon Sep 17 19:26:21 2018
TYPE : TOUR
DIMENSION : 321
TOUR_SECTION
1
168
218
110
41
186
173
290
192
101
87
5
132
217
203
232
78
135
7
141
314
3
109
183
257
281
149
64
249
246
288
24
283
47
194
278
215
36
220
105
98
255
22
315
54
297
146
84
310
19
236
321
244
57
90
53
282
316
71
119
266
136
77
298
311
235
140
100
179
125
112
121
284
221
152
122
299
280
164
42
8
212
229
82
275
117
308
181
85
169
285
92
46
134
129
14
126
157
153
228
226
195
21
227
247
253
189
178
162
88
223
72
167
277
265
96
103
200
252
269
271
113
76
102
155
116
313
145
37
33
317
20
224
138
292
31
276
182
45
170
69
11
89
260
296
230
267
30
120
137
65
272
175
174
245
27
43
63
58
128
198
304
237
250
97
49
286
143
210
301
273
312
202
219
114
68
18
268
62
270
111
231
261
234
4
193
79
209
238
199
291
39
29
40
264
25
55
6
205
243
191
151
93
185
211
118
91
318
75
204
163
259
262
124
295
196
300
184
208
201
56
70
142
10
61
176
172
188
32
106
16
50
233
177
309
17
38
48
59
213
241
107
222
67
165
9
274
139
28
123
86
303
160
131
171
35
66
44
133
115
279
306
154
258
81
34
51
225
294
242
319
80
190
207
161
147
95
158
60
320
289
23
127
239
94
83
307
216
214
197
254
13
12
73
108
263
148
256
26
166
156
180
187
159
293
248
251
15
144
104
302
99
287
150
130
2
240
52
305
74
206
-1
EOF
