NAME : sim501.218102.tour
COMMENT : Length = 218102
COMMENT : Found by LKH [Keld Helsgaun] Mon Sep 10 22:09:25 2018
TYPE : TOUR
DIMENSION : 501
TOUR_SECTION
1
126
487
46
354
500
23
428
253
352
188
85
479
106
102
259
13
445
146
392
291
66
295
459
148
27
24
333
255
271
251
97
453
332
317
158
478
422
389
31
108
6
334
207
461
86
62
214
228
48
458
276
382
131
198
21
491
7
130
456
369
268
219
168
262
79
261
210
495
451
348
84
252
267
390
486
320
30
153
452
232
8
204
192
286
330
110
152
368
2
347
328
111
388
449
212
74
218
180
169
33
250
240
225
467
305
336
44
59
307
269
440
142
151
403
175
41
404
37
53
386
80
442
344
94
273
469
91
411
304
34
401
176
377
149
202
409
98
187
257
58
316
483
306
349
42
113
56
433
380
365
381
370
63
470
289
196
199
170
211
446
493
340
335
283
450
132
95
266
10
455
138
32
441
173
421
92
28
185
287
408
350
90
272
280
114
167
444
431
474
29
294
412
43
496
303
191
367
72
277
394
438
363
398
16
397
439
362
357
213
274
221
136
229
5
322
366
383
190
161
61
78
234
302
100
71
40
435
463
337
427
140
216
378
174
70
224
81
205
339
247
47
473
249
288
385
301
275
475
345
396
391
429
448
351
67
372
329
476
405
139
242
373
197
38
181
318
341
220
402
437
325
356
313
472
164
312
457
160
75
420
154
488
321
156
468
83
186
82
121
117
3
99
244
246
406
208
482
39
494
415
235
96
419
256
413
393
490
227
150
18
200
498
120
243
141
209
25
129
462
189
434
425
484
36
436
359
342
418
311
178
65
481
238
145
480
260
426
379
14
184
183
163
55
324
194
144
127
293
454
375
109
407
122
314
310
299
133
20
76
19
285
236
492
105
112
215
326
4
410
308
171
124
292
346
26
157
9
89
387
222
263
12
290
201
135
466
497
69
50
416
400
159
147
206
162
281
432
315
179
87
15
52
115
296
282
123
137
374
51
22
443
239
331
284
499
68
248
278
338
241
223
60
64
104
279
371
233
203
195
107
88
231
430
447
182
477
45
364
166
460
384
417
297
414
57
355
143
258
93
128
423
118
471
119
237
501
77
17
172
360
116
309
399
300
489
49
343
11
177
54
217
424
270
134
298
155
265
226
193
361
230
35
327
319
353
465
395
464
323
358
485
376
245
101
165
73
125
103
254
264
-1
EOF
