NAME : sim251.158205.tour
COMMENT : Length = 158205
COMMENT : Found by LKH [Keld Helsgaun] Tue Sep 11 17:30:49 2018
TYPE : TOUR
DIMENSION : 251
TOUR_SECTION
1
114
6
239
64
52
159
93
118
116
155
48
139
86
196
126
232
224
167
177
67
78
34
135
91
151
45
192
50
44
237
33
49
83
193
164
235
38
9
207
117
16
77
76
12
160
103
234
87
211
171
131
166
200
225
185
15
251
31
197
182
10
56
125
29
150
214
68
168
205
105
110
173
84
47
35
120
222
101
132
106
141
61
236
240
210
74
165
215
244
238
81
4
153
187
94
72
90
107
217
5
75
142
109
113
124
247
36
111
121
25
206
169
108
143
65
69
183
180
241
212
123
127
227
163
146
102
198
248
178
95
39
46
243
147
176
59
157
136
175
203
30
43
213
19
89
250
128
37
158
194
161
249
242
54
63
42
58
112
133
174
188
231
60
218
204
98
24
122
62
149
23
216
179
22
115
189
51
162
219
13
191
186
57
53
202
137
130
99
104
144
71
100
228
88
226
152
140
134
27
199
229
80
119
28
97
201
82
70
190
85
21
138
145
195
17
79
220
223
55
208
170
148
245
129
11
172
221
7
8
156
246
14
209
32
26
3
18
184
40
233
2
20
181
154
96
92
66
73
41
230
-1
EOF
