NAME : sim1001.306126.tour
COMMENT : Length = 306126
COMMENT : Found by LKH [Keld Helsgaun] Tue Sep 11 03:26:04 2018
TYPE : TOUR
DIMENSION : 1001
TOUR_SECTION
1
302
448
7
186
461
577
236
708
873
855
314
271
686
538
877
558
212
325
143
242
889
459
165
221
827
1000
624
652
204
379
802
324
356
137
872
939
417
33
816
926
840
303
327
954
804
722
341
965
940
312
717
567
462
26
745
241
298
610
245
865
503
290
258
209
625
852
365
910
272
637
387
859
156
640
543
407
672
681
328
609
509
377
905
96
628
252
565
155
530
240
496
950
692
396
736
851
3
664
763
98
789
927
812
762
435
368
952
573
337
967
718
195
129
283
211
606
900
706
277
93
805
500
938
822
570
655
912
471
75
887
511
382
176
753
860
832
969
769
611
792
230
968
673
267
344
50
122
464
761
845
712
458
898
472
104
124
110
537
623
145
622
207
370
674
291
402
451
638
275
106
238
353
281
144
17
146
785
737
90
422
619
340
857
935
617
985
393
556
590
765
591
254
376
923
551
618
214
364
307
484
443
113
665
394
641
764
901
372
990
233
132
16
626
728
941
399
682
131
815
906
942
678
487
810
793
20
421
630
306
58
406
767
112
199
52
381
234
147
709
928
956
360
293
244
460
694
514
12
908
62
882
586
691
895
400
130
796
755
60
123
700
670
405
721
419
178
172
363
863
174
921
425
196
153
415
463
732
335
544
374
559
754
914
977
836
466
127
261
167
884
31
317
685
531
247
729
397
975
386
823
835
529
357
714
108
963
55
18
15
431
984
526
698
699
468
829
525
679
821
820
603
733
849
115
880
384
467
225
883
515
688
725
237
924
584
523
557
635
518
715
980
528
334
318
794
552
423
346
73
498
864
621
909
111
730
868
563
80
524
695
239
452
615
191
994
72
669
996
564
713
373
424
838
441
831
536
175
818
2
398
896
814
971
470
330
893
138
724
507
607
964
850
210
158
581
972
759
319
444
903
771
667
476
991
418
597
981
438
989
447
128
684
121
99
916
434
966
662
933
797
497
960
799
366
142
308
453
803
862
46
483
414
488
993
846
986
534
780
66
92
313
925
231
680
183
723
587
259
185
739
613
992
801
633
323
999
486
301
166
4
494
287
545
439
42
28
600
693
469
943
47
395
800
48
256
336
278
389
30
369
436
506
478
866
454
100
35
5
929
420
734
375
888
200
726
45
731
119
139
741
161
465
481
149
907
269
705
213
333
59
136
809
856
220
125
227
39
995
517
788
205
279
636
403
194
151
813
781
758
493
266
490
824
653
219
367
223
677
958
508
657
181
262
569
976
189
392
727
163
825
973
843
249
53
542
647
505
401
983
575
91
886
70
894
948
779
746
554
412
428
547
126
535
442
766
193
22
878
188
84
14
599
390
134
614
51
264
867
748
703
612
791
201
410
473
885
8
742
919
68
604
13
224
520
521
184
347
922
300
720
957
783
658
944
235
32
749
295
945
270
620
869
429
702
837
988
450
226
751
426
485
756
631
915
43
362
548
522
57
345
288
962
152
23
807
292
216
404
361
29
351
103
876
474
63
676
661
828
987
371
899
222
533
11
192
786
437
710
642
289
743
160
576
811
601
853
561
430
297
953
180
770
416
250
646
276
120
150
140
352
217
918
772
253
562
332
830
79
602
190
757
782
87
65
177
310
433
263
322
539
833
879
592
170
296
704
40
504
10
697
512
650
69
232
798
95
432
605
198
86
492
36
350
315
595
6
229
795
49
608
342
294
978
383
892
83
228
890
25
187
380
740
937
955
282
549
116
85
21
88
936
339
716
632
286
580
660
616
89
834
778
902
74
932
568
997
64
858
197
579
255
847
589
413
280
114
338
179
257
343
480
171
550
540
168
502
806
491
593
842
76
329
299
701
839
774
598
154
775
659
690
735
578
354
265
251
37
67
482
273
904
445
457
532
947
82
875
689
982
946
768
629
583
817
427
897
19
871
182
118
321
320
930
78
248
513
208
495
309
911
848
326
649
148
588
164
790
555
596
675
861
566
348
970
304
109
719
683
218
644
711
979
391
744
913
627
776
34
870
519
440
738
133
752
105
206
203
750
499
162
931
359
305
654
284
516
173
920
784
455
773
54
44
951
651
169
77
311
408
541
477
446
409
135
553
819
97
355
585
117
358
102
546
645
274
349
656
841
949
572
874
38
202
215
61
891
388
246
687
582
571
101
331
479
71
934
696
159
648
634
787
844
24
707
854
639
961
157
671
489
501
268
378
475
41
56
998
527
777
9
94
141
666
81
881
959
760
574
260
285
1001
316
243
385
449
747
510
808
826
974
27
560
107
643
594
411
663
668
917
456
-1
EOF
