NAME : sim701.260176.tour
COMMENT : Length = 260176
COMMENT : Found by LKH [Keld Helsgaun] Tue Sep 18 11:56:21 2018
TYPE : TOUR
DIMENSION : 701
TOUR_SECTION
1
599
340
154
674
523
176
514
360
77
458
533
678
410
84
402
56
243
478
83
433
628
365
437
653
690
651
241
660
537
106
165
565
316
331
232
102
72
158
508
377
31
208
382
284
321
13
138
588
103
48
214
424
193
613
445
17
249
515
579
324
239
132
167
511
645
670
274
570
655
202
439
181
460
292
109
440
178
142
339
118
352
217
677
353
328
307
11
183
581
69
397
521
671
546
459
289
272
367
399
67
662
451
426
493
648
234
548
335
378
633
60
536
273
496
293
172
350
602
205
168
198
120
267
207
452
591
7
224
381
538
22
434
252
501
544
520
260
481
206
652
467
498
271
574
143
534
91
42
302
629
597
554
269
94
631
392
497
375
75
294
4
700
385
626
547
66
116
150
310
639
313
251
64
55
492
623
417
309
41
161
85
192
636
412
100
528
465
247
693
2
332
225
354
376
240
175
200
524
569
341
257
573
92
346
221
357
179
386
270
278
512
190
401
265
461
147
543
432
389
113
438
624
123
413
683
73
396
650
646
614
182
503
368
586
418
388
173
146
6
330
203
12
301
343
612
658
219
63
329
430
603
517
556
296
444
275
495
387
196
347
334
489
403
127
220
618
686
186
312
304
593
135
291
262
105
342
443
649
676
509
587
474
213
469
427
610
484
429
57
384
320
18
65
684
379
696
159
111
153
532
695
164
619
36
372
149
689
287
74
68
228
333
58
566
268
89
344
470
180
394
625
590
398
525
531
609
622
578
673
110
21
34
148
166
86
336
130
406
582
59
415
526
282
311
297
25
552
26
290
87
248
577
286
405
230
675
540
171
464
160
694
371
250
298
665
657
5
583
122
322
421
425
447
637
642
81
584
630
699
303
133
592
620
235
345
420
480
151
483
124
539
254
555
223
139
701
558
61
608
238
136
390
672
125
308
363
177
617
33
299
513
315
14
258
411
104
227
276
414
188
688
471
337
194
463
236
119
195
535
560
266
326
44
361
28
551
19
280
475
134
571
616
288
24
79
638
428
216
47
507
356
611
643
245
395
541
349
131
456
29
598
210
490
635
698
435
237
516
391
201
462
562
30
644
99
595
263
8
314
374
668
95
70
355
259
212
692
664
96
457
211
49
54
482
580
659
446
600
486
441
169
572
621
553
23
576
137
422
366
504
145
550
157
209
325
319
442
189
604
575
222
9
10
191
499
476
487
187
601
416
52
596
615
155
317
80
634
448
667
253
685
226
362
364
51
185
632
370
488
285
140
491
589
641
479
585
681
369
261
431
279
170
529
184
348
408
494
545
112
563
76
37
485
519
3
281
400
682
27
152
505
691
393
82
468
654
32
380
606
71
477
233
174
453
423
666
450
472
404
144
466
246
306
20
449
93
409
62
359
661
518
568
567
277
669
327
522
455
53
88
549
656
564
436
101
39
43
231
373
594
283
128
605
680
256
647
305
559
46
126
561
663
45
640
351
162
419
16
108
295
679
40
115
323
506
300
358
218
38
530
98
473
215
114
35
338
50
15
510
90
97
197
107
129
502
697
78
204
500
229
121
255
687
454
318
383
156
264
244
141
242
407
199
542
607
527
557
163
117
627
-1
EOF
