NAME : sim251.156272.tour
COMMENT : Length = 156272
COMMENT : Found by LKH [Keld Helsgaun] Tue Sep 11 17:41:06 2018
TYPE : TOUR
DIMENSION : 251
TOUR_SECTION
1
7
161
121
82
194
191
51
81
216
225
157
75
108
4
193
140
199
39
167
92
18
37
101
103
131
45
96
208
154
38
170
46
171
90
235
83
14
67
138
133
240
73
148
227
28
10
31
106
129
125
233
211
70
249
95
241
93
187
104
151
79
250
158
207
202
61
228
44
89
42
49
226
123
142
218
117
210
173
20
68
116
176
115
237
110
152
9
244
146
86
162
113
220
245
12
76
174
111
63
97
190
100
205
196
130
98
238
17
56
109
112
127
180
58
159
247
198
60
165
64
231
236
195
186
222
50
139
24
221
11
230
136
175
178
13
126
119
19
102
55
29
209
57
156
251
43
248
204
25
232
27
78
16
177
243
87
182
69
150
6
184
213
124
168
155
135
26
21
128
88
59
84
15
47
5
132
153
214
163
206
215
229
166
36
94
52
169
54
74
201
143
122
33
134
99
62
23
105
179
200
185
30
144
40
35
246
65
239
114
72
203
41
212
217
22
147
223
242
188
48
197
189
71
172
120
149
91
34
145
160
80
219
32
53
224
183
164
77
192
234
85
137
3
2
141
107
181
66
8
118
-1
EOF
