NAME : sim501.219516.tour
COMMENT : Length = 219516
COMMENT : Found by LKH [Keld Helsgaun] Mon Sep 10 22:20:28 2018
TYPE : TOUR
DIMENSION : 501
TOUR_SECTION
1
99
199
450
395
39
336
349
458
157
244
252
15
328
249
309
147
179
322
282
298
373
56
276
415
453
23
237
424
64
436
423
376
427
343
273
368
499
279
296
205
496
188
146
69
108
338
369
274
65
143
489
404
149
440
394
2
351
5
242
335
356
133
380
196
70
212
292
358
66
76
209
167
398
316
97
346
92
79
412
98
494
9
32
407
185
307
263
82
472
59
113
434
57
18
488
386
10
125
190
200
123
106
158
317
451
19
160
400
285
220
269
482
211
463
46
44
67
331
140
461
353
466
334
371
327
337
207
176
390
360
29
177
173
54
203
163
197
385
136
73
112
326
127
340
379
267
186
40
418
442
109
88
287
166
491
201
397
4
225
391
13
479
311
344
117
51
210
280
387
361
367
14
243
304
154
135
21
431
214
55
62
134
221
168
278
124
60
319
174
435
257
182
378
493
445
161
388
382
80
17
121
95
260
223
75
468
187
43
457
50
341
81
155
332
61
128
291
410
137
114
208
375
289
230
399
272
236
178
355
476
401
250
471
501
132
152
219
247
474
48
498
396
35
315
229
350
339
485
268
184
216
78
318
37
213
169
469
41
129
329
261
58
281
144
45
297
105
24
42
348
437
475
426
159
162
195
72
224
275
364
96
480
354
53
139
455
164
3
420
233
246
156
198
259
370
142
170
310
484
86
204
171
235
403
68
253
460
238
366
406
374
206
432
111
30
449
103
372
377
27
11
342
172
421
459
175
251
362
83
300
25
333
107
487
313
444
405
411
429
226
446
189
324
467
116
452
183
357
241
448
433
347
413
425
490
365
301
495
148
477
232
74
284
119
359
430
381
26
389
255
262
265
38
165
63
283
100
231
473
77
71
325
462
6
384
93
34
295
441
52
465
264
47
286
438
306
254
447
28
180
131
288
416
141
305
320
481
248
409
90
239
419
110
8
126
439
217
302
270
454
94
153
486
215
266
299
193
12
321
290
7
456
191
122
408
414
383
130
393
492
85
145
181
363
417
120
49
115
500
312
36
118
478
194
101
192
345
227
293
323
138
202
16
31
392
314
422
228
497
87
245
258
483
352
234
277
256
218
84
150
89
330
443
308
102
464
91
303
151
33
428
22
470
294
402
20
271
104
222
240
-1
EOF
