NAME : sim251.157905.tour
COMMENT : Length = 157905
COMMENT : Found by LKH [Keld Helsgaun] Tue Sep 11 17:06:51 2018
TYPE : TOUR
DIMENSION : 251
TOUR_SECTION
1
102
186
209
10
85
49
155
237
129
90
81
165
135
63
137
206
26
89
217
43
177
184
185
40
219
25
58
64
150
7
138
51
13
170
14
39
97
120
23
2
234
139
180
16
106
156
104
4
172
190
50
11
238
143
15
128
99
246
79
86
195
20
92
41
100
174
121
147
154
22
54
222
19
182
29
242
118
67
27
136
200
83
146
38
142
196
181
78
62
76
72
194
153
198
233
225
48
60
199
103
241
96
133
140
218
113
163
162
250
82
229
32
59
111
75
221
210
114
5
197
66
251
42
126
179
178
46
69
245
122
212
105
108
224
95
244
28
55
6
151
249
37
159
130
110
211
202
192
169
235
157
124
168
91
227
171
73
188
141
248
74
144
226
94
45
173
31
205
35
213
70
215
71
191
9
36
231
160
216
119
115
207
220
148
239
24
18
145
223
236
203
132
167
77
65
8
152
208
57
164
149
125
52
53
93
176
33
44
166
80
193
17
127
161
3
87
123
243
158
201
230
131
214
68
187
34
232
116
88
117
204
21
12
228
56
98
107
109
240
47
84
30
61
247
175
134
189
101
112
183
-1
EOF
