NAME : sim1001.308522.tour
COMMENT : Length = 308522
COMMENT : Found by LKH [Keld Helsgaun] Tue Sep 11 11:04:48 2018
TYPE : TOUR
DIMENSION : 1001
TOUR_SECTION
1
401
675
416
563
735
949
936
535
214
293
89
312
958
543
786
719
92
795
756
814
197
434
844
375
674
169
97
94
647
440
309
742
78
971
84
596
566
67
468
29
550
663
490
787
151
17
567
386
960
645
855
778
521
489
108
28
655
128
776
876
243
282
762
26
465
797
974
330
673
935
525
410
589
653
104
511
924
640
522
581
709
909
516
471
777
716
228
872
129
331
279
395
832
320
297
252
299
475
90
284
509
326
291
306
544
896
10
98
938
235
196
323
137
460
603
858
625
868
277
429
558
654
903
665
462
112
957
81
136
510
865
225
672
283
181
542
630
713
954
808
266
481
376
671
823
224
184
332
361
264
244
560
119
208
195
426
276
464
766
127
328
692
875
51
374
732
355
591
145
270
965
947
939
345
91
739
459
412
206
731
962
43
407
205
594
334
419
314
573
501
131
377
414
926
20
528
99
569
904
370
304
451
650
15
575
893
198
912
325
212
745
838
559
505
775
730
583
587
697
53
73
513
387
503
3
1000
598
148
681
707
271
833
305
139
840
47
433
931
753
623
232
621
994
682
514
508
431
409
977
580
96
720
319
63
638
413
620
666
570
845
445
220
74
340
873
476
317
888
140
356
600
767
455
143
439
712
641
217
250
194
878
427
711
882
7
321
830
990
871
608
517
788
179
347
649
406
551
11
968
70
633
298
524
219
951
727
812
238
993
253
867
216
651
65
289
13
900
743
458
436
263
627
816
565
405
914
853
391
109
679
124
791
353
515
166
248
864
207
134
798
982
783
940
866
432
507
531
192
696
183
959
27
613
639
944
964
973
606
313
976
628
601
803
850
469
721
734
880
614
652
533
494
150
829
49
170
423
770
602
842
541
287
828
133
624
408
366
966
809
895
329
502
172
765
668
231
496
110
233
585
703
437
203
604
615
941
611
664
648
182
495
221
242
438
597
963
857
384
998
646
683
822
748
350
706
906
689
499
121
578
824
246
227
157
159
556
449
399
30
6
33
698
557
827
863
555
985
64
149
789
874
568
403
307
251
572
937
285
294
470
359
430
389
771
538
229
981
218
230
636
670
152
498
680
738
839
316
118
368
806
117
676
358
610
55
715
1001
834
186
442
236
773
813
667
810
39
726
380
113
473
929
447
341
634
56
690
202
360
794
892
961
885
85
21
547
950
908
213
796
18
265
571
759
54
518
77
80
995
40
537
946
168
619
379
4
629
725
201
897
37
662
62
177
311
740
694
861
911
702
688
969
301
769
41
869
497
807
273
989
632
82
923
156
275
348
492
637
978
421
478
714
922
280
761
479
296
883
378
241
552
189
772
267
562
534
132
22
599
852
398
612
733
463
717
705
699
486
685
2
125
411
333
193
793
918
381
894
322
24
920
747
930
635
927
986
592
335
953
126
500
337
158
811
31
657
846
278
315
879
779
397
32
752
120
561
887
913
352
915
474
146
188
609
310
722
308
418
815
781
174
161
485
997
215
898
737
686
268
371
424
980
626
593
245
584
351
905
899
176
173
910
288
75
114
448
116
100
933
723
260
400
106
258
617
300
804
76
222
819
204
171
728
656
167
854
862
234
452
996
774
107
691
86
14
932
269
45
884
488
223
757
792
917
210
36
286
357
72
164
870
526
902
404
729
658
428
482
921
191
755
576
677
68
919
802
831
889
945
790
101
760
800
841
848
836
785
881
396
8
190
180
519
154
700
87
710
546
336
262
303
595
487
290
799
847
354
141
943
504
928
255
967
415
115
163
724
456
805
461
272
444
506
484
362
661
135
446
520
365
988
71
564
987
239
88
175
480
843
147
58
144
48
254
281
687
472
483
577
185
588
364
554
956
422
38
292
249
363
684
644
342
417
12
466
758
704
579
736
539
52
659
443
582
66
123
60
441
979
388
346
983
256
826
540
701
553
19
105
975
187
754
83
512
477
382
211
749
493
669
746
142
750
821
226
890
860
678
631
801
102
972
425
50
751
257
339
369
199
901
891
955
984
574
42
660
392
491
111
784
259
237
240
695
59
344
916
782
607
642
925
93
302
529
390
16
877
420
178
948
744
261
708
523
453
25
373
138
530
991
907
393
859
942
536
851
46
825
549
79
402
970
394
385
849
130
247
934
741
165
590
349
153
367
837
9
274
69
61
764
548
586
952
95
295
545
23
34
338
616
618
318
856
155
103
162
999
200
693
450
57
820
643
768
817
763
835
818
383
343
372
780
454
5
886
327
160
209
435
532
992
467
324
44
605
527
35
622
122
457
718
-1
EOF
