NAME : sim251.153209.tour
COMMENT : Length = 153209
COMMENT : Found by LKH [Keld Helsgaun] Tue Sep 11 17:06:37 2018
TYPE : TOUR
DIMENSION : 251
TOUR_SECTION
1
64
122
200
173
70
231
169
115
73
5
144
7
104
180
182
95
36
79
163
55
97
133
136
28
176
140
80
31
129
10
219
249
183
35
234
116
224
51
25
179
186
145
91
237
170
148
110
34
132
247
138
113
139
242
92
248
126
83
24
218
108
50
85
185
109
246
101
6
143
19
171
125
149
235
127
48
172
21
213
195
160
161
210
191
102
13
57
15
23
168
137
77
81
118
177
175
30
63
239
205
3
244
120
197
46
56
60
27
158
75
123
188
146
59
43
212
214
135
117
184
207
62
42
52
84
66
227
8
90
193
130
68
18
2
131
67
156
241
230
199
26
240
39
121
107
37
187
147
17
93
226
14
154
250
103
78
216
74
53
33
232
106
45
112
9
87
243
72
236
47
4
142
105
189
40
162
217
190
164
192
228
58
198
99
181
233
153
150
245
61
203
82
151
49
222
220
251
32
155
88
141
44
211
38
96
215
41
76
221
166
20
71
152
69
119
165
134
111
238
178
194
16
208
202
209
204
86
29
65
128
54
206
157
100
89
11
196
12
124
225
159
174
201
22
98
167
223
229
94
114
-1
EOF
