NAME : sim141.114931.tour
COMMENT : Length = 114931
COMMENT : Found by LKH [Keld Helsgaun] Sun Sep 16 01:24:05 2018
TYPE : TOUR
DIMENSION : 141
TOUR_SECTION
1
63
137
43
134
65
90
42
56
53
138
47
35
74
51
2
120
60
68
8
88
17
105
111
100
18
40
50
36
77
98
39
101
124
64
102
81
85
14
121
112
75
139
52
140
83
32
113
57
84
34
79
128
78
80
46
66
7
26
41
21
27
94
4
20
129
19
49
73
87
122
62
61
45
95
16
11
10
33
9
114
23
106
91
119
104
136
31
117
130
135
123
132
82
13
86
25
48
5
22
107
118
67
131
125
55
72
37
38
54
76
15
69
29
110
108
24
99
30
97
89
71
3
93
44
103
58
141
133
28
70
92
115
6
116
127
59
126
96
12
109
-1
EOF
