NAME : sim251.158345.tour
COMMENT : Length = 158345
COMMENT : Found by LKH [Keld Helsgaun] Wed Aug 29 09:08:40 2018
TYPE : TOUR
DIMENSION : 251
TOUR_SECTION
1
43
16
125
64
236
201
83
92
37
137
221
220
9
218
232
145
63
223
249
95
132
222
68
156
10
186
140
114
130
161
226
109
176
138
8
213
162
111
173
174
117
25
141
168
2
229
6
77
146
167
107
123
101
24
185
47
205
84
7
139
131
70
224
152
199
62
239
11
187
206
197
241
91
153
18
196
89
207
191
75
212
78
169
105
243
99
81
175
142
150
119
122
210
158
227
115
69
234
178
58
204
246
192
100
76
65
56
121
165
52
94
188
44
50
128
61
30
102
108
20
12
32
42
184
21
160
189
87
5
98
136
97
190
157
124
208
39
219
74
60
3
13
181
17
203
159
103
214
110
245
54
144
31
15
71
134
179
79
155
41
135
113
166
59
171
48
151
248
182
250
233
172
46
112
104
96
116
4
67
49
238
14
23
85
216
86
38
133
148
80
217
57
34
209
66
247
228
183
53
40
230
106
215
194
82
177
35
225
120
28
195
27
251
118
149
33
129
36
211
240
29
90
127
26
147
163
51
72
180
88
143
244
126
193
154
19
170
200
93
202
22
198
235
242
231
45
55
237
164
73
-1
EOF
