NAME : sim501.219114.tour
COMMENT : Length = 219114
COMMENT : Found by LKH [Keld Helsgaun] Mon Sep 10 22:39:49 2018
TYPE : TOUR
DIMENSION : 501
TOUR_SECTION
1
165
96
489
446
89
494
26
115
271
426
111
277
58
390
140
188
299
201
270
197
474
117
416
225
493
240
59
70
18
247
81
411
448
312
135
313
372
266
95
11
286
7
149
69
417
222
437
473
399
98
192
434
170
79
293
129
378
33
276
23
477
199
180
484
389
104
93
387
492
339
450
39
146
329
238
401
499
148
200
344
139
127
114
83
385
343
8
214
46
259
66
242
406
41
261
285
472
20
379
205
316
36
308
241
282
325
354
280
82
181
442
50
30
320
112
347
246
398
182
366
491
311
134
470
449
288
144
191
278
281
234
65
105
210
455
396
142
52
430
306
275
80
440
361
120
75
458
42
169
78
264
463
303
391
342
167
307
305
412
45
85
248
6
67
51
151
496
244
88
194
431
452
467
156
461
287
407
409
47
40
462
326
90
480
150
217
223
300
227
161
318
186
447
195
53
173
394
444
17
295
302
160
64
54
145
224
107
153
363
367
260
423
356
374
376
193
213
365
28
272
350
76
485
262
340
405
397
38
16
102
319
334
335
121
68
176
110
336
283
207
309
253
168
249
56
358
35
439
108
196
252
63
73
147
323
87
371
294
229
414
386
251
257
410
71
22
157
3
500
353
419
138
72
422
164
226
171
304
103
291
62
254
131
370
402
178
360
501
289
109
133
212
14
100
190
432
43
99
235
482
92
453
187
404
91
125
236
232
364
183
237
239
84
175
393
57
418
468
486
154
198
297
495
322
483
314
395
279
221
143
498
155
469
243
265
464
315
454
296
204
137
317
375
425
429
220
97
346
152
231
209
466
476
29
332
202
55
377
162
330
258
233
436
49
403
12
34
351
113
338
9
208
490
21
27
13
158
219
159
166
216
122
269
441
384
116
274
488
400
263
380
421
292
373
74
479
383
267
132
60
331
301
362
427
465
37
32
255
10
184
443
256
435
428
445
230
310
31
15
174
44
163
19
189
369
487
172
128
460
119
359
438
337
413
77
475
420
341
433
459
321
25
324
211
141
333
203
381
48
273
388
228
61
348
451
357
185
130
215
327
124
24
471
179
4
497
424
355
136
126
457
118
250
382
2
86
392
218
245
478
415
345
290
177
106
456
298
408
5
123
481
94
101
206
268
328
352
349
284
368
-1
EOF
