NAME : sim161.126978.tour
COMMENT : Length = 126978
COMMENT : Found by LKH [Keld Helsgaun] Sat Sep 15 03:42:18 2018
TYPE : TOUR
DIMENSION : 161
TOUR_SECTION
1
31
23
104
119
20
102
76
101
47
92
94
82
126
149
24
79
139
68
40
97
60
123
16
125
103
14
53
120
73
56
160
62
141
158
9
143
71
33
85
27
154
93
81
88
134
91
117
25
124
130
152
3
54
151
52
35
150
110
22
55
122
75
61
34
111
138
140
67
17
157
121
108
106
161
131
155
70
8
96
83
90
18
38
153
72
21
100
137
43
142
36
115
10
135
57
114
127
133
113
159
87
29
28
148
99
13
6
95
12
65
30
156
129
11
136
58
39
145
41
109
105
26
32
59
2
4
128
64
50
132
146
63
44
89
48
74
42
46
144
7
86
112
69
66
77
45
78
84
98
19
116
51
107
5
37
80
49
118
15
147
-1
EOF
