NAME : sim1001.309577.tour
COMMENT : Length = 309577
COMMENT : Found by LKH [Keld Helsgaun] Tue Sep 11 12:31:36 2018
TYPE : TOUR
DIMENSION : 1001
TOUR_SECTION
1
163
201
306
551
487
696
175
714
387
408
246
113
886
322
518
997
888
406
859
506
185
167
841
178
428
781
894
829
751
665
686
452
103
749
433
996
666
836
498
153
804
753
892
89
467
940
797
312
190
808
296
862
667
785
271
341
991
399
462
400
338
628
982
193
189
815
259
523
460
84
33
430
314
372
786
294
207
967
530
650
833
563
457
960
92
170
489
427
383
325
564
849
305
186
994
540
410
883
663
519
413
570
125
235
932
59
249
440
659
168
878
22
53
631
376
580
401
990
76
682
224
793
647
51
627
50
64
364
769
19
783
868
300
150
916
7
239
761
895
257
528
204
477
578
877
591
215
527
727
307
825
211
87
106
950
575
107
367
37
381
805
247
995
287
820
453
558
809
132
326
851
723
198
502
906
492
613
261
418
39
947
634
16
674
437
232
377
744
101
458
283
879
746
945
352
298
177
461
299
210
884
497
597
223
725
236
159
340
73
154
590
864
676
450
861
890
898
759
766
801
268
156
617
429
382
48
230
144
765
368
980
603
583
524
807
225
656
673
192
624
169
817
255
891
724
834
380
846
939
698
636
900
788
119
160
145
773
971
595
240
265
288
279
779
468
882
473
310
182
538
395
43
819
491
548
559
534
441
969
152
479
17
822
303
848
365
14
285
607
474
949
117
780
216
541
26
253
109
768
660
478
124
12
503
67
798
319
584
963
21
155
346
993
586
82
553
626
867
281
938
353
151
909
65
721
23
227
282
200
776
373
755
730
531
263
707
146
720
852
494
75
323
713
899
272
135
964
359
234
803
342
242
28
448
290
920
238
327
671
843
842
621
35
677
344
472
668
141
777
98
951
174
469
475
241
289
832
70
516
214
633
220
854
525
456
697
712
885
760
847
637
837
579
555
789
483
734
811
396
601
188
219
679
179
896
1001
389
358
790
6
333
856
629
126
318
350
999
258
9
923
222
598
362
582
347
814
717
690
165
974
929
436
488
763
670
66
693
924
709
602
275
612
130
927
442
302
589
585
417
654
787
968
623
512
618
992
669
957
913
958
745
424
86
409
870
110
57
250
806
292
343
405
657
784
62
226
681
164
622
446
762
901
244
194
176
504
644
334
100
550
267
572
464
739
331
535
54
445
840
115
930
810
143
935
284
543
443
273
80
426
349
42
309
855
648
978
838
254
434
95
374
865
34
511
74
594
562
911
99
592
934
599
824
181
4
140
49
869
8
529
771
904
593
722
212
348
499
394
685
910
684
638
708
476
221
46
423
653
694
252
463
953
172
821
616
757
47
587
522
321
5
642
91
619
800
431
664
403
199
415
191
661
481
264
546
577
521
615
680
942
740
18
646
422
72
335
184
105
966
695
965
459
839
94
754
166
875
447
10
85
675
404
605
983
2
802
161
816
549
652
507
979
147
187
610
711
61
237
520
133
421
893
866
972
339
632
915
208
692
11
973
731
970
183
689
466
774
556
313
976
245
149
728
398
683
557
791
134
678
887
902
256
743
600
122
44
510
30
545
703
262
635
908
936
78
818
384
444
148
596
943
96
480
123
266
914
986
276
102
922
93
274
112
736
15
778
205
316
608
710
961
97
269
79
354
118
984
742
702
574
919
83
931
438
104
29
952
732
733
360
280
691
3
495
351
311
662
752
505
977
385
912
217
998
455
484
552
918
412
767
391
706
209
835
876
304
471
40
764
25
392
565
470
315
772
24
907
576
897
63
651
142
337
173
569
532
544
330
985
533
748
136
560
81
197
293
645
889
831
750
799
371
120
291
171
45
794
872
729
874
514
830
213
317
138
921
206
672
356
630
451
726
129
355
509
641
425
926
13
704
71
386
196
795
402
420
108
611
435
131
850
162
41
567
58
537
925
332
432
375
295
903
20
357
243
158
361
857
328
500
407
388
517
501
933
286
228
454
547
366
747
981
397
573
496
370
90
363
880
705
988
329
260
320
378
863
649
625
419
369
31
792
536
251
928
718
688
640
482
36
486
231
959
414
390
277
860
229
944
393
301
699
948
270
203
416
941
324
38
738
796
770
554
955
756
566
345
248
180
812
813
588
561
485
202
853
700
715
701
157
526
604
88
609
465
571
643
27
233
539
218
114
137
111
439
606
139
55
917
871
823
116
735
449
845
881
946
278
121
873
297
741
905
128
52
581
568
989
658
962
828
956
493
937
490
826
515
639
975
508
620
758
32
716
336
308
56
655
827
127
513
1000
858
719
542
954
614
987
68
687
737
379
782
844
77
60
411
69
195
775
-1
EOF
