NAME : sim501.218827.tour
COMMENT : Length = 218827
COMMENT : Found by LKH [Keld Helsgaun] Mon Sep 10 20:40:04 2018
TYPE : TOUR
DIMENSION : 501
TOUR_SECTION
1
38
53
345
58
102
50
42
268
393
20
415
68
120
263
240
237
157
332
104
442
391
311
165
225
92
324
427
7
417
189
361
264
352
212
357
337
173
249
458
274
138
346
492
386
343
193
294
71
499
466
498
236
31
72
397
25
395
142
488
59
399
380
351
128
57
377
482
108
473
133
407
139
257
35
281
159
83
244
463
369
429
103
89
199
76
36
366
197
4
296
301
141
287
44
185
52
326
94
412
66
443
432
327
213
460
8
2
222
164
18
481
215
356
243
219
97
454
438
45
256
285
79
178
205
309
248
261
334
158
489
307
241
398
250
392
444
73
217
11
151
174
360
19
171
367
123
316
176
305
156
359
192
383
315
235
109
184
389
292
368
494
319
162
254
355
60
12
107
74
430
175
152
419
125
228
113
160
148
420
105
95
462
80
32
177
112
465
403
180
194
191
202
55
300
111
67
325
145
405
370
179
87
472
28
335
474
372
106
275
271
293
5
323
277
344
431
464
63
169
232
272
98
134
381
144
255
239
282
479
84
13
6
64
131
500
496
82
41
14
286
224
252
409
220
378
382
183
475
362
279
115
209
203
402
62
476
426
390
43
78
406
441
30
347
65
424
471
47
188
121
478
101
88
433
493
245
110
126
404
190
302
269
265
48
146
329
448
461
130
153
289
320
353
259
208
447
375
229
428
358
23
61
251
149
467
196
299
170
140
341
276
77
348
3
91
435
354
306
51
451
136
198
365
75
39
455
16
154
414
288
147
195
10
304
187
204
436
483
234
163
456
338
342
313
262
457
387
423
422
497
132
242
339
216
127
81
69
166
384
280
468
253
218
487
122
486
22
155
349
186
247
396
116
314
490
374
117
303
401
161
56
446
363
15
260
413
99
400
233
119
364
168
283
150
214
207
295
445
484
182
210
310
40
421
46
440
333
54
340
49
21
291
90
485
29
172
26
470
137
437
408
258
231
418
93
226
331
211
328
330
221
9
129
201
439
167
230
24
270
284
114
143
96
318
298
469
477
495
246
501
100
124
37
425
266
350
317
373
376
321
200
223
33
411
70
449
394
450
480
371
17
227
278
206
181
85
385
290
459
312
273
308
453
336
434
267
491
410
238
322
118
379
416
34
388
27
452
135
297
86
-1
EOF
