NAME : sim251.158434.tour
COMMENT : Length = 158434
COMMENT : Found by LKH [Keld Helsgaun] Wed Aug 29 09:15:56 2018
TYPE : TOUR
DIMENSION : 251
TOUR_SECTION
1
98
126
61
241
13
67
48
14
229
131
123
66
233
32
27
216
78
228
74
34
41
214
117
118
179
132
20
49
71
87
120
103
193
110
53
240
23
169
92
236
143
147
188
4
56
204
129
128
136
155
164
7
60
79
63
73
150
45
194
167
205
250
133
168
111
57
220
108
177
249
191
82
181
125
100
225
96
24
207
159
6
107
46
197
109
121
25
10
90
93
227
166
51
189
76
62
174
176
77
30
226
184
9
230
65
122
112
17
145
237
94
19
104
170
232
59
50
8
83
16
72
199
86
35
95
152
84
75
81
141
28
218
231
221
172
134
54
146
119
161
196
245
149
106
144
246
26
248
203
185
201
124
209
242
38
183
158
213
140
115
206
195
142
29
43
114
11
116
127
190
222
22
52
91
162
217
187
223
244
251
39
68
192
157
173
151
89
215
113
198
101
224
64
175
243
211
15
102
88
40
178
130
3
70
235
36
47
44
31
137
163
154
37
165
200
55
2
97
247
202
156
18
234
239
138
153
219
180
139
148
208
135
58
33
238
210
42
85
186
5
99
182
171
12
21
105
80
69
160
212
-1
EOF
