NAME : sim1001.311148.tour
COMMENT : Length = 311148
COMMENT : Found by LKH [Keld Helsgaun] Tue Sep 11 12:15:05 2018
TYPE : TOUR
DIMENSION : 1001
TOUR_SECTION
1
179
221
410
255
12
341
223
251
353
987
468
429
414
559
199
888
119
303
89
507
372
290
87
616
134
937
227
471
536
887
895
354
647
518
108
606
302
794
556
940
611
503
122
339
411
311
366
505
933
174
840
474
914
834
293
771
590
488
91
828
552
72
596
859
561
708
907
800
426
622
954
580
687
726
434
934
204
165
512
798
280
724
702
504
424
836
639
331
602
451
237
951
269
635
67
584
728
316
6
365
548
809
340
714
874
704
7
990
2
952
495
950
889
882
49
422
880
270
308
525
970
752
160
813
860
192
539
919
565
381
532
138
161
698
386
98
103
688
418
642
306
351
732
76
848
387
14
553
920
671
841
493
601
295
746
738
531
843
979
568
540
824
817
736
144
435
309
101
28
876
469
812
916
66
242
509
92
209
643
758
247
132
762
621
955
343
796
795
754
668
462
901
900
513
685
845
676
483
41
856
220
935
978
885
799
756
35
152
797
260
178
591
205
195
761
216
431
892
980
1001
371
530
265
600
284
502
154
595
918
692
219
844
352
77
569
965
902
511
983
837
851
578
194
832
338
957
521
446
849
75
97
408
638
315
213
802
412
109
582
84
467
543
304
544
839
604
128
747
831
158
878
442
784
793
9
180
735
201
80
490
400
557
678
825
964
632
376
359
699
778
393
149
585
15
96
751
81
958
609
175
350
526
211
106
8
971
612
151
941
776
212
159
629
344
709
447
416
42
374
362
456
320
450
764
294
721
52
572
777
432
330
143
475
190
94
29
286
819
938
46
288
921
528
69
899
57
961
644
715
169
441
232
847
48
113
336
203
791
30
963
583
319
172
653
898
105
234
342
520
599
729
125
382
457
253
968
439
870
514
274
852
607
673
263
640
32
710
998
838
146
249
588
271
229
196
361
959
634
626
694
664
117
55
480
171
803
193
533
811
1000
413
939
479
491
944
748
680
566
872
741
275
324
107
973
206
581
120
322
810
804
258
65
224
936
894
672
718
40
666
723
305
215
633
500
641
333
489
750
60
946
428
547
981
266
121
486
497
127
608
948
245
594
183
765
706
655
790
579
287
90
445
807
999
389
68
949
926
404
744
147
651
78
826
217
150
830
881
652
95
665
649
27
737
835
494
110
857
477
535
690
623
854
367
277
218
415
717
997
385
262
906
273
5
283
534
259
281
318
476
719
233
962
99
517
743
485
969
252
879
659
866
63
911
145
135
788
325
703
438
974
956
670
267
989
395
868
453
39
908
356
452
364
130
473
669
496
349
448
355
141
210
662
436
238
567
74
863
380
449
675
742
459
394
904
646
323
85
168
551
498
636
792
630
397
487
722
861
188
388
523
720
820
592
620
727
897
648
772
674
862
186
686
658
139
867
499
398
126
420
464
240
191
208
292
757
291
334
549
689
391
124
328
734
891
70
773
419
814
115
627
869
62
745
454
427
326
739
369
185
909
597
19
573
923
396
660
586
261
506
164
693
197
942
774
484
625
116
853
481
550
893
576
677
59
166
733
335
162
846
977
501
691
20
129
298
563
613
775
618
278
988
546
61
79
705
912
148
654
368
226
574
37
337
472
307
822
300
268
767
808
31
985
896
51
282
617
417
136
167
650
815
378
917
967
257
725
610
924
696
993
23
554
945
865
50
214
384
443
943
327
683
953
26
297
248
279
749
383
619
53
542
910
763
373
13
470
927
575
71
38
58
390
153
406
314
140
421
244
982
313
759
903
289
537
915
455
317
701
437
827
631
231
54
296
377
254
198
873
823
657
379
346
780
818
960
560
593
133
864
357
73
972
187
463
177
301
82
405
661
170
833
202
44
515
786
883
615
731
522
679
712
131
482
930
605
562
783
246
656
3
695
363
538
478
444
458
871
753
571
47
928
716
230
181
157
104
929
425
730
541
114
155
163
682
83
43
440
176
461
858
45
875
207
801
399
111
310
465
17
697
886
228
816
577
663
681
890
768
36
986
740
645
10
403
332
392
321
102
785
589
760
370
781
276
24
684
409
555
250
264
624
423
829
123
22
16
137
755
603
947
358
348
18
598
637
222
787
156
118
529
700
508
184
932
510
925
805
884
711
243
782
200
516
976
329
905
236
112
235
33
142
707
312
806
239
241
587
527
877
64
402
614
225
34
558
173
992
770
256
991
347
842
766
345
56
182
401
996
466
994
821
21
86
100
460
360
922
4
88
913
299
430
407
25
93
850
189
375
628
524
433
570
789
855
966
545
492
975
564
667
11
285
779
272
931
995
984
769
713
519
-1
EOF
