NAME : sim501.215756.tour
COMMENT : Length = 215756
COMMENT : Found by LKH [Keld Helsgaun] Mon Sep 10 21:33:53 2018
TYPE : TOUR
DIMENSION : 501
TOUR_SECTION
1
187
328
139
223
287
137
293
436
330
389
361
9
192
483
326
371
245
51
190
360
324
248
38
342
20
63
279
167
410
126
55
391
418
316
56
189
175
252
103
491
109
284
385
141
45
321
294
394
106
357
204
59
417
69
143
438
267
134
85
181
456
433
393
401
249
203
307
146
246
60
227
290
127
84
105
309
334
120
68
148
494
229
164
117
194
62
121
471
480
473
163
359
198
291
210
184
349
275
498
339
281
162
354
86
125
301
317
93
100
199
449
200
455
37
415
463
233
136
173
238
179
408
319
501
244
423
57
99
95
377
23
427
234
180
240
466
286
92
482
87
108
17
49
191
263
3
350
144
340
124
48
484
398
409
388
469
331
135
407
464
485
420
264
392
441
154
170
74
363
172
406
186
212
404
235
42
243
416
442
352
46
450
373
104
30
47
411
247
476
370
158
280
465
219
27
440
24
384
481
452
399
176
296
168
71
381
295
171
237
52
289
434
72
490
445
211
341
231
88
356
300
251
372
65
122
486
425
495
29
169
78
470
215
2
230
188
195
73
228
260
112
439
272
306
145
414
419
435
269
430
43
113
475
304
15
378
161
265
270
83
221
118
253
89
166
82
403
277
185
123
451
220
327
28
116
400
239
128
492
343
396
298
375
225
131
278
285
379
499
142
10
41
4
7
102
299
31
222
311
217
271
107
140
428
462
344
459
157
402
368
397
412
268
202
313
369
390
61
79
333
461
76
262
308
147
155
318
130
338
241
119
64
376
182
97
91
500
160
467
54
206
488
75
58
493
458
156
159
26
487
460
315
282
150
250
283
424
12
152
405
266
257
25
336
153
218
34
90
329
383
165
11
53
364
77
472
325
387
261
347
208
44
365
305
322
274
98
259
454
446
209
426
382
14
213
256
477
50
236
323
70
496
346
478
355
216
207
479
429
255
8
138
320
32
362
232
81
197
80
345
226
39
366
413
380
129
422
201
149
101
94
177
457
258
353
297
114
196
447
444
276
151
448
178
16
40
18
395
115
312
96
224
5
6
431
489
36
174
335
133
348
214
22
183
453
242
21
110
386
374
302
421
288
332
367
205
66
35
358
292
132
432
13
497
468
111
19
314
33
310
443
193
437
67
474
273
351
337
303
254
-1
EOF
