NAME : sim1001.304864.tour
COMMENT : Length = 304864
COMMENT : Found by LKH [Keld Helsgaun] Tue Sep 11 04:28:04 2018
TYPE : TOUR
DIMENSION : 1001
TOUR_SECTION
1
138
538
453
174
509
765
105
182
347
87
833
280
454
91
82
205
386
612
934
231
724
183
114
253
864
747
788
472
613
377
402
318
832
201
67
880
578
594
699
660
9
757
464
200
21
216
123
797
993
854
184
598
677
148
177
171
893
273
316
271
663
964
147
926
515
468
596
824
782
10
809
988
821
555
817
961
246
858
79
140
471
348
313
592
662
506
716
130
120
365
197
287
844
606
384
977
18
487
889
620
556
912
473
923
783
563
673
856
939
627
827
14
229
726
692
312
630
529
859
577
979
715
479
470
687
601
722
146
281
23
869
599
553
759
871
834
465
495
682
32
209
564
304
674
326
711
19
337
81
143
224
635
496
493
706
247
565
768
28
41
328
625
517
376
753
362
896
823
954
428
857
671
30
947
460
211
633
484
778
355
444
776
369
576
853
888
669
708
134
324
469
435
26
855
360
719
499
59
317
944
683
223
322
289
274
64
225
877
38
323
438
785
303
6
901
930
165
789
505
244
756
647
478
828
758
718
302
46
434
533
654
466
260
43
390
769
414
137
865
2
637
261
586
108
396
953
658
212
697
736
270
898
158
676
40
220
771
379
135
929
262
892
895
689
370
510
233
74
418
290
514
421
42
311
308
904
331
971
111
368
373
997
902
126
721
309
665
342
552
526
238
573
235
604
927
107
940
45
486
269
263
850
714
575
170
25
71
760
894
72
815
843
109
237
700
585
925
297
8
16
628
286
641
1001
136
11
215
44
909
132
559
432
110
436
870
450
899
151
203
848
740
696
731
772
39
364
543
327
279
884
334
85
258
161
22
292
919
946
498
914
723
822
600
838
164
230
353
903
691
68
668
634
62
975
881
196
456
546
572
878
644
969
618
651
24
531
973
636
921
787
477
218
245
816
560
307
488
908
650
911
502
399
344
568
124
61
730
5
839
412
582
299
490
264
661
545
104
652
860
400
76
707
295
972
36
305
957
357
584
169
535
693
571
847
548
391
567
192
727
482
681
623
794
285
657
791
361
755
717
511
525
712
958
56
335
122
981
910
948
830
569
900
963
773
688
795
520
741
314
445
194
550
239
956
150
63
277
544
227
458
443
266
742
574
214
732
133
255
749
131
803
536
485
341
354
92
631
998
862
392
234
409
764
735
945
117
617
240
168
800
1000
807
416
524
17
936
73
142
291
974
845
554
176
653
393
202
452
507
420
686
684
701
805
282
80
219
595
440
198
446
154
141
12
646
891
837
178
512
37
812
157
430
489
284
587
995
283
793
57
806
702
890
917
720
162
874
542
549
90
359
561
103
213
476
156
986
320
750
754
933
528
338
98
86
257
249
116
897
462
938
562
265
746
411
339
814
163
918
441
591
886
474
27
152
358
367
570
298
605
638
639
861
508
128
7
999
698
193
802
811
737
288
310
875
762
649
713
602
566
389
955
250
210
20
497
580
616
31
248
149
228
733
703
694
442
394
928
13
346
113
659
179
729
784
448
217
457
500
268
48
987
690
989
537
294
102
189
100
695
873
121
887
916
99
786
88
349
905
767
626
504
876
643
343
849
781
734
65
51
551
127
705
94
139
371
539
372
254
463
419
991
395
345
710
608
624
680
351
306
831
159
380
619
475
978
242
251
449
967
383
252
790
415
329
95
632
808
278
53
615
293
866
47
58
407
447
350
655
950
191
951
796
521
483
583
275
118
403
366
226
541
804
835
106
336
820
429
818
494
206
439
966
410
78
33
296
352
883
221
340
775
29
766
190
404
942
728
181
882
645
780
60
276
459
962
709
992
996
75
799
810
49
259
431
413
965
332
943
906
666
588
752
330
770
180
852
842
467
523
743
798
863
397
777
34
748
175
984
15
527
129
540
825
941
558
826
522
931
704
374
913
516
813
611
243
319
970
609
640
4
530
207
153
990
378
93
433
801
461
492
614
187
994
983
725
952
84
232
256
222
451
985
648
840
670
96
236
779
66
841
408
321
672
52
685
119
241
532
872
167
982
145
3
83
425
621
610
751
867
679
924
980
976
172
968
54
960
333
50
851
382
388
481
144
597
557
907
932
160
480
745
112
89
401
518
607
949
738
589
155
55
77
385
667
188
300
455
935
885
186
642
656
381
836
920
422
356
125
922
675
363
829
424
503
593
603
622
739
664
763
678
744
427
547
423
173
417
513
272
199
590
774
437
375
959
581
761
846
792
115
868
534
406
398
579
387
70
915
69
819
208
315
879
185
195
267
937
97
405
301
325
519
35
166
491
101
204
501
629
426
-1
EOF
