NAME : sim141.119055.tour
COMMENT : Length = 119055
COMMENT : Found by LKH [Keld Helsgaun] Thu Sep 20 03:34:12 2018
TYPE : TOUR
DIMENSION : 141
TOUR_SECTION
1
28
131
105
117
94
103
48
26
112
64
33
135
66
53
67
73
119
124
44
84
82
101
121
93
139
51
37
136
125
60
57
133
97
5
102
9
114
41
45
27
46
32
61
100
113
98
42
115
30
21
116
83
89
85
68
80
24
69
99
96
13
122
74
104
137
31
63
25
40
95
91
87
109
140
7
75
49
6
70
65
86
134
108
56
71
23
50
11
58
88
2
123
118
4
90
138
126
81
76
130
141
8
107
92
39
18
14
36
120
132
62
128
17
47
35
129
54
52
111
127
22
19
3
34
29
78
110
16
10
77
72
38
12
20
43
55
59
15
106
79
-1
EOF
