NAME : sim161.126675.tour
COMMENT : Length = 126675
COMMENT : Found by LKH [Keld Helsgaun] Sat Sep 15 07:58:07 2018
TYPE : TOUR
DIMENSION : 161
TOUR_SECTION
1
154
4
81
9
64
121
78
118
120
62
15
88
31
159
99
25
36
79
51
103
122
75
143
84
43
161
3
23
105
54
127
42
35
22
148
150
112
102
124
48
73
34
89
129
20
96
70
126
115
30
14
108
47
132
68
27
77
11
92
17
12
26
142
95
157
135
140
38
100
67
110
40
133
86
66
18
134
87
128
76
19
46
16
158
152
82
13
147
90
52
125
5
21
71
39
101
149
7
44
98
130
131
69
139
138
123
37
146
136
113
151
116
60
93
83
74
24
80
137
153
141
111
57
55
50
117
114
109
145
61
56
53
58
97
32
10
2
160
65
59
119
45
8
107
91
72
144
63
85
49
156
41
29
28
6
106
94
33
104
155
-1
EOF
