NAME : sim251.153805.tour
COMMENT : Length = 153805
COMMENT : Found by LKH [Keld Helsgaun] Tue Sep 11 17:07:15 2018
TYPE : TOUR
DIMENSION : 251
TOUR_SECTION
1
12
243
158
135
18
114
19
194
174
118
163
27
134
184
82
133
214
15
168
142
3
251
182
103
10
119
178
153
246
50
46
145
113
196
206
129
248
104
77
55
122
250
186
205
109
157
245
164
208
4
32
111
210
68
93
22
192
99
159
124
200
66
79
123
87
170
72
31
195
92
147
13
242
97
149
233
24
173
9
105
220
110
197
128
169
11
6
143
249
235
120
5
56
241
71
43
30
94
136
177
228
67
85
75
130
101
14
112
237
121
154
62
211
53
151
115
213
238
231
98
73
131
2
222
42
54
80
61
38
216
226
229
39
57
140
65
100
48
146
171
236
221
155
166
58
116
89
37
160
88
126
240
78
230
138
16
35
167
59
52
239
181
189
60
187
40
204
125
127
165
95
217
139
202
161
193
175
64
29
106
117
190
232
76
74
81
90
223
209
215
49
137
176
7
218
225
180
91
41
183
144
69
17
150
26
23
179
152
96
201
227
212
33
44
47
198
28
21
199
203
36
51
107
70
247
234
148
156
132
25
63
102
8
162
141
185
20
219
224
191
84
83
86
207
34
244
45
188
172
108
-1
EOF
