NAME : sim501.212815.tour
COMMENT : Length = 212815
COMMENT : Found by LKH [Keld Helsgaun] Mon Sep 10 21:57:24 2018
TYPE : TOUR
DIMENSION : 501
TOUR_SECTION
1
52
12
224
267
195
431
191
83
437
53
383
24
402
170
36
331
496
188
149
73
417
225
351
304
305
233
354
13
28
228
409
67
140
75
254
277
162
215
285
116
23
491
374
433
418
459
370
258
301
194
99
425
55
324
51
212
27
451
367
31
62
361
359
480
107
205
398
403
237
92
164
449
10
223
72
476
20
180
499
250
327
48
490
407
389
190
440
281
447
273
50
385
429
427
474
187
346
139
163
415
343
120
148
282
64
260
423
209
489
467
118
483
345
495
381
221
115
171
356
96
33
450
428
46
125
147
105
454
113
396
157
452
388
283
279
270
121
443
251
404
42
119
334
257
348
88
294
216
463
481
252
382
14
357
401
165
234
365
329
213
32
325
167
241
453
292
155
445
30
278
448
127
87
91
378
287
470
39
364
142
456
344
37
202
379
201
59
500
98
54
97
353
486
138
90
134
106
307
60
269
9
320
276
7
40
420
297
342
322
460
150
94
457
173
89
347
393
244
102
469
238
441
368
387
141
217
461
352
47
231
179
198
26
130
306
308
291
436
79
122
240
131
135
226
289
341
123
104
319
315
175
487
336
95
109
5
3
303
43
298
153
70
247
192
189
242
261
311
152
446
117
302
435
235
330
316
338
227
111
112
168
264
376
243
158
29
81
399
172
17
373
203
321
464
8
103
293
253
466
485
78
340
206
219
371
337
362
271
151
332
414
434
184
45
416
208
229
380
412
82
193
232
207
372
22
309
196
458
335
245
176
406
6
74
390
478
408
313
21
339
160
156
86
369
255
349
472
34
377
169
41
299
197
18
318
386
366
323
295
471
76
110
413
494
312
411
144
230
477
68
265
44
310
58
4
236
2
15
284
375
394
296
100
38
186
214
101
424
132
63
317
137
114
248
126
482
25
405
211
159
66
49
256
56
288
268
65
154
80
220
328
16
61
272
442
57
177
133
275
108
290
222
71
246
249
326
11
129
266
497
239
475
358
501
145
391
355
492
410
350
432
204
444
199
426
185
438
161
69
200
263
300
35
439
174
286
493
473
274
430
465
182
124
498
468
400
77
484
422
363
84
419
178
479
183
181
333
488
384
392
462
136
210
360
259
455
93
19
143
146
218
421
280
395
314
166
128
262
85
397
-1
EOF
