NAME : sim251.159196.tour
COMMENT : Length = 159196
COMMENT : Found by LKH [Keld Helsgaun] Wed Aug 29 09:26:05 2018
TYPE : TOUR
DIMENSION : 251
TOUR_SECTION
1
80
27
87
186
8
53
193
157
127
108
63
46
72
132
206
150
197
88
96
33
84
237
160
59
167
249
250
181
187
115
146
199
107
175
118
40
124
92
48
209
50
200
248
6
25
145
215
21
153
76
178
100
7
75
176
123
58
111
117
19
5
20
90
9
136
234
18
54
177
39
192
14
120
251
168
83
233
158
129
69
116
170
95
195
60
52
51
238
194
223
240
154
74
149
11
68
16
28
101
217
99
126
13
36
189
151
214
218
221
35
121
243
144
89
22
236
103
216
12
185
242
62
112
162
105
225
29
147
119
67
244
42
190
10
201
211
55
138
65
81
152
133
184
161
85
203
98
231
71
173
91
41
17
94
23
61
171
45
79
37
73
148
43
156
239
130
113
34
204
128
31
230
66
212
165
246
30
229
93
57
164
226
155
141
135
179
32
106
208
191
122
228
56
196
114
134
172
2
166
235
125
109
44
198
202
131
224
15
169
163
137
219
110
174
86
220
70
82
205
207
241
4
143
142
140
47
97
180
232
213
77
64
104
188
139
247
24
26
49
102
182
210
183
38
3
245
78
227
222
159
-1
EOF
