NAME : sim251.155222.tour
COMMENT : Length = 155222
COMMENT : Found by LKH [Keld Helsgaun] Tue Sep 11 17:24:37 2018
TYPE : TOUR
DIMENSION : 251
TOUR_SECTION
1
6
216
46
139
133
220
107
179
53
57
203
192
186
134
113
67
93
77
94
62
95
105
8
79
35
181
218
63
147
84
44
183
177
171
236
17
157
184
168
228
151
196
102
241
52
13
11
58
75
59
98
86
156
237
229
29
74
110
169
28
190
64
2
81
121
116
185
27
146
87
39
222
108
90
76
72
224
91
10
104
208
88
136
24
51
243
65
49
199
61
153
4
150
68
5
221
240
163
128
189
114
170
233
34
178
231
7
173
21
127
226
201
129
234
180
37
31
247
155
69
135
78
174
131
30
14
198
25
144
50
251
43
225
152
204
159
205
244
120
123
122
160
82
99
132
206
148
115
73
36
109
18
164
161
149
47
239
124
141
101
250
103
187
16
140
219
111
235
22
9
56
207
195
232
213
197
54
202
130
117
89
71
60
227
172
92
12
26
85
15
143
3
20
137
42
223
217
70
23
246
138
100
119
66
145
162
188
83
33
19
55
125
45
176
165
80
142
166
40
249
238
106
210
126
242
211
97
182
96
193
191
48
175
154
200
194
245
215
158
112
41
38
118
248
214
209
32
212
230
167
-1
EOF
