NAME : sim501.217741.tour
COMMENT : Length = 217741
COMMENT : Found by LKH [Keld Helsgaun] Mon Sep 10 21:01:35 2018
TYPE : TOUR
DIMENSION : 501
TOUR_SECTION
1
187
34
60
463
179
304
166
160
415
209
322
359
352
409
120
460
106
104
243
485
438
203
73
421
113
257
134
175
459
448
154
236
500
90
483
378
430
254
404
245
112
4
252
287
33
185
377
465
341
100
386
407
492
326
388
350
41
75
207
396
353
123
72
320
88
50
284
306
45
234
303
258
368
197
198
253
334
294
367
150
43
23
242
324
267
69
343
296
146
402
38
312
6
332
164
94
226
358
314
20
297
264
19
398
338
161
365
490
194
391
495
215
447
327
184
259
249
457
117
158
239
76
302
412
455
205
286
397
298
251
27
87
57
65
124
371
84
68
244
86
208
481
246
477
39
176
439
126
354
406
491
400
63
125
470
271
336
9
220
212
446
472
47
214
390
218
461
427
132
392
108
464
99
471
383
441
345
499
351
484
349
202
316
147
14
131
342
44
283
256
496
35
488
53
162
143
101
497
49
387
78
13
201
137
466
25
26
428
347
66
432
71
422
479
182
12
467
138
277
155
133
309
219
30
15
311
153
478
433
416
127
206
290
362
96
366
357
333
346
89
3
56
119
255
233
278
190
229
181
129
399
486
28
5
328
172
370
85
148
192
375
183
325
293
318
144
273
48
474
188
417
381
360
260
115
83
116
382
59
468
299
456
195
105
217
107
95
145
437
262
16
268
74
411
480
67
321
168
363
498
93
135
403
319
140
289
82
97
22
213
445
372
156
247
238
280
216
315
196
186
374
344
174
37
10
361
308
493
475
339
418
121
173
323
241
266
31
330
288
462
420
180
163
295
281
501
436
393
414
489
408
111
2
310
443
307
24
109
170
79
130
193
128
51
282
139
46
369
337
476
385
62
317
227
494
189
269
305
292
405
230
52
171
442
77
279
240
423
250
340
451
118
98
394
348
211
169
21
165
380
301
225
149
379
36
54
122
91
81
136
272
152
200
270
276
410
275
199
224
373
11
64
17
32
395
103
473
228
454
424
487
151
235
335
376
210
285
291
157
356
426
274
313
92
413
7
263
221
331
449
440
102
453
419
237
142
384
58
141
300
114
18
389
434
222
401
444
248
204
29
435
70
55
167
265
329
191
231
42
177
80
450
429
355
469
8
431
261
458
425
452
178
159
40
61
110
232
223
364
482
-1
EOF
