NAME : sim501.217711.tour
COMMENT : Length = 217711
COMMENT : Found by LKH [Keld Helsgaun] Tue Sep 11 00:08:05 2018
TYPE : TOUR
DIMENSION : 501
TOUR_SECTION
1
71
66
78
500
466
157
124
410
102
288
97
457
362
19
479
394
367
379
376
339
198
64
407
118
496
171
326
259
346
174
365
192
472
223
149
383
287
439
433
163
446
207
399
455
351
200
477
342
422
268
65
147
418
76
103
74
470
373
49
45
204
430
181
16
315
191
141
450
276
43
18
21
117
305
269
186
402
50
57
476
332
498
320
490
114
438
388
203
173
150
208
312
40
42
400
151
47
292
385
110
167
280
310
107
2
94
359
463
271
307
219
25
109
299
375
440
226
188
252
412
142
452
266
485
227
353
100
85
136
398
162
302
104
63
83
414
285
474
183
461
337
187
106
331
11
314
248
349
86
61
357
390
297
328
290
408
491
360
344
24
101
31
417
370
401
156
70
447
286
193
154
427
296
391
386
278
488
179
358
153
194
22
448
121
294
177
13
231
122
270
125
224
481
165
137
453
460
469
138
145
273
389
52
99
282
55
404
32
176
348
291
215
341
225
256
209
166
82
289
212
236
239
67
87
478
380
58
238
298
230
158
152
267
96
146
335
80
415
416
464
247
308
272
254
261
374
234
213
4
361
334
46
253
471
139
111
480
347
91
384
456
284
319
28
405
454
199
36
130
366
465
441
340
35
120
475
258
442
202
164
449
330
482
240
214
119
196
51
79
27
316
409
216
5
250
244
220
279
468
140
274
343
115
300
169
255
426
275
172
413
338
34
95
317
197
265
396
354
15
48
218
17
235
60
88
170
246
264
242
355
428
492
201
382
462
363
131
245
229
233
75
175
237
352
381
41
420
77
419
20
249
393
406
397
72
445
323
295
128
350
105
178
429
92
283
309
155
435
301
484
33
161
318
486
424
313
14
182
185
134
132
190
489
29
432
210
251
89
368
133
377
262
495
144
116
159
37
306
327
56
93
431
206
437
243
392
425
281
68
38
403
387
497
108
168
443
143
53
10
6
411
263
205
98
241
423
189
257
483
8
123
322
232
336
364
487
459
356
135
260
333
211
7
23
499
325
12
129
473
467
84
54
39
378
81
324
303
369
44
195
444
304
180
321
73
277
451
501
30
113
329
217
494
62
436
345
371
3
293
126
90
221
458
222
421
9
160
69
127
184
372
434
59
148
311
26
395
493
228
112
-1
EOF
