NAME : sim141.115977.tour
COMMENT : Length = 115977
COMMENT : Found by LKH [Keld Helsgaun] Sat Sep 15 22:55:38 2018
TYPE : TOUR
DIMENSION : 141
TOUR_SECTION
1
22
114
60
137
125
110
76
132
94
70
104
45
103
41
131
27
54
109
129
56
113
61
52
43
58
106
97
118
115
25
47
73
127
34
67
119
96
8
123
134
6
63
86
37
108
79
141
5
71
89
30
12
11
135
18
2
82
65
48
3
7
62
9
80
46
14
66
124
31
20
23
139
92
105
59
93
15
112
126
53
83
64
74
87
51
121
91
77
102
68
17
57
117
55
40
116
107
19
44
120
88
78
101
130
72
26
35
13
140
138
39
128
10
49
95
99
133
69
75
28
111
29
84
33
32
21
16
122
42
50
81
24
38
136
98
85
4
36
100
90
-1
EOF
