NAME : sim161.128039.tour
COMMENT : Length = 128039
COMMENT : Found by LKH [Keld Helsgaun] Sat Sep 15 07:40:31 2018
TYPE : TOUR
DIMENSION : 161
TOUR_SECTION
1
15
47
77
115
148
132
28
98
56
147
54
62
152
122
146
60
72
137
130
123
154
27
101
105
95
7
79
117
129
82
22
158
112
143
53
37
80
50
66
127
159
108
58
10
19
125
121
23
6
149
102
25
99
118
26
109
29
36
89
124
88
4
136
14
64
153
33
24
84
126
106
90
94
96
17
71
141
92
34
61
139
69
104
157
134
150
128
2
142
31
131
113
78
75
65
68
110
144
48
20
81
156
59
49
67
57
83
38
91
21
86
43
30
76
93
45
120
116
161
114
55
11
12
111
100
18
107
3
8
63
70
52
5
39
35
160
40
155
46
13
42
119
97
9
16
145
85
73
135
41
133
151
44
51
140
32
74
138
87
103
-1
EOF
