NAME : sim701.255540.tour
COMMENT : Length = 255540
COMMENT : Found by LKH [Keld Helsgaun] Mon Sep 17 05:26:01 2018
TYPE : TOUR
DIMENSION : 701
TOUR_SECTION
1
588
348
641
598
341
163
473
243
485
193
290
262
564
509
490
71
94
70
611
145
590
332
411
636
658
531
103
9
631
416
648
382
204
220
603
500
455
569
685
397
602
486
465
559
415
665
406
253
458
622
267
15
93
270
425
404
116
389
562
37
205
295
146
225
660
677
434
595
34
95
423
191
88
525
467
616
291
682
666
231
683
351
489
169
604
646
354
560
214
187
63
155
121
134
195
676
640
66
432
208
379
304
235
58
694
126
278
663
55
248
649
539
157
186
260
343
40
314
405
409
505
457
311
259
319
427
45
288
428
346
541
643
284
402
212
192
74
592
206
555
334
227
527
361
395
28
50
310
112
151
345
327
78
551
158
36
302
567
375
283
627
14
515
644
228
408
558
308
289
675
33
305
377
632
356
27
419
578
549
73
407
178
254
511
2
232
582
576
687
280
246
684
80
586
328
333
387
671
189
570
626
100
540
166
99
594
614
115
323
300
517
672
182
320
436
394
210
625
293
698
431
700
472
325
655
24
543
102
535
607
635
81
424
255
499
376
600
76
514
38
487
144
143
529
391
135
478
645
657
542
613
117
593
67
679
417
90
545
6
98
534
482
89
386
240
414
690
285
519
84
371
388
522
269
506
113
520
13
501
312
198
215
82
127
11
396
647
245
430
412
693
133
659
273
363
59
537
352
366
359
587
452
496
29
591
507
258
642
689
120
294
688
340
221
469
109
19
479
159
615
282
330
201
548
526
466
381
521
136
287
691
326
83
244
385
443
209
281
664
4
471
194
268
299
47
495
474
532
61
26
446
619
450
256
610
639
460
173
170
309
69
413
554
257
179
568
451
597
105
533
497
12
286
20
364
384
468
695
46
25
651
249
530
124
476
601
131
153
463
8
552
617
252
628
510
581
585
335
339
222
321
566
504
483
653
22
77
583
503
162
449
373
673
30
652
680
609
447
230
338
418
164
606
185
400
53
317
513
35
553
512
48
322
441
129
337
307
303
629
128
238
681
233
491
226
306
10
85
123
378
369
318
380
223
502
488
357
403
561
347
355
331
528
181
433
152
239
200
589
575
211
577
393
461
370
459
251
372
401
279
422
448
686
65
197
107
188
86
470
696
68
464
550
106
662
266
177
480
438
546
374
390
104
484
261
620
42
383
524
32
275
41
421
16
454
637
23
669
183
265
62
298
171
612
148
516
147
64
150
353
358
297
344
60
508
296
477
168
149
203
236
72
410
618
437
87
202
97
43
176
699
439
426
596
216
141
154
122
399
51
217
56
623
420
584
92
190
362
670
329
336
274
207
557
132
573
360
241
350
498
571
392
536
475
111
101
315
316
277
161
172
224
138
114
313
608
292
219
91
630
165
599
54
130
667
701
264
174
79
96
650
272
39
678
440
565
137
456
367
237
140
156
75
213
167
44
634
574
271
398
342
435
365
518
18
324
481
692
368
160
118
493
624
175
31
234
633
49
5
108
139
218
444
349
654
621
247
605
276
184
7
538
242
523
110
668
142
250
429
579
21
492
656
453
638
180
544
580
462
563
57
196
125
445
199
17
661
52
572
556
263
301
494
674
547
119
442
3
229
697
-1
EOF
