NAME : sim501.219246.tour
COMMENT : Length = 219246
COMMENT : Found by LKH [Keld Helsgaun] Mon Sep 10 22:12:04 2018
TYPE : TOUR
DIMENSION : 501
TOUR_SECTION
1
242
72
429
14
19
372
44
30
260
340
300
269
322
199
318
386
314
84
308
283
360
206
411
332
189
32
423
110
280
263
380
458
374
382
17
392
208
271
399
364
209
480
419
47
132
210
376
405
195
460
410
433
52
481
147
444
159
151
143
442
256
66
56
160
96
74
478
80
258
466
447
171
295
61
28
233
181
117
319
357
315
341
167
461
92
342
202
428
465
324
418
15
226
348
368
312
286
431
477
346
455
197
253
38
273
266
111
395
285
401
26
310
373
163
240
40
222
396
22
343
24
168
311
87
488
448
184
264
494
483
229
484
323
186
41
138
215
39
104
403
436
421
391
500
284
185
81
434
252
482
353
65
362
73
101
77
35
365
389
378
86
294
118
120
370
146
49
476
123
350
162
224
381
435
125
375
231
34
449
361
225
486
445
145
241
131
237
5
270
230
496
71
385
367
149
413
274
388
204
200
371
306
432
124
335
172
78
393
463
293
471
134
473
214
4
328
351
174
43
303
462
130
180
234
437
282
407
501
275
479
383
13
259
169
57
27
387
441
221
54
203
422
307
443
18
82
453
135
414
121
426
417
112
166
330
142
165
325
493
102
398
33
113
363
58
173
296
470
344
10
347
446
148
472
158
424
188
109
244
272
439
394
359
212
243
141
153
297
301
354
452
459
63
170
55
298
20
249
257
29
339
95
75
239
281
291
289
265
397
440
50
183
62
495
140
404
136
276
498
88
154
89
290
64
48
16
178
107
79
425
327
3
192
9
497
247
51
492
409
474
358
469
317
262
451
216
68
76
90
2
100
137
155
248
490
278
356
156
235
329
302
369
23
415
191
352
333
251
7
491
53
246
232
304
6
430
438
198
164
338
83
287
499
108
402
193
320
182
190
36
261
25
313
427
245
119
11
175
152
379
412
93
288
485
45
161
450
267
227
21
37
238
97
116
94
201
122
85
384
400
91
205
220
218
133
106
211
277
176
228
179
236
250
31
467
139
114
69
489
279
144
349
305
337
468
390
187
115
217
60
487
46
366
105
355
456
157
223
67
331
99
454
12
420
475
299
309
213
129
126
336
406
316
194
59
255
326
8
464
408
177
196
321
103
150
416
219
345
254
128
127
70
42
98
207
268
292
334
457
377
-1
EOF
