NAME : sim251.153228.tour
COMMENT : Length = 153228
COMMENT : Found by LKH [Keld Helsgaun] Tue Sep 11 17:02:04 2018
TYPE : TOUR
DIMENSION : 251
TOUR_SECTION
1
83
105
234
114
55
10
104
207
197
195
11
43
102
30
164
153
34
144
75
13
163
251
100
19
86
101
60
62
180
215
96
246
225
25
162
28
212
49
216
41
152
20
146
117
36
113
57
210
85
65
206
81
18
54
108
42
179
128
185
70
229
218
184
221
51
161
47
23
87
134
141
136
142
92
69
111
56
132
249
169
220
231
248
5
193
59
40
38
90
72
80
239
191
124
12
209
247
232
199
125
250
39
173
64
200
44
27
24
135
156
17
15
16
115
118
196
82
4
174
167
61
48
122
94
107
58
150
76
177
201
53
243
63
37
71
186
233
175
147
98
6
188
187
224
116
148
145
109
67
172
198
203
68
208
217
121
79
73
45
127
166
245
176
236
137
238
91
32
227
93
241
170
189
159
97
131
74
242
129
139
66
35
151
2
244
29
149
52
126
9
103
157
26
223
33
222
8
194
213
214
182
22
230
89
190
237
178
95
99
106
7
110
123
130
88
205
219
133
31
240
183
202
160
165
3
50
168
235
78
181
84
140
21
226
120
77
171
155
14
204
143
46
112
228
211
158
192
154
138
119
-1
EOF
