NAME : sim251.158416.tour
COMMENT : Length = 158416
COMMENT : Found by LKH [Keld Helsgaun] Tue Sep 11 17:33:15 2018
TYPE : TOUR
DIMENSION : 251
TOUR_SECTION
1
57
203
142
251
124
35
51
167
44
59
127
22
161
54
91
112
29
224
34
174
76
160
234
102
25
154
181
175
84
216
168
93
243
242
208
94
241
193
228
143
140
211
237
191
66
200
190
16
233
248
219
79
126
2
87
141
118
77
235
240
166
198
103
67
33
28
24
15
69
155
249
85
151
36
27
3
184
231
171
226
86
111
245
205
96
246
220
9
110
138
229
137
195
139
150
89
55
183
74
58
170
186
197
88
119
125
98
180
39
185
144
130
31
107
75
109
97
146
129
30
132
26
23
62
134
116
7
38
99
189
223
152
250
100
21
117
153
46
82
122
210
176
194
218
78
182
10
72
121
215
106
135
64
123
19
209
157
105
238
108
80
70
225
49
113
83
156
230
131
236
45
192
8
92
60
65
40
73
247
217
158
81
115
172
145
48
148
188
53
20
133
43
95
196
178
4
128
42
147
120
202
6
227
136
17
18
165
163
244
232
177
179
61
207
56
12
13
50
173
222
164
212
169
14
63
71
47
221
199
114
187
41
101
201
159
90
149
214
104
52
68
239
11
162
32
206
37
5
213
204
-1
EOF
