NAME : sim501.219169.tour
COMMENT : Length = 219169
COMMENT : Found by LKH [Keld Helsgaun] Mon Sep 10 21:38:22 2018
TYPE : TOUR
DIMENSION : 501
TOUR_SECTION
1
172
22
307
63
379
489
251
112
350
422
184
340
433
103
385
138
46
105
309
198
457
52
298
97
84
34
226
402
234
133
474
277
274
428
377
325
248
443
210
60
434
461
117
11
364
164
18
367
442
446
3
40
132
20
206
452
282
437
25
15
166
346
43
47
246
167
344
395
359
227
6
313
108
339
224
308
426
19
492
186
447
448
190
107
488
345
476
407
281
481
421
477
250
485
271
365
8
212
195
381
341
87
389
208
33
410
360
92
42
357
109
129
501
163
258
23
361
417
445
141
202
67
416
95
499
348
319
303
96
285
403
185
398
459
29
48
245
170
366
220
331
193
74
126
472
81
300
383
91
493
50
181
252
478
125
468
79
214
151
450
27
106
209
466
187
491
473
287
388
310
49
275
228
336
397
99
197
304
375
180
150
362
5
88
53
263
145
401
75
470
225
406
373
439
154
374
475
127
176
83
405
432
144
387
306
358
370
136
262
192
161
369
68
464
77
191
153
134
70
278
335
116
276
371
237
65
51
458
173
174
137
394
299
230
32
295
316
453
236
261
438
265
123
12
59
463
94
253
131
273
301
223
189
188
160
490
121
205
80
326
124
456
396
419
56
89
243
31
44
118
9
429
355
487
39
380
244
314
413
231
35
391
288
460
317
320
451
232
378
436
408
72
28
100
147
289
431
315
104
353
342
55
156
229
139
415
235
86
390
215
199
36
17
165
343
255
479
269
218
177
352
404
260
78
330
66
73
302
61
483
399
155
122
13
71
272
169
286
347
321
45
152
332
292
356
58
455
38
194
158
54
207
471
283
441
93
115
409
323
62
454
386
240
384
238
157
351
290
119
279
159
142
140
16
171
254
318
2
149
146
293
284
495
486
201
430
494
305
213
200
4
130
76
135
57
482
424
264
382
411
268
179
462
327
148
183
175
98
242
111
294
449
219
69
259
423
333
178
222
484
376
444
267
221
30
270
334
338
400
37
113
435
239
211
296
162
26
182
497
291
324
312
82
10
297
465
168
64
102
101
372
41
329
414
363
7
203
311
256
368
349
467
85
217
266
427
418
120
500
216
241
14
496
196
412
354
143
480
110
257
393
392
425
128
337
114
328
469
233
204
280
322
247
498
440
21
24
90
249
420
-1
EOF
