NAME : sim1001.309434.tour
COMMENT : Length = 309434
COMMENT : Found by LKH [Keld Helsgaun] Tue Sep 11 13:10:06 2018
TYPE : TOUR
DIMENSION : 1001
TOUR_SECTION
1
203
505
630
28
811
960
570
374
290
946
706
175
886
579
508
620
342
318
139
562
352
167
802
440
967
379
679
323
456
842
369
186
48
638
92
75
335
777
721
460
672
129
231
189
194
991
178
867
77
183
418
294
171
176
332
583
152
577
553
307
276
618
742
830
148
248
60
204
229
592
247
466
678
556
367
487
543
58
33
260
772
637
425
281
134
437
235
888
901
430
651
654
567
442
690
930
241
411
928
482
435
168
114
56
820
249
283
668
913
631
215
937
978
593
563
574
987
964
993
586
55
908
388
616
740
900
251
781
408
144
596
266
415
319
511
846
775
422
406
837
292
18
969
685
83
84
315
604
778
864
707
364
50
558
516
507
344
723
749
131
725
957
110
390
384
857
728
320
258
894
984
462
591
451
365
445
929
439
745
515
522
205
348
27
852
502
234
242
766
757
163
624
289
458
461
331
15
161
976
666
953
836
12
2
426
428
575
488
103
533
427
825
387
448
794
264
453
454
353
166
541
854
713
225
753
88
312
688
155
261
101
644
416
750
236
492
731
906
628
627
67
473
270
190
216
970
814
826
975
996
35
91
823
30
419
683
793
759
979
647
100
787
606
31
662
653
790
694
211
564
491
751
904
219
899
96
138
254
933
267
174
366
895
705
689
109
818
420
669
214
121
891
534
447
789
49
594
544
325
300
528
599
450
218
797
703
661
828
40
54
475
948
262
540
146
313
633
602
368
70
87
813
350
26
785
773
858
798
861
907
223
8
162
38
29
701
85
444
783
990
308
59
821
945
673
698
855
452
880
102
865
905
224
581
257
569
549
571
804
547
518
611
69
614
621
298
977
710
527
16
600
520
61
62
868
545
147
580
199
874
724
645
122
538
546
351
476
347
45
869
1000
395
741
157
126
334
210
65
463
316
573
893
648
94
44
875
966
588
650
246
271
149
780
876
299
748
99
153
795
972
552
6
727
988
607
671
849
403
317
68
808
116
222
76
230
681
132
716
680
185
237
370
346
959
980
354
615
572
882
612
950
982
932
850
746
117
328
517
201
801
983
46
417
598
336
765
576
37
994
989
568
682
43
529
920
485
792
57
302
150
838
22
539
13
180
169
106
193
695
809
232
658
23
297
495
738
89
636
200
992
499
14
872
272
812
733
939
912
860
17
314
333
897
233
429
500
998
942
82
285
512
560
954
642
389
758
198
377
708
295
565
136
253
692
537
112
375
955
807
95
714
732
525
80
936
817
191
585
643
486
963
686
471
479
730
47
165
656
754
119
343
64
687
931
212
32
279
359
296
497
472
104
431
42
177
530
887
629
263
767
383
526
329
843
521
743
910
400
965
123
373
943
496
639
118
610
761
73
550
870
322
310
137
578
752
834
506
413
640
956
36
188
5
879
744
443
997
394
182
968
287
625
143
756
273
952
649
459
209
493
490
484
832
184
196
788
24
971
339
170
934
220
657
498
551
697
735
217
719
120
582
202
86
770
164
566
524
949
376
195
717
250
412
922
324
221
584
513
465
974
655
337
288
700
632
892
961
536
986
293
405
702
503
306
646
255
470
396
72
816
737
140
786
641
151
881
676
311
601
124
764
917
722
927
853
156
409
265
404
871
696
873
385
613
280
4
898
555
608
3
401
635
340
362
674
239
434
380
326
181
918
951
1001
128
863
474
819
449
108
784
115
305
360
510
734
847
421
622
111
831
940
480
619
97
981
626
197
995
878
693
160
238
341
397
402
848
252
269
259
890
386
304
762
916
921
609
670
63
489
667
835
494
509
172
361
902
903
228
278
330
113
924
699
74
554
810
9
605
98
441
915
11
90
468
301
914
187
595
291
962
107
433
557
634
391
779
803
726
127
53
52
436
769
363
589
393
771
944
457
973
432
768
664
663
382
712
25
130
623
531
844
715
173
159
845
923
338
469
179
711
464
947
806
833
192
747
763
958
504
327
935
321
709
896
877
675
424
590
919
889
478
925
78
501
718
207
356
839
884
145
446
357
999
739
782
862
21
467
519
720
141
71
617
938
660
677
684
438
226
34
652
372
535
410
345
909
349
941
548
799
926
559
481
796
859
286
523
309
483
455
407
66
822
275
381
774
911
208
791
423
829
93
597
827
885
125
154
659
51
245
227
371
39
41
851
736
755
985
19
776
800
7
355
358
303
840
142
135
274
244
805
213
378
158
514
729
282
841
665
603
542
206
10
760
268
532
398
240
824
79
133
866
399
561
704
477
20
815
414
105
691
856
392
883
81
256
587
277
284
243
-1
EOF
