NAME : sim501.217816.tour
COMMENT : Length = 217816
COMMENT : Found by LKH [Keld Helsgaun] Mon Sep 10 23:31:47 2018
TYPE : TOUR
DIMENSION : 501
TOUR_SECTION
1
207
177
269
138
146
355
417
217
286
445
351
227
232
463
213
117
88
118
17
173
350
296
277
71
157
311
254
9
478
381
132
302
483
174
233
467
437
20
443
335
457
164
403
74
405
70
317
492
30
468
474
205
364
346
84
61
475
314
224
298
397
176
497
154
455
278
47
245
473
369
451
390
322
401
12
331
51
229
412
241
91
44
192
221
300
406
200
385
105
99
240
63
290
151
250
255
171
59
28
373
284
41
485
274
183
153
53
411
501
68
57
121
348
258
394
471
125
433
356
266
494
282
462
49
198
359
493
313
264
236
416
323
45
413
208
37
119
484
333
22
115
69
5
193
39
315
299
62
365
399
226
160
120
7
476
500
280
58
75
24
187
441
10
172
202
196
140
469
77
148
72
252
249
400
432
361
243
336
326
128
108
90
382
272
175
73
430
203
86
40
458
354
438
425
238
220
156
325
472
424
380
489
387
36
353
116
50
454
6
383
360
339
389
456
414
228
386
283
64
18
15
96
60
186
139
306
181
495
113
392
166
79
235
362
225
189
82
158
253
163
246
124
131
310
421
265
197
488
150
420
379
275
149
98
48
368
230
42
234
206
87
402
110
329
179
133
423
11
214
33
308
169
43
279
211
180
366
318
352
147
137
195
372
480
388
404
81
107
239
470
375
307
328
143
144
384
127
481
345
222
436
268
21
26
67
152
55
357
167
161
19
122
444
2
358
459
285
178
56
112
334
209
95
431
496
320
212
123
276
490
439
204
52
159
410
54
487
23
449
477
244
330
83
273
248
94
130
46
312
452
398
14
309
34
442
145
499
242
297
407
129
126
435
337
374
427
76
263
97
363
491
219
257
466
111
289
305
262
32
92
409
347
13
184
106
162
291
29
371
343
100
256
396
78
85
170
210
155
422
304
31
367
109
316
199
486
194
461
287
35
460
25
295
319
8
260
292
408
288
259
440
344
418
231
338
448
27
191
168
165
428
342
66
101
376
465
114
324
134
426
216
89
341
142
267
429
415
498
102
377
479
80
218
450
378
103
464
370
340
141
281
321
453
270
393
247
332
188
303
349
327
104
38
223
293
261
482
446
135
391
16
4
215
294
65
136
93
190
301
3
447
271
419
251
395
182
201
434
185
237
-1
EOF
