NAME : sim501.217896.tour
COMMENT : Length = 217896
COMMENT : Found by LKH [Keld Helsgaun] Tue Sep 11 00:18:03 2018
TYPE : TOUR
DIMENSION : 501
TOUR_SECTION
1
149
238
344
325
227
295
456
370
143
272
3
408
165
89
299
25
203
438
122
37
124
385
367
99
103
61
266
364
10
421
454
263
444
237
332
98
335
313
291
164
33
327
448
476
70
54
127
423
469
77
144
283
284
366
405
348
69
440
97
342
62
83
282
101
118
35
470
394
331
177
153
446
455
488
18
323
56
399
55
244
356
437
316
195
174
108
30
340
87
191
248
387
439
179
126
15
254
38
374
90
472
52
53
128
72
140
480
357
484
492
139
346
467
233
183
236
409
36
336
471
57
115
39
120
373
450
167
92
303
274
436
230
64
464
365
427
388
301
88
184
150
202
489
280
178
100
196
125
257
307
216
42
380
371
63
499
210
311
261
260
377
182
85
451
411
218
497
389
246
6
341
449
400
234
310
190
245
349
113
131
279
176
221
442
188
300
330
84
170
458
355
205
414
66
48
123
117
404
290
277
256
160
215
129
407
116
240
12
186
322
46
416
213
74
96
262
34
386
76
398
494
381
8
372
142
474
31
417
17
11
350
288
337
271
162
136
71
80
146
443
243
473
268
362
265
460
418
463
192
78
368
250
68
219
426
199
462
7
324
501
45
496
339
302
343
187
155
13
360
67
477
352
278
194
5
267
159
107
19
145
156
43
161
212
249
425
235
214
293
82
151
424
482
493
401
201
384
445
297
231
275
294
163
138
457
217
73
347
23
211
269
141
378
41
81
402
137
181
154
351
222
65
193
105
206
232
102
431
395
304
393
111
453
49
20
104
228
412
432
486
498
220
406
468
317
433
392
478
403
435
495
376
207
318
58
286
110
422
481
29
2
491
415
180
452
135
241
420
148
309
490
320
22
229
315
485
382
255
175
197
189
338
60
226
285
319
50
114
134
94
247
428
259
390
112
326
287
119
475
106
434
363
16
276
353
26
289
430
419
500
410
305
281
252
198
93
86
334
224
172
79
479
168
251
466
459
132
47
239
292
264
157
429
225
270
441
383
27
312
166
40
109
21
465
173
91
345
24
487
130
321
204
133
242
358
152
223
28
9
447
32
375
328
185
396
369
158
147
4
308
208
75
258
391
397
273
59
354
361
483
51
169
296
314
253
44
14
171
359
121
461
379
333
329
413
95
200
306
298
209
-1
EOF
