NAME : sim1001.300583.tour
COMMENT : Length = 300583
COMMENT : Found by LKH [Keld Helsgaun] Tue Sep 11 07:21:16 2018
TYPE : TOUR
DIMENSION : 1001
TOUR_SECTION
1
179
746
851
5
962
270
650
213
899
794
24
398
501
81
759
693
623
548
502
775
974
399
885
75
470
547
900
679
897
799
38
91
331
873
843
53
665
362
985
44
192
176
801
110
658
862
644
638
459
686
717
870
62
190
819
78
358
503
957
528
622
172
100
831
901
289
483
578
725
156
645
969
685
345
477
377
514
232
893
595
701
353
32
754
63
683
412
308
390
518
707
767
925
120
256
373
641
312
959
195
577
180
822
780
229
860
99
250
177
10
168
201
55
363
776
2
541
883
781
529
329
236
952
369
929
415
17
174
828
375
726
972
659
227
276
283
598
582
553
504
149
591
729
879
797
855
610
674
735
586
115
740
497
827
167
208
219
42
83
40
228
338
326
718
889
267
356
721
419
834
662
182
282
291
188
921
894
812
852
751
278
431
927
545
293
66
264
94
48
608
567
112
890
913
9
731
257
546
244
625
118
720
512
59
466
18
905
838
624
93
734
212
485
762
438
651
429
220
840
821
285
744
774
552
246
691
500
87
214
968
991
675
938
29
612
253
979
199
379
249
996
324
178
491
12
269
404
494
931
802
481
406
354
530
393
28
16
800
743
690
580
600
963
511
694
15
755
37
52
615
602
432
349
971
206
708
574
147
86
954
657
784
757
810
543
169
327
942
98
882
880
544
878
593
97
867
626
328
372
619
716
325
203
271
557
705
561
187
154
907
123
816
420
385
39
137
319
989
439
225
56
709
524
839
365
352
41
482
764
237
186
135
80
826
318
342
998
733
964
268
739
239
766
859
139
896
866
217
517
847
303
649
316
881
79
898
67
104
603
981
288
935
853
413
464
884
309
986
54
930
932
904
266
864
126
829
549
750
102
6
923
632
421
452
671
616
382
454
277
322
414
920
509
611
254
944
926
136
189
700
175
664
769
573
335
706
943
863
970
869
634
448
387
779
594
65
939
697
933
791
490
333
772
447
451
684
499
334
22
313
287
846
520
430
202
639
374
1000
73
917
117
738
243
89
401
906
946
723
76
425
892
474
583
226
366
19
550
523
417
807
281
687
835
235
209
912
144
712
785
43
341
620
317
516
445
605
973
714
588
495
742
207
837
33
877
640
442
311
479
830
211
409
678
441
46
51
357
77
245
551
850
68
378
484
748
660
210
20
777
563
467
653
994
159
465
486
321
571
58
473
262
152
148
704
164
153
370
391
941
224
948
976
902
280
23
301
789
936
960
814
205
394
765
820
469
241
958
453
956
49
732
183
306
122
260
891
513
505
908
351
951
185
575
871
424
978
290
618
383
667
798
570
965
689
171
35
489
556
161
815
471
508
302
677
116
636
656
924
320
643
535
648
124
344
162
151
669
805
672
558
493
155
111
676
247
198
184
463
841
533
130
599
403
95
845
45
809
286
340
783
150
874
983
129
74
778
82
532
296
69
435
496
980
592
654
4
737
607
181
589
790
297
760
134
108
823
480
915
259
114
945
666
617
747
88
519
736
909
918
787
160
337
811
416
142
109
279
832
702
400
655
295
631
673
858
103
191
872
216
647
628
844
402
263
984
792
304
506
856
359
510
916
934
14
30
381
539
710
527
566
727
70
763
428
861
534
314
773
947
696
476
330
84
265
411
977
786
61
50
215
692
668
554
688
64
121
887
849
555
119
193
422
13
346
361
200
300
261
396
478
711
1001
670
339
997
105
741
613
384
564
752
113
222
585
462
272
813
315
999
987
562
560
388
581
138
724
165
995
621
572
914
298
461
436
663
11
940
230
101
170
143
405
158
133
526
498
911
771
434
584
633
833
426
950
824
457
961
284
531
299
848
730
895
857
25
579
888
808
218
336
343
795
982
141
197
782
90
367
627
596
310
323
458
255
173
507
804
536
522
166
140
637
275
680
128
652
274
433
57
886
60
418
565
953
745
460
423
975
719
990
131
360
515
842
682
410
756
196
408
955
614
703
928
590
163
204
661
292
521
919
395
355
449
488
576
472
307
681
444
768
770
818
761
3
273
146
642
903
21
587
699
348
597
437
629
793
446
468
443
252
910
875
107
145
540
392
868
788
854
92
753
350
376
450
36
231
836
8
538
937
646
238
537
695
34
364
758
72
127
71
386
601
389
542
132
251
525
240
806
96
221
26
865
455
604
7
803
125
988
440
368
85
371
234
248
796
407
380
993
106
728
294
967
31
992
305
609
332
492
47
397
749
568
722
606
27
569
715
242
966
876
698
487
258
949
157
713
817
223
825
475
427
347
456
635
922
630
194
559
233
-1
EOF
