NAME : sim251.155368.tour
COMMENT : Length = 155368
COMMENT : Found by LKH [Keld Helsgaun] Wed Aug 29 09:42:36 2018
TYPE : TOUR
DIMENSION : 251
TOUR_SECTION
1
47
130
33
56
241
31
41
114
236
166
40
94
248
99
34
203
154
82
190
177
68
201
219
117
50
64
95
223
155
234
173
216
17
10
16
195
178
243
170
14
38
32
111
77
171
104
92
188
213
207
85
118
15
161
202
200
157
22
194
112
27
60
101
81
151
43
146
160
212
187
66
3
250
90
45
168
172
218
119
37
115
48
24
108
105
126
162
63
153
120
59
193
169
180
165
69
242
239
198
121
226
124
152
9
175
83
137
97
224
199
11
181
102
78
222
237
106
46
70
131
57
39
54
80
149
159
93
247
176
205
228
36
49
128
244
107
62
235
28
109
191
206
87
30
221
148
25
18
233
123
133
164
230
35
74
20
67
98
116
167
197
138
84
209
189
29
2
73
182
196
232
8
246
129
4
23
156
183
42
89
143
26
220
79
192
132
240
12
52
103
179
245
144
229
6
227
136
72
21
140
51
5
19
147
185
7
100
184
208
249
141
86
142
55
91
186
71
210
122
75
125
44
96
113
225
135
217
65
251
163
13
214
158
215
110
204
238
53
76
174
61
58
127
145
150
134
231
139
88
211
-1
EOF
