NAME : sim501.217768.tour
COMMENT : Length = 217768
COMMENT : Found by LKH [Keld Helsgaun] Mon Sep 10 20:35:59 2018
TYPE : TOUR
DIMENSION : 501
TOUR_SECTION
1
26
415
391
196
186
314
249
389
140
463
294
91
394
405
316
30
138
277
183
480
319
369
421
320
313
318
410
182
349
164
345
308
46
66
97
408
406
162
432
213
295
347
10
174
384
437
354
31
322
41
234
229
459
212
141
425
18
485
216
119
204
133
130
76
300
473
247
198
61
331
157
38
343
236
211
325
50
255
368
28
74
89
11
32
23
123
34
176
333
356
450
177
73
144
490
387
302
278
179
339
413
3
19
390
326
226
146
224
422
269
280
414
240
75
444
476
377
220
65
96
147
495
371
104
467
288
363
501
392
112
127
225
334
70
232
115
175
83
452
445
279
228
110
398
194
332
259
25
451
378
80
58
192
209
84
456
114
327
242
274
383
431
201
397
128
20
120
42
143
474
428
54
482
426
131
329
52
145
468
109
442
388
47
372
60
401
219
153
185
160
129
268
210
470
404
483
321
284
271
289
298
436
290
424
466
458
489
241
315
262
246
439
62
341
24
493
122
94
287
423
419
285
497
402
21
357
135
270
438
2
283
78
205
296
90
309
465
353
202
79
351
385
461
373
443
487
165
126
72
48
197
237
498
469
132
257
63
435
161
265
9
29
200
233
440
106
27
281
486
223
53
299
111
374
14
393
100
178
355
208
244
116
282
275
253
152
230
108
362
449
93
8
248
245
464
382
403
430
231
429
121
400
416
346
434
199
214
67
499
163
447
258
85
172
142
261
335
492
189
350
148
68
297
301
457
250
92
324
462
305
488
99
134
375
427
359
479
113
203
481
471
454
254
150
411
171
13
169
367
5
477
417
472
217
195
215
12
180
36
154
51
364
181
238
49
188
17
15
448
168
43
221
370
348
251
420
484
386
395
380
276
71
139
330
222
239
286
441
117
166
86
310
273
136
82
107
303
101
64
291
87
190
4
35
266
352
409
44
323
184
103
218
69
193
317
336
149
418
264
243
98
293
292
491
496
151
267
455
307
344
381
39
312
167
366
407
137
156
306
272
227
311
124
433
6
159
446
7
396
337
500
173
59
55
360
453
460
412
379
22
207
475
365
37
342
118
56
399
187
191
494
155
45
57
263
256
125
16
81
338
170
235
88
77
95
158
252
260
361
206
33
340
40
105
358
304
328
376
478
102
-1
EOF
