NAME : sim501.215852.tour
COMMENT : Length = 215852
COMMENT : Found by LKH [Keld Helsgaun] Mon Sep 10 23:09:46 2018
TYPE : TOUR
DIMENSION : 501
TOUR_SECTION
1
122
457
435
209
160
327
454
372
343
383
5
467
324
44
450
200
57
162
489
108
28
103
155
318
128
338
34
23
295
95
259
237
344
59
240
111
491
392
42
102
199
369
339
257
50
425
226
142
493
211
382
477
83
187
105
19
52
443
255
415
115
163
456
466
12
417
342
363
249
292
38
422
281
254
48
58
147
480
175
88
239
144
472
483
185
364
461
272
444
484
362
135
446
365
71
210
36
286
101
357
72
164
404
223
488
45
269
191
482
428
68
423
170
49
150
494
469
437
203
280
296
479
233
110
496
231
172
329
408
366
287
133
107
86
14
234
452
167
171
204
222
76
300
258
106
400
260
100
116
448
114
75
288
173
176
215
485
161
174
188
146
474
352
310
308
418
268
371
424
245
351
486
2
125
411
333
193
398
463
22
132
267
189
241
378
41
301
273
497
478
421
182
495
221
242
438
492
348
275
156
82
285
384
251
307
403
149
64
294
470
359
389
430
62
177
311
381
322
24
32
397
315
120
278
31
126
335
500
337
158
40
80
77
54
168
37
201
229
218
230
4
379
265
18
213
55
152
498
358
117
236
442
186
21
85
360
202
56
341
447
473
113
380
431
409
39
96
319
63
413
445
220
74
317
476
340
368
118
316
33
6
30
399
449
159
157
227
246
350
121
499
109
124
353
313
134
207
166
248
391
405
298
13
289
65
216
253
238
219
70
11
406
347
179
7
321
427
250
194
140
356
217
206
412
459
91
345
127
328
51
374
270
145
355
104
410
458
436
263
46
393
432
192
27
183
290
487
262
336
87
303
154
180
190
8
396
354
141
373
25
453
138
178
420
261
60
123
66
256
388
346
441
93
302
390
16
385
394
402
79
130
247
165
349
153
367
9
274
69
61
26
465
330
243
282
386
17
151
490
471
228
320
297
395
279
129
331
195
208
119
426
276
464
407
43
205
334
419
314
501
131
439
143
455
377
414
20
99
15
451
304
370
198
212
325
433
232
47
139
305
271
148
3
53
387
73
462
112
81
136
225
283
181
266
481
376
224
277
429
460
137
323
98
10
235
196
184
332
361
264
244
284
90
475
299
252
291
326
306
94
97
440
309
169
78
84
29
468
67
375
434
197
92
89
293
214
312
35
416
401
-1
EOF
