NAME : sim251.155758.tour
COMMENT : Length = 155758
COMMENT : Found by LKH [Keld Helsgaun] Tue Sep 11 17:32:59 2018
TYPE : TOUR
DIMENSION : 251
TOUR_SECTION
1
37
95
94
241
236
22
162
12
250
216
220
131
42
147
44
45
146
69
225
76
120
242
5
83
249
166
210
168
15
32
31
33
19
21
201
169
127
198
104
165
57
190
96
212
159
58
100
59
189
214
240
71
64
87
29
182
110
8
215
136
181
51
119
54
128
172
152
196
23
187
213
125
97
20
121
145
153
50
126
82
118
247
243
231
157
199
81
139
6
40
141
79
24
112
55
38
239
193
238
10
116
78
184
49
223
27
36
226
109
148
208
85
179
53
177
178
99
70
105
47
229
41
18
117
115
245
171
26
191
248
221
60
101
102
4
86
161
90
202
228
98
133
88
227
219
180
52
237
129
46
43
174
234
156
163
103
203
13
106
209
204
140
143
56
28
142
84
108
197
195
3
150
72
244
75
89
205
77
230
113
48
217
151
235
207
62
144
25
123
194
206
188
160
132
137
73
170
211
30
68
16
91
186
158
14
9
167
124
138
155
164
7
122
63
74
222
251
218
233
65
192
35
66
93
80
185
34
92
232
176
154
224
111
39
67
107
114
130
61
135
17
200
11
134
173
2
149
183
246
175
-1
EOF
