NAME : sim501.218645.tour
COMMENT : Length = 218645
COMMENT : Found by LKH [Keld Helsgaun] Mon Sep 10 23:10:45 2018
TYPE : TOUR
DIMENSION : 501
TOUR_SECTION
1
102
268
330
213
13
246
323
463
224
384
233
208
316
471
286
115
170
467
374
281
324
152
91
429
25
106
24
75
83
178
435
141
180
202
496
306
55
448
3
69
461
205
265
317
290
396
142
499
63
57
311
421
394
287
100
35
337
237
474
487
138
270
12
319
206
137
219
438
113
191
366
329
248
473
321
234
486
105
19
301
33
426
22
71
419
101
98
168
276
275
288
356
267
243
380
257
54
189
79
218
263
46
427
87
295
371
359
167
280
253
225
256
462
210
414
400
200
424
21
344
425
451
166
119
67
470
80
61
77
423
32
480
437
173
70
298
65
196
296
82
488
110
382
302
244
489
240
74
184
393
126
5
36
132
278
495
43
300
188
266
342
183
239
347
385
304
227
328
282
331
161
338
445
230
99
231
228
297
271
389
401
370
264
122
443
85
422
146
312
15
112
10
332
66
242
358
139
335
193
245
325
190
377
172
116
251
109
127
477
20
420
466
68
375
81
450
6
23
431
388
360
154
362
157
185
28
334
235
346
294
261
440
153
272
88
262
485
159
51
391
249
38
364
491
494
386
143
357
125
413
403
320
214
310
174
199
369
299
148
73
135
187
452
259
498
492
255
254
497
412
390
226
48
361
162
114
72
416
108
274
307
40
258
195
501
176
460
455
395
134
171
415
26
89
349
348
136
90
118
482
192
481
129
236
289
363
441
408
250
478
464
151
145
368
472
128
484
156
62
475
260
34
340
27
313
447
432
372
131
16
283
207
277
204
107
446
175
376
18
121
149
97
53
94
117
212
303
417
354
285
284
95
209
459
165
31
120
60
42
449
14
483
232
7
345
315
50
84
158
292
49
124
39
103
500
211
339
41
392
407
402
155
56
252
404
387
381
410
222
479
273
247
144
318
457
399
406
352
123
37
428
29
9
194
291
179
111
76
4
92
353
181
405
418
373
86
220
367
365
351
439
30
468
241
322
2
238
434
433
309
379
45
130
442
430
93
305
409
350
198
147
44
177
343
327
355
201
17
493
314
444
436
96
160
216
221
164
398
52
163
454
229
293
217
333
186
58
476
150
8
465
203
64
215
308
223
490
378
453
197
341
182
140
397
279
456
469
458
78
326
169
411
104
383
47
269
11
133
59
336
-1
EOF
