NAME : sim501.218827.tour
COMMENT : Length = 218827
COMMENT : Found by LKH [Keld Helsgaun] Mon Sep 10 23:49:20 2018
TYPE : TOUR
DIMENSION : 501
TOUR_SECTION
1
56
323
482
188
439
383
244
174
370
394
386
166
273
275
488
130
43
451
499
149
331
349
269
456
377
277
347
295
252
125
345
169
164
248
243
239
385
13
359
161
182
337
365
374
219
397
190
102
412
150
71
151
343
418
361
118
401
77
351
159
98
88
58
95
129
294
466
441
378
382
223
234
137
262
393
87
320
256
327
14
93
392
332
369
103
113
12
464
7
17
155
184
433
257
91
21
353
203
37
423
213
481
399
228
210
261
16
360
215
436
314
334
276
44
176
197
290
18
60
333
326
57
479
410
366
313
421
27
454
212
468
9
99
387
413
263
180
131
224
96
201
280
379
453
408
443
236
31
126
233
317
160
462
132
207
422
325
225
475
312
286
104
179
178
362
41
250
311
356
271
242
457
25
53
381
70
54
354
400
390
119
291
355
6
328
240
209
111
55
121
373
281
282
447
89
442
304
101
254
128
357
231
170
301
109
336
139
364
196
417
136
440
260
65
183
157
74
23
497
189
419
368
2
49
501
171
437
165
238
299
108
237
316
47
459
86
253
264
69
307
465
142
24
375
411
63
79
82
211
206
420
384
216
199
431
288
59
489
11
8
289
293
407
494
305
133
122
367
461
62
471
302
110
141
105
153
42
403
495
114
152
80
486
138
135
285
476
4
134
335
492
450
455
232
321
146
406
429
298
306
204
424
29
85
200
50
45
363
222
247
380
283
163
144
500
19
246
473
78
389
255
404
484
414
330
249
30
5
76
3
92
251
329
123
148
322
67
221
194
267
39
75
81
64
426
430
409
61
202
181
483
396
26
90
279
73
68
287
469
470
467
463
270
192
266
340
235
187
493
265
341
477
458
444
405
372
309
352
66
358
428
491
259
241
448
427
38
168
205
193
46
416
434
438
391
97
303
308
145
274
296
51
72
297
94
218
342
496
445
229
32
478
127
268
124
230
156
452
460
112
28
315
100
175
120
324
485
83
388
48
107
278
40
214
472
226
115
185
35
498
344
167
195
220
162
415
106
15
147
398
22
245
140
208
487
33
338
10
319
20
158
36
480
402
300
425
34
272
435
446
116
371
318
432
186
346
117
449
284
310
198
154
474
172
292
339
348
227
143
191
376
395
177
490
52
350
173
217
84
258
-1
EOF
