NAME : sim251.154958.tour
COMMENT : Length = 154958
COMMENT : Found by LKH [Keld Helsgaun] Tue Sep 11 17:02:49 2018
TYPE : TOUR
DIMENSION : 251
TOUR_SECTION
1
32
104
26
113
98
234
149
228
3
196
157
200
13
42
146
24
53
156
184
51
79
72
95
162
139
46
80
48
87
125
25
133
23
21
88
82
191
108
163
190
54
221
49
227
14
138
58
6
111
128
16
124
193
236
137
144
64
134
97
238
143
230
169
31
232
107
28
145
207
89
152
195
176
147
226
209
179
129
178
73
81
168
30
181
153
33
106
102
222
15
216
189
52
20
78
83
62
126
37
35
118
71
250
186
86
164
141
99
57
175
247
34
154
131
70
90
206
91
151
123
11
246
85
61
198
2
12
245
114
96
56
8
18
75
4
159
233
116
203
9
132
231
136
19
84
66
211
155
130
229
235
160
115
101
76
117
161
36
241
120
204
225
170
244
187
65
171
50
217
167
173
177
174
45
202
165
150
22
47
105
215
94
29
68
142
166
239
201
242
112
180
63
220
39
249
197
27
59
100
188
127
240
10
183
243
92
219
55
172
210
205
74
218
223
41
17
69
110
60
121
213
122
248
67
194
224
7
93
38
214
158
199
192
109
44
185
40
251
43
135
208
212
140
182
103
5
148
77
119
237
-1
EOF
