NAME : sim251.155465.tour
COMMENT : Length = 155465
COMMENT : Found by LKH [Keld Helsgaun] Tue Sep 11 17:07:31 2018
TYPE : TOUR
DIMENSION : 251
TOUR_SECTION
1
8
74
102
124
91
12
123
192
201
23
231
103
59
34
119
30
93
222
18
61
29
10
165
78
134
50
223
47
183
112
144
67
35
211
7
100
250
200
49
202
116
53
237
87
218
84
172
174
230
176
131
83
158
46
86
197
28
113
65
63
209
85
248
147
198
37
33
169
242
239
137
219
191
178
101
5
89
238
66
81
72
77
111
217
225
117
95
17
247
143
132
109
14
216
160
75
226
212
20
36
236
130
115
54
90
243
251
206
57
190
175
151
163
166
45
39
168
142
118
146
80
94
177
244
76
245
79
41
155
241
105
135
64
205
141
114
148
25
173
4
161
6
228
104
215
43
233
99
51
97
184
189
159
73
3
193
106
214
149
229
108
9
24
156
213
62
82
234
27
180
221
31
11
167
69
235
70
145
120
32
187
133
171
21
196
203
227
199
127
121
2
153
15
207
22
60
154
140
152
224
232
181
40
56
129
55
107
170
92
208
204
249
194
71
240
42
19
138
220
125
16
195
150
139
188
98
164
162
13
26
185
68
179
126
182
96
246
110
58
128
136
48
122
88
44
186
52
38
210
157
-1
EOF
