NAME : sim161.124085.tour
COMMENT : Length = 124085
COMMENT : Found by LKH [Keld Helsgaun] Mon Sep 17 07:01:18 2018
TYPE : TOUR
DIMENSION : 161
TOUR_SECTION
1
39
115
58
57
155
139
103
38
92
152
96
59
123
110
100
126
130
2
80
145
105
44
28
142
7
151
144
29
85
9
108
71
51
69
101
114
20
134
147
19
140
60
118
116
128
95
22
143
26
27
135
31
117
10
16
91
157
121
122
149
158
17
99
136
50
81
148
54
94
70
14
30
79
141
18
127
102
109
48
125
89
124
161
25
159
37
67
106
41
153
129
33
84
13
97
53
137
45
107
83
21
42
154
90
64
146
120
66
119
86
61
56
52
74
111
32
40
3
49
73
15
88
55
160
34
131
63
98
76
36
4
112
77
93
132
72
62
24
65
104
68
23
5
47
113
82
35
46
156
8
78
12
75
87
11
133
6
43
138
150
-1
EOF
