NAME : sim251.159155.tour
COMMENT : Length = 159155
COMMENT : Found by LKH [Keld Helsgaun] Tue Sep 11 17:27:14 2018
TYPE : TOUR
DIMENSION : 251
TOUR_SECTION
1
8
172
148
239
95
188
98
74
64
219
40
223
157
231
103
93
52
84
88
177
159
128
122
100
211
173
30
42
43
245
14
168
55
236
125
117
33
121
127
203
161
22
68
101
90
61
195
110
28
136
78
197
29
106
246
228
26
174
227
104
210
25
19
151
72
240
166
112
233
186
218
251
242
62
182
143
156
133
150
232
119
139
49
204
181
126
216
73
56
96
196
155
129
35
212
244
132
76
124
164
193
83
50
11
58
34
57
47
184
12
192
46
140
248
224
69
85
71
109
215
153
137
146
75
158
81
169
247
82
130
77
229
217
113
187
80
194
63
3
205
116
108
9
200
66
165
234
67
141
18
44
89
54
60
123
220
185
235
2
105
41
221
23
171
36
207
162
145
115
198
250
70
99
94
190
138
241
208
27
213
131
59
176
102
86
97
17
107
10
51
114
37
135
6
226
144
202
214
237
24
149
79
238
243
38
48
120
118
180
201
65
152
16
32
111
21
5
199
45
163
167
179
191
170
142
15
147
91
13
20
249
4
31
189
154
134
222
87
53
178
206
39
230
7
92
160
175
183
225
209
-1
EOF
