NAME : sim161.127994.tour
COMMENT : Length = 127994
COMMENT : Found by LKH [Keld Helsgaun] Sat Sep 15 05:07:48 2018
TYPE : TOUR
DIMENSION : 161
TOUR_SECTION
1
26
71
134
31
136
53
72
85
143
36
156
50
12
129
59
114
160
159
2
56
141
17
75
15
9
30
44
151
137
45
110
116
145
21
84
119
58
61
73
154
3
102
78
103
81
88
125
148
24
23
138
108
109
111
33
161
131
48
51
27
150
77
153
19
54
14
68
67
60
130
65
7
94
157
158
63
100
38
132
6
29
55
121
149
13
39
105
87
124
35
11
79
8
10
4
142
140
86
52
117
152
82
155
96
25
62
126
28
127
107
22
32
115
41
49
112
133
16
98
144
18
92
57
97
83
90
20
99
74
123
104
89
101
118
139
120
43
147
47
91
93
64
113
95
37
69
122
80
128
34
5
46
135
40
66
76
42
106
70
146
-1
EOF
