NAME : sim251.158669.tour
COMMENT : Length = 158669
COMMENT : Found by LKH [Keld Helsgaun] Tue Sep 11 17:47:18 2018
TYPE : TOUR
DIMENSION : 251
TOUR_SECTION
1
76
242
228
167
212
246
72
223
109
234
63
127
166
214
174
205
204
121
136
180
133
165
101
91
227
206
33
156
198
56
248
185
191
240
104
79
181
144
62
226
221
27
46
245
16
8
54
211
53
171
129
139
37
161
150
19
229
35
132
145
153
40
187
208
78
2
13
39
193
249
67
55
158
112
6
207
32
115
30
215
7
189
169
233
114
48
10
125
178
238
73
134
105
117
131
230
83
95
235
138
209
157
41
98
163
68
12
65
70
60
199
162
74
194
164
176
82
147
151
183
218
120
25
100
119
188
124
225
21
49
244
190
81
57
213
219
236
64
85
241
152
96
102
113
99
88
90
84
197
160
159
154
111
61
4
103
29
192
137
71
118
45
170
200
110
43
51
14
126
142
203
140
175
36
196
108
123
69
24
94
86
107
135
173
17
93
3
116
172
77
52
9
92
11
186
250
148
224
58
237
216
202
20
184
222
231
149
34
251
89
122
247
179
168
22
47
18
31
141
26
177
155
130
87
143
66
220
217
15
23
80
75
97
38
201
210
5
106
128
239
42
232
28
44
243
50
195
59
182
146
-1
EOF
