NAME : sim501.219575.tour
COMMENT : Length = 219575
COMMENT : Found by LKH [Keld Helsgaun] Mon Sep 10 20:46:22 2018
TYPE : TOUR
DIMENSION : 501
TOUR_SECTION
1
57
387
141
92
357
204
359
26
287
295
293
389
19
191
150
394
411
488
264
400
76
187
15
347
163
216
497
341
121
449
391
409
475
466
82
192
207
130
462
303
260
304
375
452
288
50
426
81
201
266
54
499
427
461
311
245
298
494
418
404
228
363
422
362
176
68
294
31
124
464
189
315
380
485
240
323
93
261
244
307
137
61
255
62
480
234
177
439
232
74
296
13
209
142
119
354
413
112
198
89
459
337
361
277
33
301
64
125
399
222
370
386
412
275
203
383
451
345
373
180
123
381
388
273
90
274
38
318
272
4
276
351
22
196
67
168
428
470
331
80
218
100
445
44
202
215
120
437
200
429
69
256
78
108
156
211
408
169
416
243
313
53
423
83
489
101
171
474
410
332
205
72
280
309
441
151
316
308
122
500
498
335
290
17
379
496
63
239
324
116
393
368
128
158
77
319
396
402
321
170
30
173
360
43
159
242
334
353
21
6
23
118
250
183
42
364
285
267
107
133
447
453
263
491
259
366
212
153
161
258
442
247
329
152
436
84
415
463
214
79
278
111
10
2
382
60
9
299
465
305
35
138
20
193
221
476
490
492
282
302
45
208
376
424
40
403
230
227
438
127
279
110
27
493
225
468
148
146
59
197
419
231
181
165
96
99
291
487
129
41
457
369
178
433
58
297
406
134
430
164
16
241
233
455
284
162
34
348
113
94
414
188
115
98
172
340
367
471
18
48
450
66
405
469
434
210
372
220
265
432
185
330
395
95
385
160
75
55
126
186
166
11
356
51
440
14
339
147
8
12
199
377
270
219
456
371
306
481
70
484
223
352
195
131
271
344
87
249
392
85
479
292
217
417
333
390
88
268
251
336
444
155
102
140
226
350
401
47
317
52
91
104
184
310
71
257
145
421
179
25
65
467
73
24
143
431
343
283
320
248
446
472
29
190
114
37
398
144
86
473
3
157
235
501
384
443
229
420
97
328
254
289
349
49
425
106
460
236
458
139
355
322
246
378
486
435
338
262
135
56
132
325
5
482
194
327
39
454
105
136
281
477
397
36
300
483
46
342
374
167
175
103
149
238
358
252
312
286
237
478
32
346
224
407
365
448
206
269
117
154
182
495
28
213
109
7
253
314
326
174
-1
EOF
