NAME : sim321.173605.tour
COMMENT : Length = 173605
COMMENT : Found by LKH [Keld Helsgaun] Tue Sep 18 01:33:09 2018
TYPE : TOUR
DIMENSION : 321
TOUR_SECTION
1
124
221
201
189
283
240
286
28
304
310
191
229
176
20
297
223
258
155
12
179
57
44
315
128
56
267
19
307
256
74
230
58
321
115
110
81
101
175
141
301
82
287
112
238
129
309
104
281
208
91
262
127
222
316
152
172
51
224
233
227
167
2
135
226
34
194
206
140
260
150
21
291
168
254
40
117
314
266
132
111
97
105
271
142
234
143
183
212
65
171
225
255
116
257
269
154
200
158
70
239
157
313
162
133
280
285
53
27
220
184
242
76
88
182
123
178
165
16
83
47
306
245
71
177
95
231
298
61
275
261
319
251
207
68
100
41
153
186
126
144
38
282
18
156
163
160
59
173
29
148
241
37
90
75
318
134
274
107
26
9
149
217
259
294
244
77
290
73
14
268
317
108
293
305
174
80
109
246
4
151
228
243
296
270
295
187
118
11
23
32
137
277
312
120
17
181
30
203
24
232
86
66
89
188
202
146
36
249
216
292
299
119
98
8
52
131
114
72
48
122
31
6
215
250
3
288
272
25
78
219
50
106
263
103
276
289
46
84
102
79
45
147
180
264
320
214
204
99
199
247
198
87
159
94
195
92
253
210
190
113
60
42
43
69
33
278
166
85
130
236
170
300
213
49
218
39
302
67
185
35
125
196
284
64
96
138
235
205
161
121
136
5
197
192
63
265
308
273
248
279
193
209
139
55
164
62
211
13
10
311
7
15
22
93
237
303
145
252
54
169
-1
EOF
