NAME : sim1001.307955.tour
COMMENT : Length = 307955
COMMENT : Found by LKH [Keld Helsgaun] Tue Sep 11 07:57:45 2018
TYPE : TOUR
DIMENSION : 1001
TOUR_SECTION
1
325
100
855
785
547
733
199
760
644
154
755
293
620
454
17
652
174
489
446
937
292
308
172
397
685
705
582
266
407
21
995
570
732
414
34
480
938
58
623
437
645
802
73
722
120
460
88
130
790
483
175
463
428
220
837
751
540
386
147
731
152
304
788
61
421
456
601
703
503
366
387
183
409
922
764
367
752
712
138
955
743
244
230
507
155
672
832
233
48
616
118
660
399
840
746
378
962
971
580
277
134
373
798
71
719
341
42
567
737
928
635
787
97
355
316
423
571
473
565
589
830
870
393
481
954
849
772
371
991
579
613
452
133
224
882
572
533
789
239
807
310
256
829
907
891
324
551
40
659
708
344
429
242
941
185
472
808
987
404
526
599
415
365
103
424
462
506
754
662
9
474
904
856
810
275
609
322
581
857
24
443
665
26
682
81
301
573
440
280
487
735
92
608
653
983
676
534
438
831
783
836
759
467
85
514
364
176
235
894
594
992
303
901
940
282
202
779
169
241
978
430
965
445
225
792
402
425
442
123
60
226
898
281
337
412
619
658
761
486
979
822
276
197
985
5
726
102
626
377
376
750
396
338
990
334
699
897
876
326
819
16
427
285
614
843
411
666
881
227
562
389
267
756
885
578
10
805
116
692
784
806
932
420
143
104
851
345
833
638
931
517
469
284
982
315
740
527
520
988
950
374
297
518
273
576
508
31
558
243
878
943
696
57
177
917
674
179
595
964
555
896
929
441
973
820
721
142
335
549
465
524
380
853
687
895
948
283
632
223
353
426
168
670
302
287
289
171
89
869
844
161
835
253
809
695
650
150
574
817
706
311
359
279
925
403
825
621
643
193
132
431
668
491
148
861
19
23
106
362
15
947
203
800
647
200
812
74
87
228
873
157
351
568
656
960
630
637
624
691
564
939
550
791
903
930
382
980
629
136
38
288
560
158
165
974
12
8
342
859
525
515
262
180
521
776
368
348
664
724
813
250
968
234
933
189
195
187
868
505
357
774
842
821
762
198
967
7
333
924
238
101
610
528
872
278
352
439
381
129
307
888
65
641
566
76
953
561
797
782
532
93
248
839
918
680
824
121
96
217
125
510
212
286
336
358
794
502
796
32
64
961
911
998
298
823
949
804
678
730
875
742
593
546
543
458
529
569
444
852
768
697
738
204
218
636
669
984
557
111
451
413
331
863
249
479
677
28
91
956
119
959
146
850
385
767
369
946
4
11
78
208
600
62
781
552
84
591
681
923
309
884
478
433
827
153
122
192
51
747
69
258
667
890
391
340
604
531
131
67
997
598
260
82
951
513
905
834
231
45
450
866
501
900
237
765
736
694
838
864
654
874
494
435
259
173
994
255
958
689
512
160
418
709
511
729
271
477
328
634
343
698
575
976
72
916
170
379
780
196
181
194
229
920
470
294
191
713
141
972
673
684
299
927
188
942
300
936
370
912
383
683
18
504
811
717
554
216
30
254
651
109
693
530
178
14
46
714
50
757
350
347
349
497
164
360
913
461
499
77
361
935
926
542
496
59
246
209
963
95
113
966
139
584
498
769
99
236
398
605
135
54
432
919
140
611
261
559
375
778
6
392
893
679
612
320
590
847
384
704
264
257
434
686
841
80
519
846
330
801
251
986
163
622
945
222
270
716
858
814
700
655
56
372
906
975
25
3
41
363
818
2
410
701
545
232
108
770
944
648
213
625
182
745
356
538
690
758
845
734
793
618
902
313
263
826
715
865
548
957
214
577
110
989
969
215
909
725
447
290
871
981
245
642
22
723
49
66
795
492
602
553
727
27
587
416
563
586
952
763
317
627
295
455
633
459
854
661
671
631
899
771
329
471
319
240
47
603
145
877
417
339
453
970
37
124
53
649
867
211
753
98
615
617
482
156
206
448
921
908
184
523
306
265
390
201
186
405
314
588
500
889
149
585
327
162
83
321
332
786
114
999
848
400
406
799
739
75
777
269
749
475
688
291
775
711
816
1000
493
219
522
977
718
52
268
639
395
36
1001
354
544
86
296
312
880
115
828
70
33
128
346
207
272
535
484
476
485
221
879
436
466
596
592
663
516
167
815
914
457
675
127
55
166
408
79
583
766
728
541
112
63
646
509
318
934
210
44
886
151
107
744
29
539
422
556
910
137
993
449
90
126
887
68
710
720
537
305
159
205
702
892
274
862
105
464
536
388
628
419
252
190
394
597
35
640
996
803
860
773
606
401
247
657
39
43
883
748
13
490
144
488
323
707
607
94
117
741
20
495
468
915
-1
EOF
