NAME : sim321.176613.tour
COMMENT : Length = 176613
COMMENT : Found by LKH [Keld Helsgaun] Sun Sep 16 07:37:42 2018
TYPE : TOUR
DIMENSION : 321
TOUR_SECTION
1
36
114
196
20
131
197
280
133
255
73
201
2
221
110
179
222
198
285
251
3
227
54
105
214
164
275
11
217
39
263
115
86
48
182
153
99
219
282
238
60
274
310
308
41
287
84
138
132
46
77
19
188
290
90
292
237
24
116
316
144
160
120
190
143
224
276
247
128
82
111
78
91
25
236
294
159
239
104
52
230
75
177
246
72
286
192
295
297
63
252
267
306
249
106
140
244
284
50
194
71
64
124
273
300
231
209
26
107
134
174
186
145
157
108
181
32
6
266
16
165
281
67
304
80
55
85
76
278
279
315
307
47
66
240
112
5
69
291
321
163
226
4
33
81
248
13
59
283
264
195
211
254
9
125
103
229
242
317
21
56
299
184
203
235
136
314
151
31
173
93
206
158
148
23
189
68
97
168
204
268
261
277
253
258
102
313
35
135
139
207
241
61
142
79
161
42
245
319
269
302
14
87
187
129
101
178
130
180
218
265
271
155
212
215
293
154
7
296
309
288
40
8
257
175
205
123
147
28
191
44
250
183
70
303
12
37
172
22
298
318
171
200
62
98
156
83
167
38
53
29
228
210
176
65
223
43
51
57
320
95
149
113
270
208
312
34
225
289
30
109
122
202
232
126
311
213
10
18
15
74
100
146
119
117
27
169
216
17
301
193
199
260
49
170
185
233
121
220
256
96
305
234
94
262
166
137
127
141
92
243
118
58
272
89
152
45
162
150
259
88
-1
EOF
