NAME : sim501.213429.tour
COMMENT : Length = 213429
COMMENT : Found by LKH [Keld Helsgaun] Mon Sep 10 23:19:31 2018
TYPE : TOUR
DIMENSION : 501
TOUR_SECTION
1
28
399
52
470
173
82
262
207
200
390
333
263
383
444
60
74
279
449
418
359
247
456
434
465
374
22
56
259
445
291
17
182
211
322
440
50
387
78
391
447
323
35
81
472
294
351
455
163
469
419
320
498
253
463
134
102
67
40
325
54
148
100
229
468
68
423
167
184
62
144
149
235
101
395
131
91
192
459
190
302
39
288
47
317
97
37
335
334
484
318
428
394
268
327
174
271
114
486
360
458
493
83
18
290
4
25
476
241
115
406
491
393
168
7
439
138
143
223
103
451
298
353
153
126
369
111
232
179
243
252
273
426
368
225
492
219
70
107
152
497
357
338
319
280
15
267
113
216
130
142
475
287
210
336
256
5
441
108
140
296
36
278
311
222
181
488
402
120
275
177
137
61
230
299
398
270
304
116
217
11
231
381
178
155
128
75
371
156
315
277
389
206
405
396
145
164
165
201
86
345
316
482
9
129
414
89
158
427
203
305
199
462
384
308
76
64
48
109
431
122
69
24
169
198
250
112
309
236
84
347
436
193
446
358
45
186
489
30
166
435
98
283
194
133
496
96
209
33
292
2
265
392
500
432
88
242
159
276
343
21
354
32
340
349
417
57
421
303
269
301
403
196
49
105
457
285
221
141
233
121
85
127
397
59
266
450
10
106
187
16
255
495
214
494
477
31
118
404
307
467
55
331
452
339
314
306
348
425
332
132
251
373
437
485
313
92
413
42
124
295
94
3
208
117
180
480
139
90
473
481
248
95
355
80
490
416
474
501
429
146
363
372
483
328
433
367
34
460
375
388
454
408
99
356
286
366
415
422
65
172
443
466
226
161
321
53
41
430
212
220
43
284
487
176
379
289
119
420
442
123
471
362
401
157
364
51
12
344
27
162
352
400
77
499
150
125
213
272
240
136
254
228
66
324
293
151
154
135
281
424
79
341
410
202
234
258
274
350
171
377
147
189
264
438
183
237
87
412
38
6
376
239
245
448
326
378
382
329
160
170
478
20
215
188
72
370
8
464
195
461
407
260
386
337
46
310
191
93
453
249
104
380
58
312
197
23
73
175
300
409
346
227
365
238
13
71
29
479
185
244
26
110
44
411
63
257
297
204
261
218
361
19
342
330
205
14
224
246
282
385
-1
EOF
