NAME : sim1001.306489.tour
COMMENT : Length = 306489
COMMENT : Found by LKH [Keld Helsgaun] Tue Sep 11 04:05:47 2018
TYPE : TOUR
DIMENSION : 1001
TOUR_SECTION
1
198
282
75
894
450
504
508
296
615
902
123
395
380
314
767
672
916
119
820
636
983
367
234
469
712
387
294
68
816
5
485
321
575
182
27
545
386
300
465
87
800
871
155
993
389
682
333
724
564
222
256
143
79
426
632
183
451
760
710
510
705
46
886
775
425
608
680
332
318
345
497
154
736
284
238
919
720
596
37
311
795
770
718
455
442
2
652
709
134
822
216
649
322
698
835
415
542
213
270
601
189
490
421
375
852
472
174
863
403
286
576
935
245
598
126
780
195
302
912
110
461
521
743
340
655
325
583
89
412
74
646
624
368
127
656
315
264
522
714
151
697
670
719
26
152
335
390
961
369
953
192
662
249
477
878
931
941
893
65
823
806
252
366
459
879
261
435
448
847
755
773
678
441
480
205
688
899
727
913
293
496
382
177
934
492
118
90
989
683
906
864
67
908
125
761
828
157
21
762
312
9
711
290
88
109
219
132
49
537
938
337
693
600
539
768
658
794
815
64
52
285
156
13
97
866
58
849
32
982
263
742
402
148
764
580
353
586
876
836
700
404
356
22
99
419
267
164
223
998
664
361
730
466
254
343
798
210
349
163
514
677
499
975
138
861
824
35
258
214
704
208
796
970
587
984
101
437
363
881
966
968
992
12
787
487
638
694
460
551
452
438
34
482
430
168
370
686
809
449
750
626
605
952
910
131
159
593
865
873
139
797
827
590
56
141
202
641
959
960
130
862
308
253
305
235
72
55
858
792
203
185
676
385
42
176
301
553
434
892
93
690
348
423
645
757
331
748
671
909
891
745
260
424
231
241
747
388
754
82
717
932
928
328
275
831
247
262
232
628
643
50
197
799
900
805
420
161
544
124
703
669
173
41
324
791
112
209
313
500
915
955
351
673
180
766
297
240
888
422
517
408
228
734
218
946
944
634
303
171
585
129
217
84
323
379
990
591
936
518
819
987
170
701
558
360
613
783
733
371
121
307
606
194
227
617
612
86
597
53
756
708
554
280
661
355
453
298
599
414
721
29
4
100
627
769
557
327
867
633
763
445
996
930
463
784
962
346
377
289
956
814
233
985
653
689
723
929
625
479
533
997
468
713
57
470
494
54
107
242
392
199
206
660
665
573
396
526
789
14
116
974
85
692
668
381
589
47
675
292
248
588
515
981
555
6
493
188
431
529
18
971
897
549
572
991
133
729
229
691
462
556
444
220
550
857
898
105
407
749
62
207
821
622
837
456
230
543
642
937
546
785
464
342
279
436
731
428
443
80
751
269
160
454
73
310
59
149
417
868
706
534
19
179
283
512
330
391
538
427
433
685
707
507
24
30
201
243
967
735
146
374
925
790
958
969
103
880
609
744
354
44
528
602
287
976
779
23
818
994
106
663
574
191
737
527
594
190
142
102
604
193
271
272
547
896
812
277
884
644
856
519
122
563
33
61
1000
48
475
637
352
398
111
702
722
506
178
979
329
943
776
696
777
728
162
774
45
471
458
516
70
889
145
409
83
531
158
887
406
15
620
115
265
172
845
394
200
362
614
255
860
244
950
10
885
947
505
153
457
954
977
221
184
378
654
781
137
659
725
945
413
251
631
907
951
986
320
432
511
740
416
495
365
43
147
165
834
607
570
726
273
650
359
484
801
667
288
384
503
372
942
541
922
923
571
397
949
582
807
339
920
948
853
918
236
31
376
108
811
833
963
813
11
69
211
562
117
869
536
924
716
905
181
489
525
921
874
786
603
405
647
473
204
523
401
113
357
838
699
870
76
491
488
681
803
854
51
568
175
957
877
186
846
988
319
20
259
679
224
973
187
239
304
540
498
560
882
782
530
579
788
829
759
278
674
467
883
595
621
901
350
577
616
344
753
114
618
16
739
338
842
630
566
25
927
91
439
336
851
276
399
548
911
561
144
848
592
486
96
939
611
825
804
281
40
610
237
715
440
903
532
317
746
872
840
826
92
78
60
771
980
474
772
520
36
666
830
651
581
859
334
225
765
501
914
63
309
687
266
999
793
196
741
136
875
268
7
3
411
738
347
400
274
373
98
341
841
295
513
28
299
904
446
559
895
917
95
39
648
316
695
926
629
817
166
509
364
250
635
535
684
66
71
212
140
832
478
502
226
752
844
995
843
246
393
524
933
8
135
483
447
839
890
38
150
17
167
552
639
128
565
410
778
120
978
1001
640
77
104
215
964
850
291
567
326
81
584
358
623
657
619
802
257
569
940
965
855
732
481
94
476
429
810
578
758
418
383
972
169
306
808
-1
EOF
