NAME : sim501.219035.tour
COMMENT : Length = 219035
COMMENT : Found by LKH [Keld Helsgaun] Mon Sep 10 23:04:12 2018
TYPE : TOUR
DIMENSION : 501
TOUR_SECTION
1
148
258
146
280
153
125
458
346
288
272
468
327
117
412
340
259
84
40
471
278
167
32
480
444
149
382
313
199
455
348
133
202
413
433
336
321
437
311
445
355
350
314
230
224
156
140
10
208
131
55
315
38
249
438
379
51
457
247
290
396
195
214
495
197
360
155
228
370
59
296
217
90
253
238
18
76
304
472
111
200
475
366
294
58
485
104
52
3
267
470
295
142
265
329
363
244
494
435
351
83
303
108
384
459
137
373
147
276
48
106
67
478
16
389
356
14
227
427
204
405
501
287
359
164
203
338
273
119
498
210
377
12
383
375
322
120
429
69
361
41
237
453
92
234
353
33
299
367
300
15
215
89
60
488
406
23
223
70
343
36
282
115
481
65
341
169
420
118
331
188
225
178
126
194
37
419
130
87
469
328
57
261
233
492
181
395
82
354
245
129
274
4
302
30
236
207
218
254
124
166
50
499
301
31
271
390
491
251
136
325
78
21
34
391
357
29
489
159
101
284
326
103
250
452
17
447
171
161
374
414
157
476
483
451
201
88
63
462
123
293
364
56
268
376
342
191
54
434
443
387
339
189
410
213
100
417
256
385
110
386
368
96
242
179
43
122
307
74
403
180
422
232
9
66
5
270
72
172
35
80
305
349
182
324
286
45
150
116
425
446
500
306
292
463
240
347
177
439
128
86
2
220
317
460
109
185
27
365
163
20
275
404
393
262
77
39
231
423
170
479
430
418
144
319
260
371
107
175
75
211
44
473
277
42
64
281
132
297
345
263
162
431
219
99
362
394
421
205
484
252
264
25
216
186
330
467
409
160
113
487
312
456
22
381
450
102
291
449
466
398
320
310
454
6
465
333
441
184
380
192
442
98
241
134
401
269
337
114
436
229
212
332
176
416
246
318
464
255
239
440
369
308
323
135
392
190
196
309
61
399
285
152
248
168
344
198
158
477
173
79
95
62
121
151
49
145
154
335
193
490
432
81
482
428
94
352
226
358
26
388
497
46
397
183
400
187
243
378
424
85
222
8
13
68
448
257
206
93
105
408
138
415
486
73
496
316
19
493
141
53
334
174
11
372
143
7
221
402
474
407
71
235
298
91
139
289
112
279
28
165
283
411
24
47
97
426
209
127
461
266
-1
EOF
