NAME : sim501.217036.tour
COMMENT : Length = 217036
COMMENT : Found by LKH [Keld Helsgaun] Mon Sep 10 22:41:29 2018
TYPE : TOUR
DIMENSION : 501
TOUR_SECTION
1
285
393
343
128
115
57
417
260
331
204
209
419
469
423
304
171
147
75
231
67
376
480
20
218
430
252
248
129
24
438
306
412
132
78
41
111
221
373
333
486
461
257
117
26
2
207
182
501
15
336
4
138
114
283
7
369
405
52
162
328
166
72
89
163
433
415
5
367
372
402
296
106
65
109
104
62
21
211
303
454
403
220
292
277
60
73
462
332
388
90
253
378
54
84
464
213
276
335
46
99
365
297
324
485
344
390
234
282
32
86
110
126
338
243
188
392
116
489
334
418
208
6
474
175
51
481
241
270
203
347
125
466
199
499
494
413
261
440
500
196
45
394
205
355
352
58
477
434
238
391
456
348
82
325
421
295
310
311
87
247
471
216
48
176
186
411
491
467
81
101
212
49
152
362
27
410
346
97
202
169
177
475
400
272
476
71
98
351
28
404
427
301
183
143
3
470
19
9
315
160
340
420
42
484
465
447
131
268
273
23
121
307
40
179
123
189
280
64
35
255
11
251
356
444
63
170
445
329
264
497
122
17
249
130
91
428
30
455
214
322
495
431
96
83
151
345
374
187
379
244
105
80
271
61
387
298
337
274
320
13
436
210
14
136
368
127
266
479
77
242
133
194
339
326
38
59
102
156
235
185
377
442
448
181
227
34
107
233
457
323
141
69
195
79
144
482
217
496
66
449
422
119
197
487
350
492
18
353
275
258
425
291
167
193
407
236
76
357
490
424
153
168
302
74
383
453
53
398
8
139
31
309
254
29
317
397
223
432
384
103
459
435
452
284
154
426
463
263
198
279
389
458
157
232
44
145
314
395
385
228
289
408
25
409
371
278
290
224
294
43
12
305
229
370
446
460
180
88
140
192
225
406
288
56
396
308
16
239
381
313
483
172
380
245
161
414
349
93
488
137
10
265
226
201
441
184
358
100
359
148
174
135
363
178
450
342
375
293
70
281
443
146
330
318
259
451
142
473
164
113
256
399
215
190
262
155
120
165
286
173
287
493
361
200
327
150
478
321
360
95
159
222
382
250
472
341
230
240
429
219
439
37
401
39
124
364
437
312
85
158
237
267
50
316
354
22
246
319
366
36
92
149
94
112
108
68
118
33
55
299
386
191
134
498
468
300
269
47
206
416
-1
EOF
