NAME : sim501.212284.tour
COMMENT : Length = 212284
COMMENT : Found by LKH [Keld Helsgaun] Mon Sep 10 22:38:38 2018
TYPE : TOUR
DIMENSION : 501
TOUR_SECTION
1
49
235
160
367
168
270
392
244
136
189
229
274
450
33
153
388
192
435
371
263
256
46
472
314
288
226
437
56
457
358
205
317
5
315
179
500
442
55
337
203
214
234
21
277
344
48
494
79
71
155
257
242
122
329
107
73
417
25
303
57
89
87
118
146
4
138
418
190
152
434
498
385
241
240
475
90
29
429
393
365
262
445
77
238
480
45
349
198
85
350
470
421
406
265
101
280
119
233
287
184
126
258
368
225
64
219
454
295
312
411
271
395
216
98
346
19
143
65
430
313
282
267
37
169
410
492
159
39
150
261
324
304
88
488
319
67
74
99
289
197
332
285
170
307
47
474
323
191
275
53
243
32
50
426
321
448
52
341
251
403
121
144
351
389
66
3
391
41
58
446
254
334
105
117
202
423
70
375
129
260
92
131
111
145
299
359
322
201
185
148
102
223
13
266
268
151
431
72
476
444
249
394
259
104
397
465
363
232
459
293
320
489
36
416
316
68
24
306
183
408
83
443
7
272
283
96
331
378
60
182
281
76
114
84
296
18
137
100
370
42
95
246
28
186
2
455
97
135
495
436
481
490
412
264
482
127
366
381
212
9
253
420
302
456
460
433
305
15
163
255
432
376
440
161
224
175
103
328
177
291
298
181
82
207
357
164
428
134
499
473
132
479
215
300
286
309
156
486
106
209
308
200
123
250
167
284
228
108
172
364
294
327
147
252
69
297
279
501
204
10
54
196
173
78
166
469
187
180
174
193
247
496
485
130
199
31
290
330
62
439
438
386
34
59
347
213
38
149
318
91
362
390
399
301
468
424
195
467
461
354
447
484
414
140
379
402
493
373
208
269
142
345
217
14
427
248
413
115
369
404
220
44
336
415
210
237
20
422
292
165
407
382
405
471
478
94
222
361
194
40
158
178
340
452
273
93
353
401
466
419
63
6
30
458
157
227
116
398
338
483
326
325
231
333
342
343
26
128
383
80
51
188
81
384
61
139
23
387
278
463
487
113
22
464
154
12
125
17
462
230
171
176
449
377
27
311
310
11
441
8
374
110
497
339
355
162
86
218
120
109
409
348
360
356
352
276
43
245
75
425
400
206
35
141
396
451
239
221
335
112
477
380
491
236
453
124
133
372
16
211
-1
EOF
