NAME : sim321.175195.tour
COMMENT : Length = 175195
COMMENT : Found by LKH [Keld Helsgaun] Tue Sep 18 03:07:55 2018
TYPE : TOUR
DIMENSION : 321
TOUR_SECTION
1
76
60
71
211
73
56
228
129
272
278
6
91
166
92
107
174
321
269
42
61
177
296
81
21
202
90
233
227
85
244
165
87
29
312
14
157
220
287
114
40
318
190
240
59
48
290
147
170
286
28
178
148
271
94
105
239
273
110
289
57
167
208
11
171
214
154
164
24
293
217
159
104
238
125
103
122
169
310
191
18
265
270
37
215
179
93
203
260
31
216
188
235
262
9
70
193
267
247
45
135
189
303
143
47
162
63
102
313
241
158
209
132
84
34
249
205
207
79
316
152
145
218
200
210
319
106
268
23
300
279
121
222
46
144
7
234
263
35
8
119
182
77
251
198
111
113
315
197
142
55
302
89
3
98
180
285
54
109
295
320
223
96
115
137
304
243
58
66
299
68
288
101
309
117
49
13
308
36
133
192
53
236
261
52
26
237
27
78
183
15
69
156
282
280
100
186
311
246
175
118
72
229
128
75
307
127
225
294
139
181
39
258
149
277
206
253
4
140
131
284
160
151
108
146
250
155
83
168
172
292
44
12
201
82
141
194
276
43
298
314
204
99
138
22
123
231
213
19
317
291
120
50
255
32
264
88
212
38
95
62
86
281
305
257
30
256
150
134
232
252
274
226
219
65
254
221
161
17
196
2
153
16
185
176
306
187
136
51
64
33
25
184
297
245
112
173
97
67
74
80
41
275
224
5
195
283
116
20
230
126
259
242
163
301
199
124
266
130
10
248
-1
EOF
