NAME : sim251.155442.tour
COMMENT : Length = 155442
COMMENT : Found by LKH [Keld Helsgaun] Tue Sep 11 17:17:32 2018
TYPE : TOUR
DIMENSION : 251
TOUR_SECTION
1
77
190
104
15
137
72
223
76
127
131
145
204
115
58
29
78
248
151
4
22
163
93
219
40
225
56
158
45
203
25
14
147
74
87
37
109
43
200
51
2
16
53
242
244
133
23
17
224
54
89
39
246
26
229
83
97
142
134
222
82
149
197
75
187
44
123
210
192
194
124
50
135
247
243
86
175
143
112
218
99
176
32
70
140
146
103
141
221
10
13
165
148
206
96
60
34
118
116
7
47
215
237
69
98
169
245
92
198
42
106
132
130
38
71
193
84
214
24
88
136
81
90
49
121
119
208
207
128
211
159
182
186
220
171
154
55
95
3
213
216
6
66
199
126
240
174
157
27
65
63
250
67
205
11
191
230
113
52
36
239
62
101
12
155
161
170
164
201
21
150
202
241
183
94
189
105
195
173
122
28
209
18
117
59
20
30
181
184
227
120
251
125
228
19
91
68
144
234
108
212
8
179
102
177
111
178
249
152
110
196
138
236
188
139
80
185
238
35
172
231
5
79
85
107
57
114
31
232
162
156
48
233
167
235
168
226
153
160
166
129
100
33
9
180
73
61
41
64
46
217
-1
EOF
