NAME : sim251.156466.tour
COMMENT : Length = 156466
COMMENT : Found by LKH [Keld Helsgaun] Tue Sep 11 17:15:43 2018
TYPE : TOUR
DIMENSION : 251
TOUR_SECTION
1
92
200
230
243
217
85
210
66
48
90
112
100
199
241
3
180
144
76
233
223
69
231
147
212
193
83
163
5
99
219
87
58
88
23
117
191
168
56
57
84
209
74
215
109
12
122
211
124
49
127
170
38
35
44
59
131
242
177
71
63
32
190
249
155
107
206
246
46
133
43
178
115
194
185
236
128
196
98
53
36
174
183
150
195
120
136
205
164
134
140
106
184
78
103
104
167
102
60
52
175
27
108
204
232
110
64
154
169
224
145
245
216
244
165
220
30
6
25
31
181
213
158
89
121
192
226
247
157
141
135
137
153
47
24
123
161
225
113
17
61
125
70
142
34
152
238
10
79
111
77
138
11
16
189
186
86
251
237
95
68
19
75
228
160
29
227
129
93
198
240
182
234
197
91
176
51
172
119
13
65
132
201
187
40
116
2
67
143
151
20
229
149
139
55
235
42
171
162
22
45
248
101
202
126
8
73
9
130
7
37
222
80
14
208
97
118
41
179
33
114
15
218
18
4
21
72
214
96
50
207
159
239
28
188
62
81
82
203
54
146
221
26
173
166
105
39
94
156
250
148
-1
EOF
