NAME : sim1001.306425.tour
COMMENT : Length = 306425
COMMENT : Found by LKH [Keld Helsgaun] Tue Sep 11 10:22:39 2018
TYPE : TOUR
DIMENSION : 1001
TOUR_SECTION
1
234
812
714
827
993
911
203
366
842
445
836
161
471
256
776
986
762
563
318
834
562
338
135
700
248
32
175
949
387
601
74
587
506
962
977
876
180
372
378
591
226
884
886
585
97
588
51
160
55
621
304
103
709
820
660
273
237
474
939
426
364
769
44
570
598
556
295
369
41
16
380
95
761
826
524
645
846
644
695
86
867
582
798
852
398
311
768
527
514
326
325
298
899
942
705
483
805
930
781
567
1001
258
624
859
845
154
520
751
916
344
316
957
525
763
305
314
626
972
329
182
665
288
748
822
355
767
699
632
747
757
971
722
454
960
489
627
208
521
661
824
878
533
558
352
623
58
170
702
291
50
213
723
569
650
580
667
231
835
631
595
666
356
152
606
327
132
393
879
938
829
375
181
590
219
728
642
994
985
251
284
73
871
731
541
310
167
423
235
404
162
636
517
116
670
959
534
540
458
10
742
774
140
510
849
862
444
501
891
505
578
323
724
433
579
662
290
518
451
754
83
261
538
680
945
910
912
358
105
114
550
674
79
720
777
200
925
855
99
428
107
197
756
178
216
782
841
59
890
244
956
804
745
494
726
733
60
967
392
838
740
425
807
292
416
465
168
547
526
894
608
543
978
296
406
612
146
109
689
119
336
385
789
399
683
542
17
357
970
138
371
610
136
947
649
361
575
407
227
668
379
233
350
802
249
980
698
331
691
269
735
81
36
503
618
853
271
794
614
658
697
72
944
452
285
788
153
8
463
863
164
359
734
813
926
694
257
15
239
35
628
206
389
594
528
185
11
808
663
209
535
333
848
797
893
266
915
684
738
415
221
262
485
462
184
653
43
441
638
125
30
948
693
933
126
478
453
512
907
381
306
688
64
104
935
655
166
730
560
436
229
739
267
163
309
277
90
67
177
703
71
895
340
189
77
488
679
217
137
564
438
718
238
65
39
743
27
819
634
187
144
276
120
847
918
991
923
622
989
682
405
56
746
574
497
418
537
546
500
647
342
54
384
53
301
23
241
220
917
4
677
922
721
771
286
637
394
204
145
950
749
174
110
46
652
25
34
900
491
953
33
780
799
984
629
687
817
142
47
914
932
553
715
124
872
377
2
902
127
600
307
599
904
968
773
108
222
821
783
898
131
873
421
460
996
440
516
854
243
247
245
815
791
828
424
625
193
115
620
568
450
561
920
811
410
230
31
615
335
408
711
648
28
1000
755
903
349
78
856
150
557
866
919
737
837
865
321
265
495
270
228
68
508
490
651
370
201
857
883
484
951
958
414
479
969
760
633
432
943
190
708
823
888
40
596
987
317
24
493
480
100
159
685
571
946
391
464
583
412
523
299
850
417
672
409
21
602
133
499
334
242
264
901
429
411
467
931
169
641
656
998
519
121
576
435
403
758
3
376
128
775
486
937
106
681
963
388
254
308
966
112
692
639
351
669
157
82
422
13
210
552
710
313
513
268
818
795
455
330
259
402
212
975
401
147
278
211
52
976
839
831
611
89
449
85
202
716
882
549
218
240
37
954
577
965
531
434
300
616
532
118
345
302
880
191
934
999
981
790
554
75
555
353
383
515
586
806
360
260
640
363
778
955
765
717
102
250
592
374
93
979
141
607
551
320
94
529
870
45
148
573
368
134
584
892
61
906
196
194
87
386
348
498
69
997
324
544
473
974
908
117
707
373
156
830
936
619
9
589
874
941
772
396
686
764
280
927
475
929
447
42
719
896
431
165
158
390
26
881
696
477
98
22
988
80
605
6
12
744
889
38
223
171
940
511
995
183
198
448
759
172
427
548
20
921
604
657
725
224
732
784
62
263
5
91
176
472
973
457
664
362
274
766
741
188
303
101
875
111
678
130
750
482
565
315
581
367
502
522
92
864
215
446
877
66
851
796
63
676
566
195
439
76
961
395
860
287
199
982
461
469
113
861
322
887
19
400
149
844
597
281
413
704
507
492
701
143
897
559
84
29
712
825
437
952
964
787
297
430
675
832
617
868
456
539
443
419
283
536
983
572
786
603
671
332
869
635
346
466
252
207
706
816
643
214
496
397
49
905
752
139
613
468
312
173
727
593
232
236
88
800
122
289
14
420
659
770
630
179
840
459
365
609
225
736
992
151
654
57
192
545
319
504
354
924
476
279
785
255
328
833
272
803
442
18
793
275
339
341
646
7
509
282
155
70
48
487
123
913
814
530
293
205
990
470
246
186
810
928
337
673
96
809
843
885
253
801
753
858
129
779
713
294
729
481
343
690
909
792
347
382
-1
EOF
