NAME : sim1001.307285.tour
COMMENT : Length = 307285
COMMENT : Found by LKH [Keld Helsgaun] Tue Sep 11 09:44:18 2018
TYPE : TOUR
DIMENSION : 1001
TOUR_SECTION
1
122
891
424
802
40
428
807
548
862
572
918
142
323
227
397
453
690
319
542
748
537
812
593
167
989
928
657
696
656
490
778
241
671
877
565
745
384
134
677
146
215
734
344
454
457
624
532
956
930
980
371
774
190
573
746
637
458
924
287
672
574
245
483
580
815
210
831
484
896
567
276
425
754
468
233
857
204
423
157
416
405
104
57
463
102
82
50
700
595
218
683
257
141
716
692
18
161
302
742
717
309
66
459
944
530
449
617
120
356
421
649
497
598
728
3
379
85
715
170
824
652
779
561
16
969
903
442
787
291
809
965
555
853
783
273
612
137
56
31
950
33
48
355
249
70
888
515
197
687
132
314
788
159
945
878
270
382
759
685
937
966
49
866
772
577
285
500
90
95
994
290
426
254
826
119
517
333
393
375
525
364
311
982
338
445
407
398
721
707
739
300
320
946
471
776
431
498
128
841
846
602
191
933
203
921
588
699
2
899
479
528
472
69
248
939
429
437
523
235
26
363
194
4
466
93
46
209
7
395
345
535
851
44
586
368
678
72
20
111
760
401
347
600
803
474
985
196
79
318
681
727
581
373
725
212
42
47
625
198
39
653
452
892
514
785
531
814
974
968
566
749
238
41
168
884
895
763
439
173
149
58
258
387
629
346
961
178
222
434
614
631
534
199
169
916
922
920
325
843
712
901
832
192
590
365
30
158
469
549
304
744
908
139
253
350
741
420
806
62
996
819
651
983
37
1000
641
919
23
383
634
252
520
795
154
619
757
988
450
109
840
65
813
553
156
898
801
544
164
564
422
247
798
480
361
299
620
628
636
399
200
342
43
594
997
912
53
708
78
485
74
777
447
294
467
934
432
761
391
475
720
91
138
499
775
303
148
174
850
266
769
488
340
271
360
735
645
494
662
477
847
680
129
495
791
223
415
596
380
244
444
873
17
188
34
674
145
558
829
240
279
114
539
394
771
352
638
906
967
251
15
792
171
326
781
615
213
278
688
780
632
767
737
621
489
660
29
576
793
267
250
964
871
143
609
76
353
820
230
181
810
417
237
582
324
36
189
665
217
506
259
175
729
551
940
51
897
268
343
753
68
607
487
962
386
786
880
184
351
331
211
8
635
686
902
713
782
959
613
978
661
396
957
570
973
418
370
882
400
232
704
808
630
176
354
195
931
336
220
349
697
234
828
998
413
736
849
605
476
292
71
527
491
510
441
890
726
83
496
5
856
599
533
246
456
308
261
604
910
963
464
435
374
648
152
740
155
493
280
334
330
822
675
126
239
923
272
9
277
827
861
578
670
339
833
585
256
98
130
536
214
927
951
228
842
105
512
556
110
876
817
524
107
796
316
140
676
664
6
124
377
317
714
592
867
177
28
541
13
881
470
972
913
329
655
755
608
516
115
644
84
87
412
669
224
118
55
67
560
255
378
52
633
116
144
643
185
166
883
835
885
554
579
981
183
21
182
97
830
35
293
834
702
519
260
550
858
136
207
960
408
860
503
816
153
705
904
546
583
949
162
679
451
283
482
406
61
971
747
571
799
179
117
658
848
954
953
448
92
147
970
307
935
837
362
818
794
870
650
992
455
369
430
305
557
216
289
711
915
879
81
88
723
993
979
229
301
186
187
999
887
689
121
859
569
872
265
310
131
409
60
236
991
411
909
889
603
821
205
886
150
202
562
693
38
948
995
315
243
113
986
762
521
96
611
646
941
11
990
905
770
907
25
366
731
642
357
433
89
440
219
263
10
639
647
975
106
738
836
288
893
86
160
151
694
926
987
682
381
756
313
589
64
22
751
852
443
911
322
855
372
112
32
839
622
977
446
838
77
282
976
501
296
811
328
854
73
626
262
306
392
684
27
481
545
388
606
914
492
348
486
601
894
722
936
63
764
758
201
505
465
507
540
332
135
94
698
54
172
666
438
706
844
274
917
667
286
825
208
610
275
518
80
180
14
947
943
206
390
231
654
526
765
805
75
691
321
659
663
863
750
478
341
427
221
568
473
193
269
335
100
163
403
436
508
804
800
623
732
297
264
419
952
402
337
165
616
367
359
563
709
99
640
502
932
724
460
414
938
929
385
703
773
868
522
789
225
790
358
900
547
284
958
710
125
730
719
984
127
103
19
925
242
597
59
529
733
511
295
865
108
45
768
376
281
101
298
12
875
874
133
123
461
823
312
538
845
513
404
226
410
575
942
869
24
668
797
509
543
591
701
1001
627
584
743
784
618
864
752
718
587
695
462
559
327
955
552
673
389
504
766
-1
EOF
