NAME : sim251.154201.tour
COMMENT : Length = 154201
COMMENT : Found by LKH [Keld Helsgaun] Tue Sep 11 17:39:39 2018
TYPE : TOUR
DIMENSION : 251
TOUR_SECTION
1
74
43
160
218
166
17
247
105
29
213
54
215
94
184
154
174
109
90
162
96
32
220
78
191
246
128
16
225
121
248
190
217
153
24
45
138
91
149
95
169
9
60
171
22
232
85
227
176
226
137
192
42
57
173
139
48
224
183
170
75
222
221
241
200
125
181
133
20
23
180
204
56
44
208
27
123
239
21
14
13
131
10
205
243
144
76
33
228
141
117
28
196
207
150
122
72
177
98
97
251
186
36
209
210
82
129
30
236
50
211
87
238
164
201
172
84
100
237
38
46
81
77
61
111
8
69
235
68
73
199
115
158
132
187
159
4
66
240
156
250
167
26
3
108
80
55
114
145
89
35
242
58
63
37
99
161
7
116
11
49
182
41
47
175
119
148
15
62
151
193
143
51
198
146
130
67
142
230
195
79
53
189
223
231
104
157
152
34
234
101
52
178
212
110
2
165
194
135
155
179
185
126
120
103
93
113
70
229
136
83
12
134
106
245
219
18
118
140
19
40
64
206
112
197
6
124
86
39
107
188
202
5
168
88
147
249
31
233
127
71
102
216
25
65
163
59
203
214
92
244
-1
EOF
