NAME : sim701.251042.tour
COMMENT : Length = 251042
COMMENT : Found by LKH [Keld Helsgaun] Tue Sep 18 17:40:26 2018
TYPE : TOUR
DIMENSION : 701
TOUR_SECTION
1
364
179
553
116
420
559
351
185
547
570
218
589
456
260
49
267
130
610
532
314
154
641
190
500
192
331
283
539
523
197
685
412
501
462
167
71
447
690
671
55
317
206
348
304
294
385
612
605
9
54
680
45
12
627
335
442
368
435
153
29
250
168
142
393
22
288
292
596
414
321
409
181
174
598
70
486
139
446
482
39
479
228
572
333
530
277
278
508
85
115
415
287
465
480
98
50
644
220
99
17
7
6
443
123
452
227
558
111
376
221
478
178
244
300
32
310
108
336
234
152
620
11
453
240
265
229
51
687
645
92
149
189
337
540
386
374
343
88
556
675
259
463
291
679
594
670
217
355
546
656
284
47
33
401
574
322
631
643
31
694
475
497
25
693
150
344
151
604
394
614
402
474
165
639
18
676
416
571
611
246
48
166
545
103
187
233
551
377
664
445
204
43
422
371
607
499
352
429
194
623
41
319
332
163
418
451
253
460
110
448
372
471
593
358
205
263
201
334
296
649
477
145
203
183
382
619
318
242
537
469
295
503
576
538
391
223
436
634
517
75
69
107
53
487
491
632
681
77
527
584
143
590
14
455
563
367
67
398
215
186
353
72
96
485
256
93
148
342
275
361
437
38
587
567
662
652
81
434
630
674
159
211
383
481
34
95
566
461
42
102
360
199
175
257
273
387
248
459
255
464
251
439
266
428
419
83
438
195
600
683
410
24
315
121
399
550
210
64
568
90
388
686
306
440
2
554
362
467
308
127
62
363
457
431
262
549
677
37
328
309
555
425
135
411
131
666
232
512
406
193
637
476
13
668
514
347
580
140
269
525
395
30
660
454
216
21
44
369
544
529
56
528
427
104
101
191
299
170
407
669
450
433
577
74
506
579
390
678
161
575
513
236
421
613
396
36
636
320
112
162
582
86
160
119
155
156
73
89
209
495
27
282
389
307
357
120
493
370
207
68
147
599
392
564
672
606
78
338
61
689
169
667
91
633
646
324
65
59
588
63
665
196
622
177
274
595
301
519
109
113
488
346
226
424
581
290
341
466
60
441
365
696
618
533
126
518
484
400
57
483
526
349
354
208
212
617
701
200
241
238
289
691
345
46
695
608
698
302
350
254
682
80
272
565
536
316
270
19
279
325
106
624
615
76
87
117
79
408
225
657
654
330
105
591
684
286
281
534
157
359
380
224
340
378
583
129
444
432
578
20
507
214
586
258
522
198
384
659
58
124
280
184
609
648
118
10
498
35
138
247
285
505
136
405
616
663
188
303
592
366
504
261
626
515
642
413
114
548
650
520
219
313
84
661
271
543
449
231
381
472
635
329
100
647
697
249
132
569
311
625
237
243
16
655
15
339
404
23
134
628
158
146
489
122
28
356
490
268
651
597
397
502
640
171
426
552
40
323
128
688
298
473
172
557
293
692
562
5
133
326
658
375
638
470
305
137
629
94
230
379
509
573
430
180
496
673
561
297
182
458
560
213
602
3
245
373
494
264
468
164
176
239
531
125
603
202
403
235
699
511
66
97
521
144
542
585
141
601
173
312
4
252
52
423
535
492
653
8
327
26
417
621
516
276
82
222
700
510
541
524
-1
EOF
