NAME : sim251.156667.tour
COMMENT : Length = 156667
COMMENT : Found by LKH [Keld Helsgaun] Tue Sep 11 17:12:19 2018
TYPE : TOUR
DIMENSION : 251
TOUR_SECTION
1
195
239
245
155
47
18
84
164
97
177
149
100
172
134
82
86
61
110
214
94
137
222
75
142
184
4
55
74
231
59
58
54
141
117
36
233
38
99
6
80
5
95
251
168
248
234
144
3
163
159
102
165
211
128
105
34
57
143
71
44
179
175
20
136
213
218
238
190
146
32
206
77
45
199
108
63
217
241
148
156
56
221
205
79
225
113
246
183
120
202
187
167
26
69
193
139
73
244
140
203
122
43
9
66
147
129
116
150
180
21
17
160
2
154
201
173
53
50
88
115
132
166
188
237
230
236
176
67
250
25
76
35
13
93
194
28
204
107
228
68
8
124
60
227
215
158
31
216
220
114
210
135
27
130
127
48
133
152
212
170
219
157
185
16
192
178
119
12
64
42
151
249
112
22
23
81
24
70
51
29
87
161
104
83
226
198
30
15
62
131
247
145
33
138
232
98
96
89
10
189
243
39
186
11
65
182
196
85
229
103
111
14
101
40
90
78
223
109
91
169
242
92
125
181
121
162
123
197
224
235
171
106
126
19
153
37
46
52
209
191
200
7
41
49
174
208
72
240
118
207
-1
EOF
