NAME : sim321.176348.tour
COMMENT : Length = 176348
COMMENT : Found by LKH [Keld Helsgaun] Sun Sep 16 00:08:36 2018
TYPE : TOUR
DIMENSION : 321
TOUR_SECTION
1
111
44
9
62
321
22
281
66
59
178
217
233
81
177
122
74
226
18
254
260
113
41
19
116
68
138
50
196
273
201
234
157
184
146
35
140
257
282
159
250
232
117
132
30
279
186
309
125
230
43
272
129
65
128
210
280
192
256
139
193
112
274
211
5
130
246
318
14
262
212
106
205
15
156
183
181
84
163
143
180
203
56
206
247
46
36
20
80
176
266
242
45
243
308
311
290
296
216
85
126
151
252
270
304
164
316
297
86
82
40
2
7
194
4
91
320
160
199
187
141
88
258
284
319
12
241
170
209
231
222
3
135
171
190
168
277
150
78
115
77
75
121
303
60
312
219
105
101
207
191
245
76
23
294
223
239
154
291
109
79
189
169
47
229
98
200
198
42
268
289
172
118
147
167
251
314
21
67
276
49
134
313
133
275
236
204
149
248
267
263
144
71
317
48
218
17
90
227
70
228
306
161
102
123
307
11
253
155
221
240
213
166
39
87
215
202
51
259
264
278
224
63
33
99
179
153
208
305
197
269
295
93
55
283
108
107
110
95
136
94
64
286
10
83
162
288
73
24
302
315
195
185
292
16
96
142
148
27
25
58
287
310
29
69
89
182
127
61
220
54
8
235
293
285
261
225
100
52
131
137
244
300
6
119
255
238
214
299
124
249
165
120
13
53
114
158
145
31
301
37
103
92
174
152
57
173
97
237
298
34
104
175
265
32
28
72
38
26
188
271
-1
EOF
