NAME : sim501.218767.tour
COMMENT : Length = 218767
COMMENT : Found by LKH [Keld Helsgaun] Mon Sep 10 21:05:14 2018
TYPE : TOUR
DIMENSION : 501
TOUR_SECTION
1
135
256
481
258
62
117
431
161
236
30
487
20
242
226
179
10
371
99
329
151
391
293
4
116
471
451
423
409
315
87
246
100
174
499
42
486
23
55
37
167
398
89
286
332
213
133
354
33
128
294
214
298
253
188
446
22
140
74
372
19
320
209
303
416
210
349
268
470
361
150
323
314
54
450
394
342
420
492
427
321
444
395
421
392
460
433
322
447
166
204
158
402
277
251
319
197
177
3
266
263
353
184
11
120
64
494
495
374
146
260
88
267
69
29
121
302
346
85
479
230
57
476
291
261
473
225
264
207
130
296
387
8
183
282
347
313
404
233
160
36
14
58
328
304
454
227
269
31
193
244
418
95
334
81
203
147
417
199
13
345
5
222
216
299
254
448
449
283
375
41
104
61
118
432
6
325
259
415
72
63
196
249
200
169
457
305
47
70
205
257
344
356
170
255
109
434
16
67
229
309
484
114
331
143
348
406
35
159
477
399
490
77
410
316
192
333
144
113
60
27
18
279
28
367
290
414
21
274
52
287
34
112
326
341
138
437
75
440
51
162
489
441
482
468
92
241
40
362
243
202
388
123
32
212
65
373
381
132
262
148
94
464
478
455
485
186
168
459
239
50
363
359
338
465
271
301
411
407
108
327
475
412
176
173
194
208
82
96
164
217
278
400
71
453
145
330
142
231
497
275
377
370
276
83
7
462
339
206
297
343
383
215
442
141
124
86
98
337
220
300
156
488
496
247
389
223
198
187
240
385
318
49
234
382
126
289
280
107
491
335
352
106
44
175
110
498
125
366
93
425
24
368
386
355
364
15
131
105
25
463
438
102
445
340
295
493
154
56
78
452
180
378
376
288
163
26
235
472
103
422
284
221
250
101
439
17
306
467
155
369
461
265
458
122
48
195
435
413
228
76
430
380
119
456
480
474
292
115
224
218
317
429
219
2
191
43
245
360
238
12
237
419
39
379
397
165
137
466
68
79
190
358
134
483
307
312
46
178
127
436
311
281
201
500
232
182
80
149
270
401
66
189
111
426
9
324
252
351
469
91
38
172
443
285
157
211
153
365
129
152
428
272
405
171
424
136
53
390
350
403
273
248
73
308
501
59
336
185
408
45
84
97
310
139
396
384
90
357
393
181
-1
EOF
