NAME : sim1001.308700.tour
COMMENT : Length = 308700
COMMENT : Found by LKH [Keld Helsgaun] Tue Sep 11 12:06:48 2018
TYPE : TOUR
DIMENSION : 1001
TOUR_SECTION
1
181
758
372
815
117
851
593
684
876
613
989
273
520
836
415
642
116
70
930
465
804
201
246
250
595
584
485
846
590
890
905
990
65
120
853
130
376
572
253
280
747
242
81
553
554
596
630
707
272
109
884
886
328
857
73
315
386
360
23
852
621
101
941
783
288
933
31
370
603
92
153
798
27
626
363
752
869
351
675
690
470
850
39
237
709
530
270
238
606
227
487
323
939
759
587
293
807
302
756
135
969
635
517
34
624
546
103
424
36
643
261
427
634
432
835
594
381
513
466
204
267
665
232
923
980
146
646
785
764
507
220
506
866
536
589
559
514
571
701
766
399
207
226
82
482
95
774
21
1000
304
492
655
809
715
724
362
998
175
662
447
732
830
392
500
982
522
190
60
871
475
881
922
413
993
929
184
597
285
147
281
995
855
776
841
78
321
319
927
337
300
433
6
289
254
365
356
456
645
463
794
975
263
510
47
231
490
632
206
111
906
423
718
380
861
917
951
494
168
14
527
443
57
620
35
616
840
74
523
353
165
742
542
814
149
364
681
440
439
51
754
547
834
446
818
222
601
298
549
691
914
460
592
448
268
335
97
233
936
780
946
329
916
266
908
806
409
799
940
924
660
1001
385
83
403
311
491
849
943
30
453
393
960
692
5
689
15
842
820
488
868
734
573
739
704
509
86
499
148
417
761
737
670
255
963
641
102
140
604
705
585
746
160
971
277
138
425
29
183
545
551
307
228
75
134
467
331
312
953
251
965
10
843
4
741
727
455
777
308
318
366
412
245
867
723
722
656
710
99
564
622
478
416
80
344
176
767
898
16
177
240
751
511
88
162
750
706
730
541
373
28
988
824
473
765
310
303
648
519
672
459
899
108
451
7
847
793
461
726
797
371
997
618
45
534
889
581
107
956
278
928
172
552
44
612
934
505
155
962
792
925
918
529
444
202
633
668
55
229
628
576
445
697
950
230
669
182
164
996
543
375
755
945
287
291
651
20
213
143
113
398
599
377
37
112
468
832
911
535
992
282
524
854
346
91
294
502
428
744
450
778
555
76
131
295
104
610
152
703
297
880
484
296
421
200
676
462
961
909
284
9
721
694
243
46
342
383
154
548
205
361
802
583
301
345
397
657
858
725
274
85
96
608
607
41
779
283
435
286
420
503
395
354
42
999
658
560
977
578
693
72
611
407
68
652
893
772
976
812
948
757
575
203
441
678
983
781
38
247
379
539
106
839
212
121
414
819
100
685
483
422
659
602
63
537
357
533
782
984
19
406
825
791
374
762
167
563
340
577
119
901
336
883
125
324
679
810
647
743
731
768
339
157
144
823
695
991
979
489
317
123
787
733
476
508
955
262
185
769
683
193
895
920
13
217
717
932
52
638
837
90
702
359
8
458
699
137
912
896
59
959
159
686
236
712
625
501
789
404
674
565
173
411
436
729
808
449
187
902
862
696
831
598
763
480
367
708
279
617
788
105
544
132
334
244
87
528
355
515
256
829
619
860
69
48
418
687
644
56
673
79
313
408
2
664
327
188
800
150
53
118
314
343
71
885
477
66
306
816
968
978
452
856
396
719
636
382
127
874
142
661
400
682
115
600
257
326
347
580
833
872
195
882
431
531
457
773
498
419
389
325
332
469
341
688
753
368
550
194
196
17
178
873
64
958
947
156
405
163
145
269
210
24
504
663
401
994
716
631
114
748
805
821
348
921
402
745
292
234
649
276
67
538
259
614
863
949
136
931
935
33
775
740
198
388
938
11
790
128
516
122
486
260
561
316
49
567
887
454
174
845
249
209
18
838
966
471
582
139
844
474
387
888
264
919
566
897
61
208
410
98
170
639
588
161
875
438
870
711
224
771
827
158
826
338
22
784
214
698
803
907
525
713
479
124
894
556
728
218
94
350
892
526
822
891
481
12
986
637
680
967
521
305
197
110
258
211
801
786
532
985
216
166
629
865
309
215
394
241
93
574
568
796
640
813
749
903
322
952
579
442
472
944
320
973
760
910
437
540
384
290
720
50
942
391
650
248
54
299
77
26
926
225
623
714
429
864
738
330
981
171
817
191
964
671
677
25
189
141
770
795
378
904
180
426
89
627
970
265
878
495
562
900
879
569
557
957
512
40
974
169
434
252
349
700
223
666
915
496
570
811
186
151
987
605
653
518
219
84
848
32
877
333
126
62
129
43
133
859
591
937
275
352
497
615
654
558
358
954
235
913
369
3
199
464
736
192
239
179
390
271
735
493
667
58
586
828
972
221
609
430
-1
EOF
