NAME : sim251.157442.tour
COMMENT : Length = 157442
COMMENT : Found by LKH [Keld Helsgaun] Wed Aug 29 09:44:49 2018
TYPE : TOUR
DIMENSION : 251
TOUR_SECTION
1
85
21
48
43
99
156
249
173
31
14
49
216
66
250
145
200
242
209
177
226
30
246
243
50
167
110
51
57
73
80
239
103
7
107
208
119
197
100
87
171
127
94
35
251
133
166
116
212
65
121
183
90
84
184
93
112
235
146
134
129
165
225
8
194
101
27
62
118
169
206
196
115
163
135
122
79
227
220
236
147
162
202
3
213
176
55
153
190
37
160
72
207
126
247
34
78
157
159
24
53
187
77
210
42
139
224
154
59
61
228
205
148
174
155
111
26
82
217
152
231
170
221
132
46
172
109
39
106
75
138
52
98
104
67
149
92
33
4
181
178
97
28
150
58
179
204
54
120
71
102
175
10
60
203
241
141
96
222
44
214
23
238
76
131
199
83
182
189
95
9
234
63
18
15
136
188
25
180
40
191
219
13
144
68
64
11
36
86
88
91
113
70
2
17
137
125
168
161
195
164
229
41
185
218
12
47
128
123
230
158
29
232
6
19
151
105
211
22
186
240
130
56
142
74
81
237
244
198
215
20
89
245
201
124
5
233
223
32
248
108
192
38
16
140
69
117
114
45
193
143
-1
EOF
