NAME : sim1001.302766.tour
COMMENT : Length = 302766
COMMENT : Found by LKH [Keld Helsgaun] Tue Sep 11 11:21:08 2018
TYPE : TOUR
DIMENSION : 1001
TOUR_SECTION
1
8
511
679
580
816
709
839
495
820
345
188
771
64
466
806
352
853
381
411
733
440
219
40
379
654
875
819
223
604
612
157
415
992
700
753
231
103
768
335
663
93
659
52
407
944
294
740
346
942
173
738
835
977
84
638
88
575
523
282
177
159
607
618
501
860
211
808
268
858
464
30
843
552
765
433
273
315
254
921
393
554
325
492
310
915
261
951
873
920
619
643
373
202
762
144
226
865
214
431
296
597
281
295
425
479
767
563
515
481
969
778
114
573
434
37
423
514
135
851
472
300
6
505
993
996
104
879
332
227
973
935
306
549
174
455
982
826
694
508
744
692
26
228
589
994
558
106
338
884
755
527
246
537
376
585
810
444
662
452
406
42
791
775
348
122
100
128
567
577
946
660
732
43
754
934
704
245
236
395
461
1000
350
125
713
117
606
33
253
121
473
127
578
636
426
790
55
168
416
316
203
811
161
506
531
22
832
449
68
929
795
372
101
90
902
938
374
498
195
756
777
110
695
401
648
482
436
136
688
645
486
280
78
830
197
14
615
802
667
534
714
581
813
29
871
286
460
887
703
878
922
454
28
337
410
427
746
666
19
25
911
322
926
870
781
210
487
571
499
336
867
457
61
850
955
936
757
930
965
333
909
441
72
151
874
817
375
728
240
312
166
837
621
494
321
950
11
784
58
727
883
396
57
729
34
341
292
438
794
723
786
582
945
269
862
405
51
912
256
555
500
869
556
583
925
140
248
224
855
400
741
255
69
536
987
85
541
326
897
616
71
655
644
847
109
491
635
358
557
562
772
314
391
450
367
192
46
507
485
737
980
360
995
603
184
629
863
608
47
50
83
631
304
872
456
919
429
801
592
193
301
657
285
422
12
446
518
972
334
726
496
680
782
846
164
698
504
132
818
244
212
35
355
305
918
370
275
526
277
975
908
682
586
313
278
814
378
133
156
287
397
985
143
637
956
916
439
932
517
291
182
186
233
112
937
293
624
366
328
218
417
251
242
62
445
652
599
805
693
725
888
327
150
489
232
119
591
359
905
760
139
639
266
49
542
520
204
513
824
559
890
533
369
181
385
126
963
917
216
343
990
412
634
129
642
303
834
76
124
614
530
413
849
868
895
480
538
215
719
633
593
283
924
914
579
568
792
516
63
708
194
685
187
80
649
546
3
825
288
102
361
673
86
262
766
368
97
465
107
409
387
17
551
398
689
521
353
594
10
389
364
981
309
827
118
243
796
238
252
120
447
48
38
394
237
646
24
149
833
752
957
978
497
79
623
392
961
797
776
87
901
53
528
702
668
742
222
886
803
960
848
388
640
402
458
180
274
267
730
418
669
544
475
384
763
650
208
539
550
474
512
263
311
289
681
509
983
27
759
356
880
734
690
774
892
611
841
443
131
213
271
365
548
931
971
630
953
190
620
959
661
641
115
198
99
94
468
770
59
676
881
424
176
907
984
1001
696
116
205
613
949
493
371
108
596
9
502
705
656
70
250
565
320
545
712
421
966
672
66
200
560
859
677
622
799
229
928
130
543
77
217
898
113
783
710
602
632
75
877
882
605
146
510
463
789
153
323
137
840
906
588
962
572
736
900
351
196
155
893
595
319
382
569
96
56
414
73
913
999
671
576
158
743
798
910
979
81
836
553
751
340
82
852
169
247
828
674
299
561
467
342
947
891
570
758
67
488
717
800
651
823
601
889
141
842
748
432
927
451
44
419
812
933
18
686
448
302
89
939
383
706
234
574
532
856
923
609
363
943
377
349
483
165
284
948
60
123
469
459
788
54
478
276
587
866
970
721
940
279
525
722
954
2
610
716
626
420
105
707
235
997
185
220
535
769
145
162
476
207
807
265
308
462
675
967
404
735
138
390
272
490
566
761
484
653
318
903
171
590
380
23
896
36
687
330
221
41
386
428
844
297
191
179
167
691
885
821
241
519
324
598
357
793
430
477
5
21
864
111
32
16
152
600
670
785
65
201
403
838
988
264
134
154
189
787
857
894
178
998
804
329
822
206
701
745
625
442
437
74
98
584
952
964
95
773
239
699
809
968
290
711
564
750
39
627
815
257
522
524
260
31
647
899
4
307
724
529
976
199
331
45
163
258
861
986
362
354
259
170
684
142
845
15
974
503
718
147
91
665
764
13
747
715
20
628
780
270
664
471
958
739
347
249
298
408
749
617
317
470
683
7
230
854
697
720
731
658
92
989
876
435
941
339
453
779
148
172
831
540
160
904
399
183
991
175
547
225
344
678
209
829
-1
EOF
