NAME : sim501.220593.tour
COMMENT : Length = 220593
COMMENT : Found by LKH [Keld Helsgaun] Mon Sep 10 23:05:00 2018
TYPE : TOUR
DIMENSION : 501
TOUR_SECTION
1
12
9
309
450
492
400
346
152
162
365
179
488
153
327
208
175
324
457
203
15
363
440
311
272
452
198
335
268
14
283
75
100
478
372
10
373
285
201
381
468
105
56
472
247
161
29
82
480
252
68
294
264
125
182
292
147
88
449
261
257
444
339
154
238
169
263
235
258
288
26
46
117
304
289
399
199
279
195
303
186
158
330
443
326
305
411
419
70
405
40
333
494
226
378
6
4
475
329
101
58
482
426
50
36
237
127
160
438
361
245
347
259
11
501
253
228
229
410
427
76
432
148
371
273
461
376
17
441
464
454
157
380
423
187
439
131
348
425
7
142
103
456
415
429
241
407
286
42
246
433
108
406
159
213
85
44
61
356
86
392
479
139
156
451
2
278
51
334
307
462
191
23
466
99
21
240
57
164
95
490
239
301
469
471
421
331
446
5
362
78
193
207
121
135
109
220
370
113
210
185
470
465
165
144
138
38
491
500
249
41
79
367
434
63
295
94
8
244
81
126
409
368
212
349
37
189
379
276
190
391
436
296
459
211
321
122
149
430
325
354
167
170
102
123
178
181
55
271
217
97
375
34
200
96
137
196
357
60
310
332
323
254
299
133
398
255
115
416
218
428
422
284
163
77
345
402
401
39
336
214
52
16
22
173
248
355
318
67
202
176
340
485
25
233
87
140
442
260
209
453
3
463
143
302
28
168
351
256
216
397
390
110
300
414
72
344
98
73
90
80
89
403
84
382
91
92
404
27
499
107
420
343
384
205
493
243
151
49
114
71
136
124
65
291
141
388
172
458
13
308
150
267
455
445
437
366
408
487
277
204
155
59
93
129
496
383
377
188
369
448
83
166
386
232
128
481
477
460
358
47
225
18
222
297
484
315
221
314
389
104
274
385
269
495
197
306
293
66
280
24
62
364
132
320
435
282
341
250
215
489
184
45
350
251
194
319
287
231
316
353
145
177
64
74
298
270
242
32
171
174
111
30
31
338
227
265
352
118
467
20
112
497
359
116
312
337
33
431
486
290
418
130
224
387
206
393
281
413
266
234
360
447
313
230
43
69
394
223
412
483
474
53
498
342
48
54
106
134
19
328
476
183
473
395
180
424
374
120
119
192
317
417
236
275
146
35
396
219
262
322
-1
EOF
