NAME : sim1001.308712.tour
COMMENT : Length = 308712
COMMENT : Found by LKH [Keld Helsgaun] Tue Sep 11 10:44:03 2018
TYPE : TOUR
DIMENSION : 1001
TOUR_SECTION
1
144
918
773
609
824
476
288
358
531
654
983
841
94
629
500
419
636
798
990
139
149
540
409
899
662
489
596
930
460
465
26
350
168
729
783
488
632
455
80
734
172
603
789
137
986
317
59
270
404
459
122
260
244
2
848
353
807
438
420
508
932
238
281
477
569
912
637
194
562
289
913
861
282
55
104
701
669
613
84
262
922
176
834
389
640
15
4
790
304
480
19
147
211
469
582
271
167
136
377
231
182
659
752
849
85
51
604
808
989
266
128
414
764
688
757
702
705
977
81
318
196
120
876
833
962
586
573
165
133
941
143
105
334
79
667
278
35
387
618
868
42
400
648
605
710
847
689
718
113
563
698
964
416
199
72
257
933
36
215
70
394
62
123
40
529
362
124
169
674
207
462
87
180
544
622
737
696
251
974
826
381
791
935
720
444
75
203
345
971
320
552
77
972
643
436
676
331
446
349
759
677
880
874
666
779
630
653
439
950
298
324
810
727
590
869
437
440
714
968
695
726
513
952
209
388
735
291
197
341
733
174
61
467
673
891
873
956
103
875
982
686
814
685
750
344
624
610
566
342
327
193
885
286
484
656
275
867
30
550
300
742
878
367
549
792
401
56
934
722
101
884
450
777
110
115
778
724
704
208
546
860
293
657
221
766
763
954
370
330
392
606
593
503
428
505
639
89
991
614
228
765
524
668
60
771
699
896
693
845
461
652
501
711
646
153
650
371
138
661
631
999
267
917
756
338
470
163
206
587
432
27
532
589
306
272
723
937
181
283
130
536
448
102
575
775
482
380
24
804
305
780
539
761
408
195
43
817
434
753
340
706
678
518
928
175
424
466
107
427
802
125
332
655
784
99
250
360
584
296
827
499
859
132
454
162
906
65
112
241
719
127
248
263
836
959
960
374
663
111
574
507
708
547
1000
883
23
893
976
224
356
612
545
407
6
555
290
988
978
154
981
333
527
682
178
921
310
20
535
892
823
857
560
683
534
8
537
347
838
487
106
54
155
222
903
786
511
806
769
595
431
776
202
73
955
576
285
186
758
242
664
1001
794
909
421
37
158
591
299
64
395
530
45
430
993
48
425
588
343
647
255
901
815
280
164
259
811
516
386
336
451
772
889
86
311
12
692
599
707
18
916
464
984
620
38
572
887
496
592
635
268
832
109
66
995
213
491
316
852
152
512
22
897
744
233
926
254
713
157
626
39
821
82
312
187
561
220
953
116
156
171
415
621
372
800
837
619
670
390
905
443
598
225
160
177
681
690
100
920
463
785
497
481
3
253
131
949
97
498
269
50
247
994
396
585
246
456
315
393
924
939
406
76
339
709
410
361
308
942
385
866
382
239
864
801
967
217
413
998
553
528
830
583
256
927
980
858
931
504
564
782
322
538
961
204
235
485
519
321
183
71
355
376
243
548
888
223
649
249
871
703
67
453
925
907
510
92
970
895
287
354
135
483
179
398
200
63
948
237
717
623
617
840
7
17
992
294
265
651
506
641
403
159
973
313
53
52
307
276
297
578
795
822
58
68
886
581
767
521
812
902
940
325
628
319
721
740
728
625
816
173
375
672
797
914
694
447
426
88
378
568
601
148
490
90
732
938
957
594
141
383
134
402
543
996
93
856
405
140
366
943
328
904
32
473
809
78
768
551
232
945
216
47
853
969
151
227
558
746
793
435
556
600
41
755
219
74
522
975
966
743
839
910
616
645
184
412
820
363
479
607
210
422
731
908
229
96
117
218
301
44
787
680
946
565
835
9
571
818
16
49
958
240
449
161
803
302
5
947
126
781
691
502
323
458
881
478
495
418
365
541
492
854
863
292
274
700
842
245
850
474
295
399
644
751
34
95
364
150
314
642
348
114
738
98
608
441
397
597
129
985
417
559
471
577
570
146
198
121
28
796
851
951
346
69
825
517
468
494
579
915
715
368
236
843
57
526
660
554
230
509
634
745
423
357
611
284
214
264
29
373
25
191
486
212
979
369
525
384
279
520
10
309
13
91
890
855
828
118
749
929
638
21
697
188
391
337
252
303
877
273
580
185
736
633
741
987
475
326
119
872
687
83
615
799
189
567
533
523
919
226
829
261
170
725
234
762
557
411
936
351
108
258
679
542
774
819
201
965
944
445
882
844
894
457
142
675
712
658
898
472
716
900
846
754
788
352
31
671
514
760
190
805
379
870
862
452
627
429
879
602
329
433
166
813
665
770
739
515
963
335
442
923
277
192
493
14
33
730
747
205
11
145
911
359
831
684
748
997
46
865
-1
EOF
