NAME : sim701.255949.tour
COMMENT : Length = 255949
COMMENT : Found by LKH [Keld Helsgaun] Tue Sep 18 08:48:20 2018
TYPE : TOUR
DIMENSION : 701
TOUR_SECTION
1
175
652
274
484
423
491
106
430
673
271
618
477
212
336
304
455
384
403
63
533
86
90
383
246
72
395
266
252
391
298
529
547
595
220
593
583
182
546
366
241
290
69
629
12
559
91
15
165
446
114
485
47
422
677
50
341
458
457
413
242
693
29
25
159
194
171
190
245
496
514
355
345
461
655
176
382
637
284
659
501
631
151
536
110
259
641
500
37
510
432
675
390
320
147
439
650
508
288
690
528
11
248
575
668
626
172
76
610
222
251
111
57
213
669
416
468
368
318
297
209
687
84
625
317
535
33
305
154
632
166
346
600
116
16
97
564
103
193
367
429
553
599
300
19
311
442
296
506
279
77
568
142
287
448
504
127
71
239
493
179
210
229
361
180
483
480
397
254
517
257
436
394
203
393
80
335
464
26
322
611
544
387
43
581
594
700
385
467
169
149
646
630
607
622
459
105
353
56
136
362
68
676
596
616
548
247
125
431
512
23
686
376
649
476
250
642
262
238
289
173
276
657
573
167
609
272
98
388
227
74
466
273
102
634
314
119
389
79
324
534
644
52
22
2
407
602
613
88
31
133
359
145
656
24
639
59
226
418
685
587
608
400
511
441
54
369
588
53
326
223
139
174
112
550
178
522
225
674
92
233
515
224
604
215
293
354
360
264
183
590
502
537
580
328
682
96
558
143
244
560
163
7
230
601
89
574
118
321
285
513
566
420
688
186
660
499
530
235
338
662
351
160
352
623
445
20
358
443
424
99
249
155
412
265
231
627
100
518
571
85
73
378
78
130
520
666
49
214
258
492
399
478
115
598
333
65
332
615
509
519
303
319
438
562
331
692
578
202
232
636
330
551
329
696
554
577
691
309
465
66
9
211
138
205
380
152
340
364
261
64
419
474
449
62
140
292
141
671
444
32
410
195
417
277
286
83
316
199
516
161
35
75
313
344
614
201
5
440
635
162
372
405
148
294
28
451
356
488
697
348
654
526
323
605
411
280
60
101
6
452
414
334
584
207
191
396
481
87
339
302
479
672
680
310
4
555
640
200
404
409
157
134
307
204
645
177
185
521
36
255
121
187
658
295
472
113
531
181
299
122
507
95
469
633
34
621
437
597
237
291
434
156
664
188
681
463
495
586
128
473
679
643
561
503
471
263
374
236
543
234
683
40
475
694
327
216
61
109
342
308
532
542
538
667
39
217
108
651
525
661
699
337
144
402
381
565
490
582
30
527
206
619
486
567
275
301
268
350
363
498
51
120
55
552
373
606
453
428
427
539
164
482
343
576
81
545
701
456
487
196
540
435
14
415
228
579
281
665
168
253
603
282
170
107
17
197
470
433
572
648
42
617
612
267
663
589
184
370
421
375
450
347
38
126
497
278
401
365
192
392
158
124
218
10
67
137
592
349
150
18
94
70
198
46
377
653
82
460
269
624
135
408
306
371
189
549
13
386
27
146
208
104
454
243
117
21
523
628
698
221
131
283
678
315
312
379
556
260
8
41
44
325
591
45
153
132
638
569
357
647
689
406
48
620
256
684
447
695
270
129
570
670
58
3
541
585
240
524
219
494
557
123
563
425
505
93
398
462
426
489
-1
EOF
