NAME : sim1001.309893.tour
COMMENT : Length = 309893
COMMENT : Found by LKH [Keld Helsgaun] Tue Sep 11 10:18:51 2018
TYPE : TOUR
DIMENSION : 1001
TOUR_SECTION
1
146
454
231
544
76
339
8
873
875
51
223
707
445
991
265
609
939
37
479
616
569
823
419
947
11
352
698
987
723
133
845
608
993
534
240
484
28
806
385
80
776
84
704
932
422
70
890
118
315
320
862
571
462
170
300
456
234
219
546
98
481
191
568
592
392
491
589
535
677
413
303
886
729
578
107
244
448
913
302
758
811
935
326
34
340
821
393
225
86
527
804
826
637
888
371
792
105
897
923
927
998
781
74
892
349
858
796
208
652
271
264
753
960
138
480
760
712
564
172
985
557
802
992
95
673
496
203
126
9
808
740
919
554
583
306
553
593
833
242
277
580
581
627
140
915
88
218
675
401
217
115
383
545
325
43
828
476
427
903
584
549
785
933
365
611
577
4
159
215
22
214
232
716
199
968
567
124
510
109
227
724
268
89
321
158
824
604
596
684
196
749
708
1000
101
417
612
336
418
211
194
378
697
988
880
323
671
656
665
813
251
285
924
289
482
893
566
400
150
898
600
655
971
789
836
614
466
490
702
654
394
725
852
153
839
429
443
940
958
282
216
434
79
657
878
39
252
832
184
617
7
16
659
829
945
113
375
192
531
2
872
748
475
247
420
298
433
543
762
620
912
686
561
399
524
825
411
408
168
483
6
416
276
756
934
710
224
48
195
952
918
404
884
64
689
304
647
207
964
695
516
731
295
835
780
594
450
951
775
871
272
91
487
403
586
149
492
539
275
237
653
163
953
270
701
537
526
603
18
576
436
606
790
667
879
522
313
540
155
197
495
868
529
788
820
636
598
85
379
721
135
100
145
20
305
664
152
794
741
474
827
718
798
471
777
180
331
990
351
630
128
13
986
162
881
943
867
682
344
822
894
849
238
816
984
381
81
292
294
94
528
317
519
956
645
258
622
464
333
245
870
511
759
855
585
134
518
356
750
783
493
288
374
979
501
31
649
261
896
810
71
573
35
221
840
563
551
999
590
506
866
550
497
428
944
235
713
632
103
26
787
366
917
68
619
941
410
607
49
746
966
189
989
914
717
260
629
703
972
121
736
765
67
797
541
635
65
415
591
996
925
911
494
346
117
860
111
975
1001
36
426
236
942
104
15
905
250
770
552
916
193
57
937
977
575
803
681
815
83
54
461
62
73
489
44
187
848
390
807
730
119
387
452
767
309
368
297
17
131
560
738
78
743
202
950
204
96
517
605
588
499
130
110
354
338
29
330
164
287
248
147
633
222
763
362
239
75
857
55
904
621
136
498
263
764
532
446
548
129
12
899
668
646
27
696
722
165
735
521
311
266
687
97
976
982
132
805
460
570
102
963
876
685
640
525
969
676
425
579
190
680
819
800
388
358
962
337
559
843
699
407
259
889
21
597
795
555
626
672
791
853
931
558
32
40
291
615
459
45
273
455
439
307
500
342
674
293
663
310
961
817
198
533
66
887
683
142
82
909
175
201
814
144
412
921
639
644
751
120
565
473
92
171
766
143
513
347
694
177
831
254
167
582
711
895
329
613
316
444
220
812
52
641
737
727
874
628
859
72
56
503
470
156
856
174
744
449
453
660
691
714
372
485
661
233
638
970
955
61
974
213
229
562
761
437
148
210
520
257
367
314
505
757
41
572
296
382
182
116
87
774
183
536
386
181
599
206
173
601
693
700
547
837
851
457
883
267
93
58
200
447
3
847
719
595
361
920
742
926
122
734
186
754
241
357
755
834
243
154
30
587
99
423
538
907
438
249
255
334
779
625
818
801
841
205
908
850
414
377
398
877
965
670
63
618
957
488
322
335
228
844
705
178
885
363
280
865
188
508
745
451
25
179
318
504
299
669
46
38
864
906
269
477
771
421
752
345
901
348
690
137
405
936
395
863
854
24
980
954
502
556
212
623
432
290
256
662
441
769
732
715
169
324
861
376
108
472
610
435
679
739
114
160
284
157
141
370
185
353
281
360
642
967
23
226
139
922
327
509
112
486
60
631
364
846
688
720
830
77
424
319
978
709
882
176
467
728
69
666
166
692
33
440
369
773
930
14
373
842
106
973
900
891
938
286
59
651
389
542
838
928
678
469
726
230
355
784
274
463
19
658
308
530
430
733
602
396
946
246
406
283
458
650
10
465
384
983
90
478
772
332
53
747
523
768
514
997
278
869
341
910
127
253
468
262
574
959
929
648
793
409
209
431
706
125
995
643
397
47
343
778
161
301
981
380
799
902
123
948
391
515
359
512
949
809
350
782
312
50
786
5
994
624
402
42
279
151
328
634
507
442
-1
EOF
