NAME : sim1001.305166.tour
COMMENT : Length = 305166
COMMENT : Found by LKH [Keld Helsgaun] Tue Sep 11 02:51:52 2018
TYPE : TOUR
DIMENSION : 1001
TOUR_SECTION
1
205
216
429
174
678
60
855
624
302
120
400
713
356
666
254
369
522
945
637
473
591
898
28
419
533
248
334
507
955
467
462
567
178
515
913
131
274
352
402
714
948
545
613
251
671
679
732
782
996
548
538
648
184
984
479
528
511
1000
878
558
148
176
412
321
723
231
652
167
160
495
278
133
187
420
506
310
165
970
936
31
597
636
39
784
910
606
972
139
433
366
77
157
232
135
247
931
62
384
798
138
87
694
514
828
776
794
242
912
704
465
19
904
658
787
244
454
127
44
952
18
401
748
261
488
212
8
300
150
128
649
849
520
895
295
46
524
891
491
604
821
89
512
271
688
293
642
365
587
572
846
599
738
976
472
393
832
768
959
158
550
968
901
312
660
111
818
484
525
455
980
374
788
702
892
665
446
627
543
185
159
183
540
344
408
735
939
840
869
30
527
983
537
223
243
7
814
21
772
229
623
759
204
579
153
275
751
322
773
605
886
989
269
189
95
502
134
47
191
705
816
416
662
598
655
785
288
958
476
438
279
478
458
529
121
595
241
682
844
203
837
510
33
331
747
690
993
586
521
228
132
464
596
296
982
801
937
367
630
742
64
792
957
368
355
663
552
641
761
100
213
92
177
808
376
17
94
841
504
394
779
961
827
625
270
783
638
370
207
12
505
235
146
377
130
193
588
42
805
991
707
490
338
839
136
54
822
311
25
102
674
629
422
799
718
297
485
766
635
770
181
709
925
769
699
397
141
206
866
758
428
578
431
824
142
903
619
156
70
838
413
468
237
757
691
76
72
323
998
930
52
430
943
763
908
811
557
276
547
59
326
208
316
859
870
536
65
41
256
262
566
260
457
415
656
51
442
110
680
188
830
385
198
107
234
771
382
169
860
917
877
570
325
486
573
988
75
795
482
350
209
66
469
695
477
82
84
140
340
362
563
969
640
83
812
684
592
309
199
986
749
754
497
909
358
339
192
202
577
603
298
935
556
151
291
471
250
651
842
330
902
675
774
319
447
3
55
398
194
720
725
926
881
74
851
897
439
706
929
609
646
924
845
147
48
804
971
933
13
324
53
856
907
733
791
357
214
435
880
101
896
607
743
979
628
729
186
734
335
361
995
448
885
740
594
80
69
571
899
440
919
882
990
125
875
426
928
313
760
113
797
981
686
681
712
57
874
114
336
320
341
857
222
727
829
225
745
98
108
421
719
5
349
372
997
775
224
116
549
268
255
861
555
534
91
9
329
793
568
700
921
81
956
301
287
333
179
34
653
219
852
392
617
683
23
230
347
173
20
122
93
710
736
654
109
992
590
553
516
513
196
836
36
417
308
480
117
531
905
508
6
724
820
503
451
879
687
574
518
685
281
286
834
252
265
716
807
780
233
546
299
987
49
657
819
201
238
294
317
172
305
800
918
343
388
664
441
257
423
523
354
689
463
195
541
967
383
38
405
200
532
701
282
633
535
410
267
285
443
452
650
103
155
559
862
853
950
817
327
750
197
453
58
432
434
803
364
994
867
263
119
359
444
239
906
427
777
922
593
744
215
823
424
810
826
360
659
67
752
99
715
509
608
620
290
10
166
999
391
4
22
848
45
923
569
395
580
264
403
946
581
283
307
564
615
551
496
126
631
43
90
575
106
964
565
389
934
437
632
418
411
96
40
693
144
789
645
399
781
962
942
560
872
755
226
492
346
726
24
864
105
676
602
584
353
600
737
953
68
387
673
71
373
390
489
27
647
240
612
644
35
115
813
37
618
863
217
318
328
85
332
2
677
123
871
407
963
949
868
753
756
63
717
306
985
475
351
582
711
539
585
778
806
610
622
460
470
220
643
221
517
303
86
342
932
493
381
154
371
542
667
88
589
1001
29
741
884
97
78
162
104
843
218
315
722
858
954
163
746
445
500
180
764
304
854
583
118
739
765
266
314
951
280
249
273
790
786
190
639
379
56
143
396
865
977
436
483
337
409
26
348
499
289
670
501
696
73
16
61
890
966
900
883
406
152
175
873
258
161
850
692
227
894
414
292
284
973
498
530
380
425
149
378
345
137
363
815
129
825
171
386
236
544
461
960
947
708
272
974
576
698
112
562
809
561
14
616
876
728
245
519
456
210
466
669
668
831
526
911
211
621
459
672
404
767
915
889
246
697
626
124
887
661
888
168
79
145
11
614
914
721
916
940
634
277
554
938
259
927
703
611
164
601
253
920
481
835
941
50
978
833
32
487
450
170
975
965
182
731
944
474
494
802
893
847
375
449
15
762
730
796
-1
EOF
