NAME : sim251.155794.tour
COMMENT : Length = 155794
COMMENT : Found by LKH [Keld Helsgaun] Wed Aug 29 09:32:21 2018
TYPE : TOUR
DIMENSION : 251
TOUR_SECTION
1
29
120
89
79
90
228
100
37
211
58
156
232
49
180
218
99
97
184
183
178
185
196
35
108
52
18
126
154
98
144
198
85
206
177
43
68
92
223
212
164
239
138
246
11
59
24
69
50
95
33
123
26
201
110
66
78
236
250
214
176
61
76
241
116
203
240
247
109
104
202
80
23
152
122
77
60
64
172
39
187
91
150
7
8
163
197
245
5
131
141
106
179
113
127
162
226
87
193
65
243
157
4
217
167
136
73
244
192
161
175
125
53
46
143
28
231
207
14
30
169
251
221
165
54
225
220
101
155
227
159
21
105
153
17
107
234
142
111
149
118
117
72
31
132
191
249
139
242
235
133
34
248
81
20
230
48
146
186
63
121
237
10
119
219
124
160
209
19
148
213
93
42
112
41
135
140
166
96
174
233
2
194
103
16
151
74
70
62
32
137
190
3
204
38
9
195
102
83
200
216
147
168
13
158
36
47
15
86
199
222
128
182
40
6
189
71
215
129
229
25
173
12
22
115
188
171
55
224
75
84
27
44
170
88
51
57
114
134
82
130
94
238
208
145
45
56
181
205
67
210
-1
EOF
