NAME : sim501.217410.tour
COMMENT : Length = 217410
COMMENT : Found by LKH [Keld Helsgaun] Mon Sep 10 22:09:37 2018
TYPE : TOUR
DIMENSION : 501
TOUR_SECTION
1
186
391
65
145
198
393
181
165
200
23
132
315
349
401
109
72
305
322
480
362
28
460
114
225
417
202
366
5
29
177
83
183
328
59
178
98
214
139
166
472
324
30
434
410
195
60
71
191
321
461
194
447
142
201
160
463
275
340
257
88
187
439
280
93
99
255
378
291
329
408
403
122
441
89
237
395
297
314
49
326
274
61
234
34
243
140
493
364
138
152
376
367
258
111
227
79
387
95
270
129
149
76
75
10
153
352
489
31
2
500
425
411
223
389
92
375
128
330
286
188
174
18
21
456
156
346
233
282
397
70
381
497
339
150
249
212
459
169
469
296
272
386
290
429
158
74
440
48
208
6
123
419
268
312
316
106
327
56
332
260
399
374
216
81
380
104
450
370
295
281
42
468
306
219
161
308
283
11
428
413
190
196
250
3
303
495
418
41
53
86
449
313
266
478
90
230
358
16
45
319
462
398
311
124
426
170
353
126
8
119
155
229
246
284
43
342
433
46
414
262
464
185
383
231
466
438
452
133
121
73
333
209
248
363
444
135
62
261
144
457
492
451
236
334
221
431
317
100
473
15
273
107
163
206
301
184
285
448
422
259
348
420
143
240
235
467
192
304
435
244
355
341
369
58
254
396
19
110
117
331
455
415
207
245
276
37
490
180
251
475
494
432
382
91
264
486
359
147
405
292
57
335
307
354
479
384
38
179
309
204
131
483
485
127
482
167
388
488
220
336
458
465
471
442
64
13
7
199
40
476
27
24
20
385
409
26
113
14
85
263
17
265
173
481
424
394
361
454
213
310
205
82
228
470
52
108
427
400
39
115
9
299
325
320
277
232
35
68
25
141
238
116
474
105
267
203
256
365
377
67
171
278
134
130
379
416
146
44
12
154
241
182
211
337
338
47
477
66
345
496
94
96
453
499
222
63
288
368
371
372
351
197
118
271
318
224
103
226
159
189
4
373
164
300
217
215
269
69
344
404
125
102
77
136
302
50
120
22
293
501
357
287
294
392
137
343
491
80
112
239
78
151
210
193
443
412
148
445
247
279
36
253
436
176
218
484
498
97
350
421
87
175
298
323
101
157
168
242
406
390
55
402
54
487
360
407
356
446
51
437
33
430
84
423
347
32
172
162
252
289
-1
EOF
