NAME : sim501.217024.tour
COMMENT : Length = 217024
COMMENT : Found by LKH [Keld Helsgaun] Tue Sep 11 00:13:04 2018
TYPE : TOUR
DIMENSION : 501
TOUR_SECTION
1
75
242
8
244
158
250
426
482
34
445
143
216
188
405
293
273
47
219
351
348
207
391
340
435
14
288
381
285
217
86
101
321
303
324
345
157
138
319
155
387
5
490
80
35
108
137
372
139
486
31
169
463
437
210
150
40
130
328
6
342
41
175
21
205
241
261
454
442
281
392
57
17
170
51
135
290
245
77
121
406
189
398
416
394
425
19
278
71
325
283
16
45
441
314
211
53
128
234
402
330
412
126
450
172
403
306
200
432
336
338
201
199
145
382
312
296
294
114
263
249
180
298
20
129
194
190
165
248
96
146
284
12
269
89
94
397
317
333
63
488
414
23
363
221
352
142
475
59
48
300
253
134
115
191
369
177
385
448
332
428
109
447
485
131
196
176
56
308
85
105
62
229
90
197
270
465
497
163
364
297
473
349
419
240
112
140
367
178
52
255
483
110
384
132
225
213
123
360
274
457
117
192
186
120
404
415
73
26
410
417
91
254
271
231
375
430
55
443
29
166
42
449
119
151
413
147
98
459
228
181
102
161
480
122
446
322
11
310
65
162
420
429
212
427
291
238
10
498
113
339
305
72
174
481
69
84
204
277
265
365
331
451
359
239
206
466
471
97
264
327
78
353
124
227
141
226
386
366
258
230
423
287
462
399
50
30
193
346
236
67
299
431
491
182
267
500
453
2
494
461
38
478
9
247
224
326
464
70
214
82
183
37
316
111
237
456
95
179
302
309
433
424
358
33
395
74
27
438
318
452
87
106
307
492
54
496
470
374
22
18
232
493
28
501
220
202
3
355
347
311
100
154
400
198
350
66
418
61
187
104
376
407
185
76
125
44
380
251
272
195
246
444
235
92
156
152
354
46
149
368
268
362
389
468
409
460
260
133
99
4
320
257
373
467
203
43
252
153
343
371
159
411
286
127
356
469
160
408
495
361
436
383
243
32
434
167
276
479
256
484
208
388
335
282
379
164
341
344
477
15
489
390
370
233
259
474
393
472
499
295
476
289
487
7
401
64
13
209
60
136
39
25
275
93
315
215
148
313
440
323
421
292
377
279
107
301
378
79
222
357
329
223
218
280
304
334
422
266
58
118
396
171
24
83
88
116
144
68
337
455
81
103
36
184
173
168
262
458
49
439
-1
EOF
