NAME : sim501.216821.tour
COMMENT : Length = 216821
COMMENT : Found by LKH [Keld Helsgaun] Mon Sep 10 21:30:58 2018
TYPE : TOUR
DIMENSION : 501
TOUR_SECTION
1
115
241
351
27
257
49
126
50
244
239
201
273
132
287
97
481
261
205
336
213
131
230
152
193
39
384
333
153
372
272
92
492
98
164
407
8
490
24
263
284
5
494
141
187
448
86
158
60
176
252
42
431
103
191
399
17
315
227
188
114
212
51
442
300
461
471
314
493
195
382
146
45
6
480
346
105
111
173
298
404
43
393
466
421
78
422
70
226
331
501
155
120
74
311
373
15
356
233
196
228
378
348
368
268
57
71
402
319
62
44
237
112
491
81
128
394
332
353
426
485
338
489
401
165
190
463
101
249
216
355
395
438
363
159
443
288
123
69
374
453
75
325
178
107
166
425
343
108
327
321
344
449
192
202
424
139
289
14
280
162
151
55
222
68
303
329
72
48
345
215
21
411
10
197
278
476
174
439
388
445
23
251
96
122
168
328
29
410
350
65
253
279
367
318
260
446
232
135
495
185
54
428
229
220
160
136
163
433
238
435
296
456
140
76
235
342
267
64
405
7
41
180
221
224
464
306
281
200
219
182
104
16
32
181
172
30
484
150
3
377
254
364
223
420
302
282
370
467
11
330
271
441
366
276
207
440
2
25
291
341
12
20
243
218
483
361
33
397
148
295
9
203
177
413
385
352
455
84
459
31
53
28
34
63
299
154
26
498
242
376
109
210
444
90
80
144
85
236
316
204
339
167
211
387
59
231
119
324
270
365
133
292
130
381
408
100
354
334
283
121
499
56
145
390
369
417
396
214
479
293
262
169
359
250
362
482
110
375
409
470
423
436
83
458
457
143
450
473
18
95
358
87
462
186
117
406
347
156
91
349
38
240
290
285
127
269
82
286
386
66
161
217
309
106
36
179
275
129
468
472
497
418
371
478
415
360
116
225
452
194
335
13
414
416
322
297
274
19
246
419
320
430
94
412
304
427
125
460
487
451
477
147
171
77
183
134
124
199
307
157
310
486
379
40
58
37
208
265
142
138
46
434
256
175
474
277
259
73
500
266
113
469
198
323
437
488
61
189
52
35
294
392
79
312
389
301
93
326
496
465
118
137
340
317
432
47
234
380
305
447
149
22
264
67
475
383
337
357
429
4
391
89
248
255
313
102
184
209
206
308
99
245
398
454
258
88
247
403
170
400
-1
EOF
