NAME : sim161.126135.tour
COMMENT : Length = 126135
COMMENT : Found by LKH [Keld Helsgaun] Sat Sep 15 08:29:58 2018
TYPE : TOUR
DIMENSION : 161
TOUR_SECTION
1
86
83
59
56
84
132
101
120
3
115
36
122
160
144
77
94
18
12
118
17
54
135
34
4
35
150
152
114
130
32
42
57
145
13
111
140
129
116
51
102
50
97
128
119
30
105
10
136
78
26
80
155
88
153
113
107
109
90
52
81
14
60
64
71
99
23
67
124
108
21
93
148
40
151
46
139
16
31
33
47
41
159
9
85
161
5
61
73
82
127
141
157
131
149
106
24
27
87
65
134
103
79
63
53
89
49
39
147
48
158
72
43
69
25
28
154
20
38
137
45
62
75
19
44
66
126
15
6
76
91
121
104
96
58
68
2
74
112
133
123
138
37
146
55
29
142
92
7
117
8
95
98
125
70
110
156
11
143
22
100
-1
EOF
