NAME : sim251.159395.tour
COMMENT : Length = 159395
COMMENT : Found by LKH [Keld Helsgaun] Tue Sep 11 17:00:18 2018
TYPE : TOUR
DIMENSION : 251
TOUR_SECTION
1
30
15
249
23
134
12
80
143
223
137
206
79
70
21
169
81
113
215
205
192
207
46
32
121
201
47
123
25
171
172
83
179
86
159
128
99
187
149
141
34
19
127
131
236
92
91
66
97
69
62
96
248
142
170
166
4
108
165
106
200
52
227
77
51
145
209
198
194
18
224
195
117
154
150
191
202
115
144
116
183
122
148
41
107
114
101
177
210
186
235
151
129
197
2
7
230
246
37
220
56
185
59
102
60
174
55
245
243
27
16
203
71
61
17
130
10
188
244
160
240
104
120
251
33
228
112
158
53
43
233
50
64
90
190
85
93
147
3
72
181
222
155
196
232
189
153
105
5
217
119
132
100
29
193
229
157
199
180
76
162
22
175
109
213
36
35
63
241
124
13
212
136
125
176
168
164
75
239
14
156
82
226
225
161
57
242
9
111
58
49
204
6
89
67
140
44
146
218
139
237
31
87
219
178
221
42
26
45
163
78
216
39
65
24
135
88
214
138
94
211
238
73
98
182
247
95
20
8
118
133
110
11
40
126
38
74
250
167
234
103
68
184
231
54
152
173
208
28
84
48
-1
EOF
