NAME : sim501.217590.tour
COMMENT : Length = 217590
COMMENT : Found by LKH [Keld Helsgaun] Mon Sep 10 22:44:00 2018
TYPE : TOUR
DIMENSION : 501
TOUR_SECTION
1
5
321
105
395
300
222
318
499
289
98
112
21
377
64
256
421
386
405
14
152
189
470
359
120
268
394
274
247
171
367
156
9
203
175
99
290
273
259
159
487
95
39
63
59
101
396
205
477
234
260
363
179
471
425
133
146
153
26
91
51
200
485
428
436
457
388
497
411
369
190
432
458
337
207
248
204
417
43
258
282
379
251
482
392
217
22
7
184
104
225
364
118
18
13
449
450
342
201
117
212
486
41
38
446
124
301
94
314
297
240
78
346
109
455
82
180
223
166
488
131
391
310
44
188
292
291
224
195
279
144
262
453
88
191
333
174
373
306
427
114
106
138
53
140
480
370
299
479
404
65
263
353
172
136
183
311
460
242
210
130
135
10
476
500
339
208
468
322
122
419
349
218
237
387
494
489
270
397
2
317
448
173
459
4
52
437
49
330
155
252
309
69
197
134
431
107
79
6
316
103
15
400
253
169
202
467
19
493
390
127
145
45
221
90
97
164
143
389
24
496
89
57
366
227
414
341
182
376
160
403
352
357
266
84
196
163
271
32
66
375
229
255
12
276
55
384
187
231
162
398
325
305
498
340
281
287
29
462
167
334
215
360
434
36
277
469
475
60
249
433
304
244
58
393
209
278
336
338
141
402
245
46
233
362
351
178
243
355
483
275
332
320
34
354
40
239
296
206
410
381
267
42
298
70
154
365
473
286
35
347
33
80
492
383
466
148
463
361
478
308
445
54
265
372
20
31
17
236
230
115
246
83
442
412
214
345
284
213
418
283
307
147
254
139
92
48
96
501
16
211
409
447
441
157
269
128
413
85
343
123
3
25
407
47
422
86
111
121
294
439
226
142
56
125
495
426
61
295
129
228
219
177
285
93
454
303
420
344
401
37
452
280
23
87
81
350
329
385
464
323
438
378
415
315
435
382
472
232
198
264
331
465
73
368
326
484
11
77
161
374
474
165
72
113
371
461
132
30
100
272
335
75
424
348
444
220
481
192
328
238
288
423
302
8
76
186
408
261
74
181
150
429
116
216
235
491
27
119
451
293
170
102
126
28
319
443
193
241
358
380
176
313
312
199
399
416
71
194
110
406
324
137
151
67
257
168
68
430
356
250
62
108
490
440
149
185
327
158
456
50
-1
EOF
