NAME : sim321.180590.tour
COMMENT : Length = 180590
COMMENT : Found by LKH [Keld Helsgaun] Sun Sep 16 02:38:04 2018
TYPE : TOUR
DIMENSION : 321
TOUR_SECTION
1
10
89
169
162
193
236
79
196
278
197
284
213
227
288
9
72
276
134
74
32
65
269
293
142
207
42
262
133
245
226
246
23
252
215
116
239
15
298
125
313
173
40
52
75
5
164
299
151
158
249
37
251
171
7
18
13
217
306
108
85
319
25
131
303
242
92
114
149
253
170
96
294
229
261
69
216
117
218
41
66
124
234
28
222
220
304
140
202
110
94
315
144
78
106
211
264
47
35
82
107
243
33
163
71
258
54
174
188
268
309
212
282
63
285
139
255
11
129
34
161
67
30
17
153
154
20
155
123
308
98
84
68
184
302
100
51
203
228
156
99
205
256
219
263
310
159
8
290
318
87
160
233
45
214
237
291
121
182
179
307
235
64
57
16
26
224
55
209
279
254
168
83
286
283
300
177
210
317
289
241
137
312
301
53
273
136
80
12
198
204
296
148
48
39
267
44
186
90
172
247
281
274
225
192
287
305
266
88
105
3
275
183
320
113
187
165
49
21
126
191
132
250
104
61
311
70
122
314
81
244
138
2
231
150
260
29
19
38
143
277
43
221
230
76
102
240
199
178
115
321
167
201
91
27
180
109
86
50
120
56
141
195
46
130
127
97
157
103
119
176
146
257
175
36
101
265
259
238
232
31
270
24
95
60
145
147
135
206
77
185
295
118
58
189
223
111
128
4
190
208
62
152
73
248
6
194
22
181
166
14
112
59
200
316
271
93
280
272
297
292
-1
EOF
