NAME : sim1001.304241.tour
COMMENT : Length = 304241
COMMENT : Found by LKH [Keld Helsgaun] Tue Sep 11 15:27:29 2018
TYPE : TOUR
DIMENSION : 1001
TOUR_SECTION
1
5
548
856
19
678
374
826
485
546
384
623
129
457
280
872
792
984
627
516
84
256
177
191
891
27
402
830
636
576
236
541
790
11
825
307
910
298
63
531
33
885
371
159
292
899
141
747
42
598
556
617
520
671
299
113
567
317
321
117
532
999
17
777
539
707
153
442
251
951
20
812
725
537
465
952
2
437
691
953
743
663
293
543
391
494
167
350
726
588
194
695
322
615
184
228
943
218
530
215
750
352
500
148
889
904
426
237
455
114
545
480
670
211
774
637
734
718
193
860
309
101
474
688
705
921
610
958
172
295
974
410
988
936
489
405
981
425
224
38
289
565
941
638
949
503
869
272
505
444
819
356
608
133
816
800
179
22
757
990
377
86
188
80
214
870
144
766
131
998
680
275
344
122
733
700
82
714
697
158
393
986
460
803
525
8
799
767
517
244
813
169
25
878
207
229
274
523
656
677
683
441
640
197
770
973
920
648
89
976
50
190
591
35
328
230
389
469
809
111
32
755
440
840
140
581
965
596
570
847
912
939
710
881
60
893
166
838
551
666
449
820
798
810
57
564
330
709
421
814
139
66
497
232
647
413
411
64
79
381
924
554
6
186
301
690
408
784
954
283
347
439
1001
788
102
349
993
740
416
794
527
675
720
161
9
360
392
290
178
383
420
753
875
171
303
957
7
662
160
985
284
950
481
181
353
515
583
653
180
832
388
787
372
634
241
362
291
235
737
268
254
970
16
562
620
324
866
823
667
37
112
977
909
418
476
332
212
644
365
917
53
782
535
611
643
490
379
154
604
311
216
681
446
557
308
96
146
829
499
110
238
74
888
533
686
682
919
396
839
550
85
702
971
326
343
100
645
915
296
785
271
419
223
282
983
751
195
198
83
464
635
477
401
92
305
143
664
108
219
265
519
192
574
266
432
152
447
495
454
278
456
892
461
669
21
189
646
736
752
73
3
125
281
135
257
694
887
422
359
933
136
435
267
127
132
696
854
462
263
203
61
399
398
614
945
182
498
804
277
698
443
429
471
549
475
91
436
600
966
630
969
472
26
995
496
867
589
40
336
185
884
142
763
124
46
335
463
925
250
547
641
486
693
98
506
78
262
24
679
451
87
423
261
858
339
427
176
978
93
778
71
900
552
701
883
859
76
260
382
77
618
90
23
572
996
369
95
717
187
327
613
183
68
837
911
4
711
831
938
473
1000
916
994
731
201
470
699
732
145
130
928
404
577
843
512
997
276
715
914
51
18
175
240
622
607
563
967
59
868
29
304
861
243
522
200
845
364
886
491
727
44
231
107
312
931
741
445
123
834
56
385
824
165
795
302
65
313
406
363
105
467
776
573
833
428
521
665
841
115
99
403
209
338
722
210
650
846
119
507
128
273
544
508
493
233
729
907
851
781
793
70
561
853
221
69
754
225
719
45
768
968
708
629
528
855
438
927
39
534
366
319
749
253
898
821
756
817
417
802
116
380
97
306
621
220
526
109
329
865
716
972
930
121
412
345
789
340
294
239
703
579
149
28
775
582
58
431
896
944
923
357
674
555
879
987
805
871
590
118
748
862
628
452
806
540
395
745
989
478
204
685
585
316
992
459
902
624
285
147
713
744
631
594
580
287
518
739
227
31
162
315
651
226
723
62
52
367
587
655
780
373
569
12
196
724
746
721
659
252
890
524
874
913
286
247
36
450
959
15
935
351
342
673
163
844
956
511
414
822
484
807
593
947
654
602
632
333
13
269
331
394
234
202
409
771
205
386
361
773
759
434
390
712
424
415
728
242
156
458
946
811
882
536
609
762
991
222
808
487
137
453
248
616
245
72
760
48
208
601
325
466
625
270
704
661
504
206
672
873
940
310
510
922
320
337
355
258
982
14
929
81
657
566
599
354
903
706
375
660
318
479
764
633
41
88
488
376
937
558
684
761
34
980
962
120
164
649
249
857
246
378
926
575
603
482
934
155
801
75
170
850
150
606
779
964
49
612
828
106
901
955
529
863
538
513
689
502
963
595
880
642
448
199
897
126
514
592
255
979
626
765
578
264
692
961
758
134
157
668
619
948
138
769
639
827
279
905
864
908
542
55
772
605
103
906
818
786
341
877
468
346
652
288
568
597
174
796
430
94
815
676
783
738
586
217
314
407
918
687
43
10
975
483
151
397
300
213
67
852
560
797
894
400
168
348
297
54
836
492
842
742
658
559
358
791
848
730
876
509
323
259
584
173
932
368
433
895
104
849
735
30
501
553
387
960
571
835
942
334
370
47
-1
EOF
