NAME : sim251.155693.tour
COMMENT : Length = 155693
COMMENT : Found by LKH [Keld Helsgaun] Tue Sep 11 16:53:56 2018
TYPE : TOUR
DIMENSION : 251
TOUR_SECTION
1
50
140
117
33
19
207
149
81
71
20
194
22
94
27
200
121
95
44
102
111
79
64
55
210
40
75
222
235
60
118
176
161
230
69
7
99
215
93
3
156
41
160
193
201
134
205
106
49
223
173
209
57
72
115
247
154
180
211
181
62
36
133
65
250
83
92
141
29
189
90
218
108
136
80
48
100
187
11
109
132
67
35
101
85
158
91
21
147
129
89
82
195
110
182
251
61
186
139
245
214
143
131
236
183
97
38
87
169
152
171
168
104
120
151
188
51
113
212
14
191
26
122
163
124
37
9
225
213
13
28
237
68
116
96
165
45
18
229
199
88
73
246
123
138
17
84
5
112
217
192
16
234
175
159
66
249
177
107
103
155
12
241
77
174
142
172
63
130
203
238
53
6
226
228
179
240
105
24
126
86
144
125
56
98
196
8
127
34
233
244
162
25
32
220
137
221
190
198
148
248
216
128
184
166
202
208
153
135
119
224
239
206
78
59
146
232
46
150
39
231
243
42
23
54
164
219
145
70
31
74
185
227
157
197
30
47
170
10
114
43
4
76
242
2
204
167
52
178
15
58
-1
EOF
