NAME : sim1001.306640.tour
COMMENT : Length = 306640
COMMENT : Found by LKH [Keld Helsgaun] Tue Sep 11 00:41:22 2018
TYPE : TOUR
DIMENSION : 1001
TOUR_SECTION
1
906
765
125
587
80
416
187
717
422
295
578
51
502
127
700
150
860
654
547
156
26
178
913
332
152
305
526
544
572
65
53
877
643
891
600
817
977
146
1001
326
923
882
856
710
708
267
112
719
315
231
254
250
106
290
138
489
204
663
76
391
615
960
20
453
747
784
646
621
740
296
32
681
691
361
180
140
360
11
407
715
839
954
148
451
320
302
130
427
973
830
246
193
828
996
500
94
412
447
385
826
812
794
927
398
49
71
819
397
499
579
655
523
512
28
850
405
787
618
389
596
461
456
197
992
735
974
976
291
999
372
867
79
546
630
286
384
629
852
129
235
390
873
569
966
452
171
249
864
835
782
474
78
590
574
228
414
475
241
147
115
940
648
553
806
682
810
900
511
911
123
995
251
955
402
939
545
195
978
534
870
128
959
709
766
441
33
504
968
256
330
236
22
683
551
163
737
472
601
136
656
91
698
247
485
45
990
979
406
149
660
168
938
842
634
558
369
807
237
783
191
575
126
914
271
779
413
628
62
428
170
113
684
514
224
515
611
980
518
153
318
759
652
270
501
299
457
185
131
780
903
166
434
613
563
31
462
182
244
836
943
706
418
507
367
172
627
346
993
70
497
74
699
670
859
920
409
17
962
958
718
297
798
321
61
659
75
268
238
173
632
872
555
284
488
329
50
736
460
221
664
260
941
12
644
89
132
843
975
599
530
589
399
956
679
797
595
3
912
665
972
239
801
7
998
863
743
620
259
592
989
200
81
757
214
832
379
564
212
275
303
218
386
624
157
538
505
68
638
991
93
753
262
619
207
102
542
802
294
647
849
378
800
40
287
692
337
984
539
855
552
95
437
845
922
697
818
597
541
947
273
926
925
879
567
46
608
568
206
543
823
15
887
749
680
768
909
480
929
503
436
57
448
687
382
813
77
594
788
201
229
520
38
395
340
689
484
874
934
758
43
424
614
733
135
443
519
762
822
851
761
403
820
671
120
861
581
310
116
442
777
586
111
841
562
97
334
865
435
816
953
928
573
14
430
585
571
516
994
21
815
470
105
2
728
904
34
54
606
723
712
967
576
468
421
358
174
210
556
376
769
209
666
245
781
885
401
741
987
795
18
383
101
350
591
464
675
281
791
59
349
415
935
610
661
492
649
829
41
139
848
199
509
263
304
167
293
734
155
674
440
465
107
957
857
528
298
30
289
325
164
910
23
951
339
312
188
9
721
63
373
108
711
264
725
192
183
6
771
893
744
584
96
364
763
208
803
716
278
565
494
533
481
476
433
724
162
313
878
560
529
324
532
540
844
702
639
145
184
808
285
868
658
690
194
450
965
598
626
316
426
508
1000
641
338
513
527
607
657
44
328
67
981
971
366
871
825
704
561
918
901
952
793
866
693
189
751
982
276
151
213
411
388
603
98
257
344
612
729
5
72
404
374
159
858
924
792
881
222
609
354
137
964
198
933
550
306
754
319
355
165
92
905
186
380
651
703
60
248
946
408
809
368
227
686
400
745
837
160
676
347
727
458
714
617
814
774
370
883
333
29
869
177
10
785
311
181
258
269
277
141
767
425
4
83
907
274
471
410
301
988
496
739
536
35
838
282
479
732
420
64
776
175
932
522
283
226
47
216
760
490
917
396
531
748
945
42
770
919
559
143
215
772
365
696
752
775
362
685
650
331
242
109
653
233
778
307
161
726
707
217
39
688
90
243
642
348
240
351
86
804
847
432
731
985
840
936
796
969
323
381
467
668
695
335
616
949
662
252
566
786
548
834
234
55
722
756
265
738
37
742
886
622
142
82
454
205
336
158
944
121
119
755
773
223
623
799
937
230
983
764
478
279
36
930
124
789
327
469
570
176
225
459
821
720
701
25
377
417
392
211
280
455
122
232
637
583
134
705
444
375
875
915
986
970
549
677
604
190
942
88
831
554
300
104
824
8
19
261
359
645
58
345
853
635
582
387
694
506
144
537
678
487
854
66
473
371
862
446
253
746
24
896
449
477
393
73
103
493
580
902
833
517
510
491
495
357
486
220
482
916
713
950
892
899
640
897
353
118
431
931
593
292
356
631
948
588
672
463
317
117
110
673
179
602
439
48
669
219
524
445
790
888
56
322
100
114
521
730
27
894
535
13
667
87
352
419
963
255
85
636
342
884
203
429
308
633
846
577
69
341
154
99
272
876
557
625
908
750
314
605
169
898
498
288
202
889
921
466
133
309
423
525
84
997
811
827
438
880
16
805
266
483
363
890
343
394
196
52
895
961
-1
EOF
