NAME : sim1001.304067.tour
COMMENT : Length = 304067
COMMENT : Found by LKH [Keld Helsgaun] Tue Sep 11 10:39:13 2018
TYPE : TOUR
DIMENSION : 1001
TOUR_SECTION
1
4
160
391
435
293
974
885
930
404
137
585
603
663
707
669
627
194
530
552
706
213
783
493
412
673
468
865
369
119
272
196
555
173
456
729
882
684
398
231
132
652
416
177
842
850
510
346
630
933
696
46
868
174
203
426
358
311
82
946
887
125
795
390
184
584
509
306
465
362
275
172
908
658
822
793
624
470
568
506
123
8
195
763
557
951
100
722
242
572
490
298
653
666
901
236
639
97
725
511
447
517
328
314
995
375
436
363
828
976
578
594
577
847
580
111
984
163
452
228
841
365
343
898
377
905
832
922
79
792
401
58
521
904
180
768
162
649
265
854
383
808
717
425
764
256
878
405
296
144
548
327
322
54
197
286
526
67
900
98
690
473
266
787
924
389
90
65
880
645
797
790
991
733
239
400
781
407
769
522
349
545
543
483
324
877
742
746
221
246
229
442
700
370
935
337
359
443
749
481
380
840
257
94
248
317
393
613
24
771
277
51
338
932
226
87
415
723
464
227
42
95
583
316
469
985
282
19
622
681
867
821
200
424
662
573
636
347
646
810
60
305
848
592
81
952
730
546
863
164
928
703
467
804
801
685
855
336
724
331
193
461
711
130
170
238
16
640
617
371
455
765
899
110
503
35
124
708
757
772
773
873
514
998
831
103
834
482
969
740
63
955
853
414
192
406
820
559
459
11
945
800
252
33
970
600
547
743
735
68
859
453
702
340
212
168
126
956
845
113
395
187
879
680
561
553
948
446
488
495
875
541
902
39
823
145
106
382
430
857
232
216
751
587
333
288
802
72
26
49
777
295
422
953
297
745
6
502
586
615
140
348
599
427
280
475
683
335
958
284
989
915
981
15
458
986
884
888
718
647
689
334
575
477
944
966
815
721
870
120
96
18
515
313
576
809
454
871
720
918
737
550
774
489
31
122
91
299
566
165
937
438
699
234
664
762
499
262
319
494
532
344
29
675
912
171
755
109
40
36
185
41
50
376
936
988
497
105
758
287
14
780
556
766
134
491
562
445
756
360
942
99
485
934
558
428
596
979
244
626
448
315
595
678
744
866
190
378
916
837
421
1001
157
128
357
139
569
883
923
303
892
601
987
205
897
118
894
222
332
392
796
798
70
643
839
962
927
116
372
608
108
838
852
618
215
285
112
803
611
487
269
623
567
990
825
911
650
761
354
677
732
253
13
860
688
679
2
361
342
142
610
276
223
814
199
437
439
409
542
178
691
957
784
734
504
693
12
816
651
235
268
929
431
748
692
671
614
146
695
604
209
500
21
701
104
920
910
997
890
607
710
959
508
598
28
45
874
682
609
843
713
574
423
889
210
753
533
950
789
588
977
727
620
665
579
156
379
34
93
208
619
89
321
861
308
778
616
776
637
25
714
973
101
92
660
881
270
638
537
471
472
698
202
381
582
925
534
846
824
434
716
152
211
621
263
478
240
78
73
738
876
281
77
10
512
767
785
86
279
292
17
492
786
350
896
441
805
940
914
759
419
48
7
411
462
225
37
858
291
563
151
214
739
527
318
402
220
529
102
148
353
5
498
309
549
388
351
516
366
463
642
384
243
167
913
356
752
560
938
44
782
667
75
368
53
403
564
641
143
654
352
826
538
505
20
444
535
80
672
182
947
939
728
963
954
907
367
520
705
794
450
43
176
241
460
131
709
57
544
254
760
484
76
121
396
893
258
886
694
38
260
591
373
668
22
919
166
612
189
674
812
249
399
127
149
524
565
554
844
996
480
271
432
872
218
856
589
449
304
657
807
386
540
278
107
864
917
827
451
294
597
525
602
329
903
161
88
851
949
186
712
330
84
687
992
69
496
114
570
965
230
659
719
968
836
629
250
891
631
179
385
302
813
345
931
32
457
466
374
747
655
206
819
52
159
978
909
528
633
736
129
869
59
479
536
9
994
85
207
188
686
251
513
806
835
731
138
593
833
983
964
62
476
971
204
829
697
325
817
410
387
440
982
433
628
486
523
818
55
661
300
507
862
791
571
307
224
290
429
648
811
153
61
397
158
3
323
47
147
539
741
644
474
289
531
590
219
581
237
27
273
169
895
66
770
999
606
135
656
635
247
993
972
417
750
413
141
23
155
676
830
71
339
605
364
264
312
198
943
183
201
261
136
175
961
980
418
849
30
301
394
233
726
975
74
154
754
519
941
133
921
799
56
632
326
625
150
420
775
551
715
501
64
906
960
274
283
267
355
634
181
1000
83
191
518
967
255
704
115
408
926
217
341
320
259
779
117
788
245
670
310
-1
EOF
