NAME : sim251.157597.tour
COMMENT : Length = 157597
COMMENT : Found by LKH [Keld Helsgaun] Tue Sep 11 17:10:41 2018
TYPE : TOUR
DIMENSION : 251
TOUR_SECTION
1
29
210
171
4
158
154
66
148
24
211
235
200
165
226
156
207
22
81
202
230
124
85
163
125
108
238
16
217
6
145
128
41
28
227
208
89
101
142
52
244
90
114
38
225
179
203
182
23
96
162
64
242
11
49
37
17
75
116
193
150
195
65
25
19
188
214
48
246
249
176
74
201
147
47
35
129
91
105
100
7
250
135
31
229
2
115
58
139
93
219
134
87
61
111
178
153
44
32
241
243
130
140
36
71
40
8
221
213
206
232
164
166
104
141
55
86
77
79
63
149
70
157
228
177
231
180
78
119
46
146
54
82
215
102
167
12
190
13
95
144
103
170
118
67
56
39
59
117
183
83
160
223
222
151
20
33
199
110
155
169
92
187
198
233
174
185
245
9
69
216
240
159
205
131
62
84
192
68
10
172
186
120
27
98
43
133
123
76
30
18
248
72
26
80
97
251
106
173
42
189
181
168
237
132
224
113
107
191
121
3
138
218
50
5
161
57
239
234
204
136
152
126
14
109
137
122
196
143
60
99
220
212
194
34
197
73
45
88
94
184
21
15
175
209
127
236
51
247
112
53
-1
EOF
