NAME : sim501.221117.tour
COMMENT : Length = 221117
COMMENT : Found by LKH [Keld Helsgaun] Mon Sep 10 21:15:16 2018
TYPE : TOUR
DIMENSION : 501
TOUR_SECTION
1
160
79
92
145
156
500
307
399
283
336
165
193
162
150
501
103
411
339
343
129
18
200
56
78
138
81
328
217
278
226
461
77
434
298
431
280
349
39
86
4
186
137
481
141
479
143
382
122
175
295
449
289
317
274
51
85
76
199
230
72
240
96
70
113
148
33
187
164
422
419
345
302
50
90
243
10
493
213
389
334
166
314
330
428
429
480
117
448
452
385
286
48
157
203
71
446
388
357
333
325
88
244
412
466
42
104
341
331
139
365
344
413
270
379
455
89
348
188
347
426
423
356
381
377
161
163
405
214
185
134
487
100
237
95
327
441
498
26
417
261
220
173
41
386
454
260
22
380
459
313
236
450
484
99
64
216
204
374
182
177
121
418
45
178
316
408
106
87
167
253
222
465
287
250
19
494
439
235
80
2
170
276
376
27
130
68
232
373
457
55
120
471
395
296
420
281
111
258
128
94
46
69
194
149
208
38
279
146
329
436
491
223
32
53
179
337
332
17
152
158
400
372
346
91
119
118
30
225
383
355
252
13
6
262
427
211
190
464
183
3
482
407
360
489
44
269
245
127
110
47
282
206
191
49
387
231
234
265
404
8
492
370
24
456
496
275
174
52
116
207
460
421
323
9
271
12
73
147
384
398
256
486
172
184
102
65
97
268
75
31
7
299
132
66
189
485
40
255
364
369
254
292
25
108
151
368
229
359
144
272
105
403
437
74
443
238
453
82
224
440
192
180
447
176
297
351
475
342
266
451
326
415
324
15
284
366
322
11
205
124
28
168
37
478
62
228
259
201
442
430
467
378
109
36
305
476
267
209
218
248
155
126
291
154
375
227
361
468
409
60
483
249
425
241
84
171
83
445
499
288
202
353
315
112
300
277
477
215
63
312
125
391
311
293
367
135
29
416
263
210
247
140
432
107
23
212
338
153
114
354
371
59
169
401
196
67
5
195
390
488
424
473
54
181
462
352
393
303
463
43
318
197
20
16
136
58
233
93
304
435
133
257
198
497
306
472
14
310
35
320
61
321
350
246
397
101
469
221
438
402
285
159
406
239
319
396
309
470
98
123
273
301
335
115
410
392
219
294
290
394
251
264
363
433
340
362
57
490
495
308
444
21
474
458
414
142
34
358
131
242
-1
EOF
