NAME : sim251.155227.tour
COMMENT : Length = 155227
COMMENT : Found by LKH [Keld Helsgaun] Tue Sep 11 17:37:12 2018
TYPE : TOUR
DIMENSION : 251
TOUR_SECTION
1
119
177
226
223
108
249
185
13
35
18
109
3
171
144
143
68
122
43
239
111
193
165
7
241
52
152
95
247
118
127
192
197
251
29
164
242
141
92
210
142
174
96
146
196
198
27
230
10
240
179
190
83
107
134
75
203
124
113
246
234
206
22
50
166
140
243
99
168
46
85
173
200
82
236
23
41
60
42
62
47
91
238
14
202
105
153
55
79
136
101
125
61
98
26
162
233
74
139
45
175
106
84
188
169
51
244
225
36
88
69
100
65
195
16
48
131
160
6
205
157
137
24
155
28
58
187
161
181
64
37
191
167
149
170
148
11
158
184
63
217
77
32
93
147
130
53
221
211
154
66
128
224
9
4
2
34
87
97
39
81
194
103
209
80
145
163
78
110
116
172
114
250
94
135
59
57
220
208
33
72
176
86
38
235
30
215
248
120
222
219
237
20
218
126
189
15
17
216
201
73
129
102
212
12
121
199
89
180
133
44
56
232
54
8
159
178
138
207
227
71
186
31
214
19
115
21
67
229
5
123
49
183
151
213
182
228
245
40
150
70
117
112
204
76
90
156
104
25
231
132
-1
EOF
