NAME : sim1001.313437.tour
COMMENT : Length = 313437
COMMENT : Found by LKH [Keld Helsgaun] Tue Sep 11 01:55:42 2018
TYPE : TOUR
DIMENSION : 1001
TOUR_SECTION
1
250
732
205
403
339
192
106
457
596
835
548
636
838
473
902
268
656
637
361
979
172
102
108
652
84
48
325
245
139
223
549
98
19
239
309
896
264
945
131
529
332
651
92
591
971
966
847
284
922
642
616
183
580
169
961
708
691
442
852
618
995
52
140
378
742
59
289
425
712
267
590
221
768
586
639
393
408
809
753
722
976
182
862
559
342
247
109
726
892
745
313
977
857
620
145
617
474
99
276
647
843
449
531
672
381
456
736
460
33
959
367
953
770
994
199
807
93
211
294
389
415
300
163
437
968
545
790
827
101
871
657
566
654
991
523
398
486
365
563
208
44
858
30
347
519
948
248
21
594
433
273
13
164
926
699
11
1001
724
448
451
883
578
542
956
238
430
17
891
167
607
861
230
147
874
893
324
126
116
432
122
231
341
934
18
191
670
152
4
783
29
720
349
171
771
272
502
765
450
469
225
400
824
85
89
66
633
938
772
113
155
246
801
439
61
679
530
53
482
674
536
233
582
787
220
535
218
287
55
15
196
296
518
714
999
422
212
244
776
876
682
886
322
723
887
989
931
249
364
684
416
137
806
79
632
663
612
707
36
197
447
215
930
206
420
49
998
517
335
45
351
909
803
638
3
540
94
464
888
369
555
627
78
229
671
491
160
898
302
648
786
579
428
828
28
358
9
804
343
331
710
537
198
907
190
326
964
941
47
117
280
696
750
755
467
587
88
83
796
216
334
556
60
159
186
585
814
80
767
981
346
465
459
521
848
763
319
493
560
22
688
500
526
386
286
624
134
462
429
884
719
595
597
609
740
735
584
908
980
62
568
133
730
366
675
634
661
446
718
702
303
946
511
974
635
125
452
26
310
354
252
275
628
830
237
91
524
983
8
681
951
567
372
123
234
738
185
362
177
128
390
443
880
778
97
581
802
557
610
397
165
895
219
455
766
283
5
471
150
608
157
476
777
181
831
317
421
336
41
520
71
769
299
543
327
677
1000
34
649
435
833
468
359
701
409
562
505
200
444
477
315
739
516
161
490
65
939
841
503
879
479
837
472
897
254
869
553
927
800
43
385
124
940
728
774
323
76
716
700
2
924
957
470
69
625
775
988
619
35
333
488
67
360
282
727
592
7
138
253
24
919
168
583
703
631
312
129
820
269
314
761
114
461
872
836
781
383
178
593
391
31
865
866
805
773
20
348
602
293
68
427
570
576
873
665
42
743
704
744
598
910
546
692
328
277
794
127
791
484
729
645
226
271
784
396
175
733
970
788
878
213
572
889
119
251
621
307
236
614
240
120
943
458
46
295
955
713
972
686
130
721
715
689
764
149
690
641
184
993
441
32
40
75
489
485
410
111
533
711
829
706
603
201
27
846
266
222
445
741
110
935
209
859
265
925
355
180
698
514
860
483
118
217
539
868
564
285
16
754
187
510
72
12
737
392
506
950
431
885
70
676
189
611
834
840
440
694
856
952
374
153
532
853
793
911
298
589
297
673
338
382
653
350
615
144
463
402
257
377
544
746
103
23
481
162
936
816
797
166
921
819
401
987
453
345
104
904
782
554
194
508
969
558
942
756
527
789
849
25
170
495
395
695
626
405
954
749
228
949
573
709
112
74
655
499
279
478
413
863
785
965
82
262
928
811
379
330
643
881
604
963
571
547
281
918
86
906
10
818
731
107
890
417
812
795
242
38
693
605
613
214
376
978
337
387
842
261
798
854
528
923
823
760
662
644
179
256
344
115
436
320
894
913
466
227
81
622
414
143
176
357
815
577
475
263
561
311
717
51
882
419
984
100
188
258
997
224
697
986
290
985
497
667
504
900
780
399
316
235
340
855
95
121
375
509
747
996
685
306
501
808
990
77
58
232
274
480
867
929
105
329
288
371
515
973
844
522
947
174
875
255
864
817
832
203
660
905
541
960
141
394
135
278
758
779
992
39
63
575
822
494
650
962
664
454
917
202
640
158
492
601
304
487
210
57
305
64
96
666
751
967
826
920
944
600
574
538
353
507
646
291
687
388
270
899
958
90
705
318
512
850
550
193
912
683
498
839
87
792
368
73
204
308
136
916
799
932
851
659
975
56
552
933
50
630
363
569
821
914
825
513
259
370
551
810
678
156
423
565
173
813
301
14
406
424
373
37
384
146
132
241
418
623
759
148
669
606
352
870
496
154
404
629
915
260
411
356
757
903
534
142
734
599
54
438
380
151
407
292
752
6
434
901
426
937
725
412
588
207
658
243
668
748
680
195
762
877
982
525
845
321
-1
EOF
