NAME : sim1001.301570.tour
COMMENT : Length = 301570
COMMENT : Found by LKH [Keld Helsgaun] Tue Sep 11 05:13:31 2018
TYPE : TOUR
DIMENSION : 1001
TOUR_SECTION
1
229
818
692
616
44
48
73
12
411
967
236
864
812
323
220
755
230
756
27
631
989
454
431
887
684
713
412
245
335
736
722
96
52
606
617
89
321
938
557
496
664
305
968
282
573
306
143
720
106
973
482
807
195
240
842
911
243
580
571
681
682
41
859
464
85
139
510
174
635
803
918
303
185
234
944
548
82
657
972
504
782
72
193
410
320
939
469
932
654
20
896
846
485
649
57
605
727
310
284
844
615
196
463
142
467
839
532
533
126
188
832
418
436
87
549
659
26
258
456
392
202
923
801
861
810
84
398
38
592
286
568
795
655
773
452
491
348
353
833
774
638
56
604
837
758
274
49
783
21
648
889
262
705
575
880
492
470
344
741
104
483
285
899
964
693
177
714
329
539
441
845
487
857
359
825
32
884
941
16
562
708
678
14
34
531
399
794
956
948
424
982
836
25
346
199
68
824
591
256
920
934
349
646
913
80
264
358
405
656
480
122
511
337
102
698
893
690
433
828
148
651
458
676
322
140
586
218
178
297
101
643
781
181
796
717
512
712
97
666
324
294
979
383
883
91
715
268
213
906
931
37
232
50
42
108
877
527
377
894
368
752
293
927
362
83
393
805
266
387
904
15
9
302
981
115
835
113
400
429
921
326
566
426
851
891
493
685
888
388
997
590
849
176
288
843
710
946
540
79
514
660
221
484
581
900
291
738
522
200
519
760
332
975
680
650
425
273
978
69
430
665
542
123
925
994
966
569
312
391
742
215
95
486
556
517
151
914
624
434
817
902
39
402
965
292
365
442
224
184
847
477
865
342
498
341
634
158
414
222
985
327
462
98
295
922
683
65
830
281
474
937
24
811
834
105
961
360
878
674
957
204
984
528
254
536
489
272
702
214
791
180
182
963
136
333
227
500
61
820
217
267
876
576
197
731
508
161
417
78
787
352
565
373
257
421
211
618
751
406
905
315
545
77
662
145
611
314
18
339
501
209
439
130
167
671
953
385
88
488
356
746
160
924
777
578
473
790
334
328
622
311
601
627
386
986
886
630
943
644
206
308
7
28
642
609
594
435
871
165
747
92
438
579
753
640
947
112
408
250
118
757
827
207
862
11
187
124
172
759
919
993
146
147
117
132
494
663
917
55
597
719
239
437
768
772
208
507
823
440
909
960
814
403
2
318
881
553
460
420
910
699
771
620
53
290
503
382
933
675
673
704
103
35
278
71
950
164
723
265
858
198
564
523
133
275
156
600
271
868
974
445
928
971
120
850
372
249
169
125
852
952
585
550
223
724
614
361
863
608
595
587
476
645
171
885
509
401
179
743
749
242
940
679
879
874
988
977
30
216
740
67
423
155
831
882
969
694
554
551
238
524
996
47
427
466
307
826
706
998
127
718
763
766
816
351
653
992
623
547
152
70
409
541
10
170
86
560
301
799
530
848
898
867
558
572
853
725
789
518
745
263
561
137
66
461
840
669
396
515
798
908
255
5
949
613
374
90
936
505
589
1000
625
529
210
331
33
797
54
525
166
860
912
619
287
448
983
754
764
74
380
144
784
872
707
672
201
226
603
51
121
942
159
633
730
668
237
304
235
471
567
23
808
815
336
892
317
809
779
17
546
870
733
343
191
347
602
444
422
367
64
697
345
744
696
778
419
995
821
559
447
251
481
270
29
114
413
319
379
364
769
626
1001
598
607
163
502
128
991
4
280
490
535
59
432
376
283
506
976
495
415
841
300
688
577
298
111
253
190
970
596
637
639
667
338
930
141
459
873
534
538
277
6
261
183
732
138
929
175
955
357
770
935
588
19
75
313
93
212
149
792
3
729
915
612
13
890
574
687
162
325
76
43
543
647
390
866
916
157
225
472
99
907
252
453
150
901
516
186
168
36
62
958
999
854
670
563
552
728
228
246
269
800
355
109
537
855
129
404
394
173
31
788
521
980
497
135
748
279
869
389
628
22
465
241
895
990
593
58
366
299
119
455
737
203
316
219
726
330
544
260
526
369
100
780
153
259
987
94
296
709
363
468
395
584
739
513
962
194
959
695
838
721
449
802
735
457
856
110
793
621
813
378
806
767
8
134
340
903
583
661
750
926
46
636
703
107
776
599
499
582
479
555
610
375
189
247
450
570
819
154
691
632
40
785
829
786
233
354
443
951
371
658
686
520
716
475
131
762
446
775
81
765
244
276
897
954
478
677
700
875
734
63
945
761
804
397
701
416
248
370
689
428
381
45
350
205
384
822
451
60
711
407
289
116
629
231
641
309
192
652
-1
EOF
