NAME : sim501.217710.tour
COMMENT : Length = 217710
COMMENT : Found by LKH [Keld Helsgaun] Mon Sep 10 22:48:16 2018
TYPE : TOUR
DIMENSION : 501
TOUR_SECTION
1
436
193
41
419
300
215
397
290
433
296
53
112
205
288
328
273
42
311
360
151
415
94
84
263
454
472
392
96
5
98
254
367
441
118
108
293
245
294
495
192
158
49
86
243
432
253
357
184
150
349
272
305
264
362
430
139
343
107
464
286
244
381
423
277
279
334
48
269
66
89
72
50
485
71
409
222
477
368
407
476
133
342
440
394
186
487
4
52
307
313
347
119
351
475
164
420
466
216
176
390
276
489
403
134
341
170
225
6
247
62
310
501
364
377
406
494
203
224
18
159
387
3
401
471
260
143
24
211
389
183
45
136
382
160
27
449
78
361
421
282
120
385
76
473
231
13
474
154
148
55
141
330
417
59
500
33
87
58
483
268
344
452
152
414
36
47
383
252
60
379
206
350
14
129
38
75
128
359
91
358
289
428
69
498
165
255
99
400
488
457
88
7
140
163
435
153
174
56
468
199
249
22
333
455
408
35
275
320
317
9
169
346
371
73
229
284
450
431
214
388
437
157
232
363
83
2
451
303
8
239
238
369
424
204
395
102
251
262
188
172
348
443
306
242
51
442
372
101
23
235
386
210
82
402
478
479
207
11
241
137
287
418
230
223
181
173
352
155
353
166
318
178
236
97
336
146
482
12
32
366
15
145
453
338
465
114
461
339
29
248
380
258
312
175
10
144
21
63
77
90
292
491
445
422
106
266
281
497
308
327
123
121
80
309
265
187
285
412
261
481
427
413
319
85
105
161
162
217
374
270
321
92
110
492
295
70
257
117
291
278
467
283
237
411
17
28
404
20
447
345
103
226
195
496
30
378
280
410
484
298
335
326
331
416
227
194
463
40
446
460
43
130
302
202
116
179
168
384
316
256
31
149
196
233
228
425
301
396
315
329
46
355
19
100
456
434
127
462
124
167
297
250
499
234
115
81
57
325
39
191
246
220
240
354
113
444
399
25
171
79
65
177
16
375
365
185
26
147
104
34
200
391
480
426
221
458
182
111
438
209
212
398
324
299
135
314
304
439
218
322
64
201
95
93
197
393
274
68
332
340
125
54
44
219
138
190
131
61
74
405
126
356
459
208
323
486
376
337
448
122
490
493
67
271
373
109
37
267
470
213
259
189
142
180
370
156
429
198
132
469
-1
EOF
