NAME : sim251.159567.tour
COMMENT : Length = 159567
COMMENT : Found by LKH [Keld Helsgaun] Wed Aug 29 09:09:43 2018
TYPE : TOUR
DIMENSION : 251
TOUR_SECTION
1
28
185
181
139
242
111
247
118
78
220
67
52
210
221
90
217
246
82
61
126
100
11
83
51
127
167
212
124
251
153
204
65
144
228
249
241
226
26
173
154
132
229
46
50
186
75
117
119
235
209
80
239
19
146
218
163
150
134
206
183
224
77
227
93
72
27
89
29
225
54
88
35
240
71
14
62
145
135
123
147
198
159
172
248
12
211
58
112
178
104
196
177
238
213
39
6
168
205
2
244
165
18
32
81
53
48
56
96
110
195
66
245
7
108
31
200
69
97
60
140
136
192
114
103
74
191
169
101
128
182
116
23
201
202
102
180
120
179
131
158
107
233
234
106
230
176
194
161
16
15
85
215
87
98
113
162
208
155
187
24
3
142
170
105
86
236
10
22
129
94
91
42
193
21
36
125
188
137
64
73
199
148
45
203
232
189
37
109
174
190
40
156
130
122
175
133
47
68
84
59
237
138
76
216
4
250
141
8
30
49
149
63
25
17
171
115
20
121
223
151
43
166
41
79
34
160
92
55
13
197
44
222
152
243
70
219
33
184
95
214
9
57
38
99
5
231
143
164
207
157
-1
EOF
