NAME : sim501.215071.tour
COMMENT : Length = 215071
COMMENT : Found by LKH [Keld Helsgaun] Tue Sep 11 00:06:35 2018
TYPE : TOUR
DIMENSION : 501
TOUR_SECTION
1
20
483
199
431
492
30
164
247
409
239
474
330
93
286
103
316
22
182
35
380
67
110
485
488
139
321
141
59
499
209
328
301
207
51
36
325
8
94
189
497
79
176
421
457
317
235
249
359
219
498
404
367
348
294
377
469
32
46
158
211
85
216
41
282
293
347
441
38
62
96
319
336
298
350
119
333
448
69
428
14
127
12
366
232
392
243
100
162
501
267
70
490
430
185
310
223
193
432
388
150
398
500
117
202
88
91
358
386
339
17
114
236
308
118
252
120
23
226
334
206
440
446
190
343
180
65
302
184
215
204
2
250
312
453
18
403
372
148
259
444
361
28
381
116
390
124
459
272
225
137
33
346
295
173
299
213
242
305
410
389
63
442
465
415
352
429
138
411
129
383
60
42
296
313
66
462
292
423
244
360
132
115
408
413
196
57
128
463
75
222
145
224
478
112
456
417
279
134
320
171
353
11
394
248
420
364
438
159
152
481
53
387
122
125
86
269
149
487
72
311
7
230
195
4
99
288
445
39
186
106
449
342
300
55
68
323
354
455
218
471
303
15
197
165
135
153
450
318
44
146
31
82
357
40
107
289
201
369
345
133
160
451
74
382
5
25
151
221
405
203
470
21
472
384
81
260
399
264
217
220
111
37
48
3
231
174
385
27
391
370
263
400
376
324
58
425
121
10
306
24
414
97
54
285
214
19
331
393
290
315
287
355
484
136
412
496
332
447
208
304
175
178
262
16
467
181
113
365
29
276
109
494
254
338
245
486
191
172
363
273
461
396
375
52
277
179
460
464
418
84
155
326
495
427
401
227
297
309
268
491
161
476
212
253
270
314
246
373
71
126
131
9
140
284
198
473
238
335
101
228
489
307
157
275
98
167
379
424
434
337
378
452
493
192
291
163
92
344
142
73
341
416
482
26
278
406
147
13
87
349
241
237
458
143
436
6
266
240
443
475
144
351
166
402
104
281
45
234
274
170
83
76
188
439
183
433
340
89
80
419
283
123
43
210
78
47
257
50
356
477
154
426
256
105
265
108
95
371
422
480
130
368
362
156
466
280
397
327
454
329
229
251
194
64
407
435
177
56
200
169
49
77
205
90
395
61
468
261
374
102
168
258
34
322
233
255
271
187
437
479
-1
EOF
