NAME : sim161.126333.tour
COMMENT : Length = 126333
COMMENT : Found by LKH [Keld Helsgaun] Sat Sep 15 02:48:48 2018
TYPE : TOUR
DIMENSION : 161
TOUR_SECTION
1
34
31
69
146
20
8
141
129
50
149
15
104
70
93
97
30
87
49
25
23
46
45
95
152
91
62
105
39
128
115
47
156
150
94
110
138
79
66
117
58
116
83
17
73
148
123
21
63
71
154
157
38
53
155
81
147
9
68
136
161
137
139
2
89
26
61
112
124
100
16
153
106
145
37
142
67
84
14
118
11
75
72
102
158
107
27
126
3
13
109
160
59
32
56
143
114
41
121
12
19
144
151
130
65
5
120
78
111
134
131
132
74
52
140
113
6
33
86
80
64
96
88
82
10
22
44
101
85
24
133
54
36
48
55
76
57
159
108
60
127
77
99
119
51
92
42
125
122
4
103
7
135
28
40
18
35
43
29
98
90
-1
EOF
