NAME : sim1001.306744.tour
COMMENT : Length = 306744
COMMENT : Found by LKH [Keld Helsgaun] Tue Sep 11 12:28:09 2018
TYPE : TOUR
DIMENSION : 1001
TOUR_SECTION
1
237
916
886
955
207
820
185
434
755
540
395
999
251
182
419
591
674
880
136
695
190
885
301
3
447
271
700
117
766
17
118
88
875
666
296
350
173
709
174
483
302
132
716
381
513
825
545
478
9
539
952
204
921
679
631
659
606
611
254
311
157
677
71
277
93
643
65
294
215
577
853
4
16
391
261
293
857
223
595
808
862
38
104
835
869
482
446
135
587
943
349
819
327
242
608
499
145
893
442
34
309
14
881
52
159
410
54
439
490
909
989
796
533
927
320
648
496
701
650
176
497
962
209
95
571
431
739
645
788
449
477
669
487
23
781
244
330
947
548
83
724
248
273
889
594
923
46
694
312
974
452
799
686
976
398
877
662
374
427
873
901
537
953
76
263
675
684
337
435
939
638
795
707
126
129
966
603
407
297
757
849
726
871
303
188
525
332
247
393
270
586
544
931
874
575
725
114
324
791
560
831
134
569
321
453
281
850
526
141
815
340
426
900
216
89
607
610
550
66
342
997
101
376
805
590
605
888
985
32
92
863
898
289
111
466
305
262
623
818
465
940
973
257
219
622
363
491
97
535
100
620
748
343
371
811
29
291
937
162
106
789
988
767
13
682
347
409
975
613
184
619
822
632
25
761
759
295
319
668
408
288
259
440
344
418
231
641
612
746
639
929
428
165
633
705
938
609
841
634
702
142
764
803
429
1001
267
890
786
341
464
103
516
370
906
378
450
218
80
479
377
730
102
498
415
914
715
531
876
773
168
191
865
27
762
338
832
448
615
563
557
292
864
260
712
772
8
589
978
551
189
225
362
235
647
79
166
113
392
993
495
306
585
181
536
722
839
163
981
253
852
158
518
721
503
574
82
769
816
844
460
859
847
713
486
897
194
732
699
963
461
661
640
35
287
246
124
727
131
310
872
910
265
683
421
637
806
96
719
846
60
547
186
139
867
386
913
922
283
597
6
383
945
891
792
228
414
456
339
389
601
958
360
961
529
782
156
653
220
238
729
854
750
425
814
994
794
667
354
823
517
73
175
515
506
272
967
651
203
430
40
86
458
507
438
532
206
878
804
736
234
731
42
629
230
584
116
353
36
387
838
489
380
424
472
845
325
553
626
50
801
454
692
555
64
15
18
635
673
522
502
368
48
98
948
149
676
275
579
738
379
150
488
197
807
420
717
904
657
180
688
211
279
43
169
308
685
911
329
602
110
696
842
402
87
514
840
133
951
179
798
423
745
604
810
11
214
33
572
646
752
760
352
147
861
137
195
621
372
480
960
388
404
81
107
618
749
581
382
90
708
108
128
326
903
711
751
336
843
583
243
508
851
930
432
361
578
980
564
690
538
693
5
69
115
990
22
756
984
333
484
119
936
37
208
785
983
239
470
375
649
775
45
323
413
566
681
919
543
193
928
39
753
670
655
809
530
509
400
556
866
912
744
249
252
72
998
894
642
505
992
896
148
519
399
365
979
62
737
887
299
899
315
824
710
905
895
837
183
580
153
624
970
53
995
616
274
485
500
476
280
7
120
160
226
469
77
140
541
196
742
202
933
172
10
441
520
593
915
58
826
946
720
868
75
24
187
830
754
817
987
41
284
957
373
652
28
411
671
501
68
521
59
171
986
255
969
918
250
777
151
771
290
300
406
200
105
385
221
192
44
784
91
828
882
617
628
401
12
331
51
229
412
241
797
1000
394
258
654
348
57
121
471
125
763
433
356
625
902
770
282
636
462
49
949
198
359
493
596
313
264
236
416
977
523
143
658
328
996
562
307
950
345
481
127
144
384
848
161
167
672
704
357
55
152
67
26
855
21
268
920
793
436
222
778
554
318
534
366
743
199
779
316
879
907
367
109
599
304
31
687
813
567
884
256
790
549
78
991
396
833
942
570
130
718
94
512
170
210
573
155
422
85
576
982
944
932
935
812
774
680
527
664
706
546
747
112
334
656
56
870
178
285
459
154
741
2
358
860
122
19
444
665
834
800
892
494
740
266
968
925
473
908
245
965
47
660
455
278
836
971
598
924
369
451
390
697
322
956
926
397
678
954
212
565
123
588
276
783
528
735
298
224
829
510
475
314
61
84
346
821
934
364
205
474
542
468
972
30
524
492
403
74
317
405
70
644
714
552
99
240
959
63
941
504
627
592
164
457
691
558
335
787
883
443
20
776
698
858
663
827
511
437
964
856
723
233
467
728
568
689
917
802
614
758
445
703
559
463
213
600
201
768
232
227
351
286
217
733
630
146
417
355
780
138
734
269
177
765
582
561
-1
EOF
