NAME : sim1001.307179.tour
COMMENT : Length = 307179
COMMENT : Found by LKH [Keld Helsgaun] Tue Sep 11 09:15:22 2018
TYPE : TOUR
DIMENSION : 1001
TOUR_SECTION
1
175
184
303
955
532
573
58
633
167
593
811
485
254
920
329
433
962
722
845
506
409
204
773
907
109
80
232
161
867
858
925
406
505
659
21
249
946
120
42
724
957
164
846
850
326
154
487
547
358
791
560
295
884
559
11
539
160
197
801
60
783
798
31
765
264
397
893
384
912
526
363
37
205
395
452
933
484
196
950
942
212
237
829
222
411
831
48
99
658
515
228
272
760
392
945
622
868
502
806
250
225
95
46
579
653
745
178
712
55
265
618
580
290
563
36
143
646
511
147
93
794
961
990
691
259
982
453
127
423
916
795
68
337
766
27
965
540
591
344
155
762
356
325
66
833
588
673
493
837
897
72
757
876
769
271
458
603
906
282
582
342
269
775
71
678
445
215
662
947
792
227
802
786
812
256
880
148
489
977
510
59
679
103
498
595
578
557
838
632
778
341
91
134
394
121
33
751
999
434
600
513
509
126
804
263
376
430
44
692
131
274
817
336
13
696
211
70
921
253
244
478
299
380
110
809
952
978
643
267
45
399
32
927
631
296
381
701
777
451
323
970
218
495
181
257
870
759
276
84
973
523
289
642
279
24
357
898
839
815
231
822
528
229
964
471
174
720
315
203
793
1001
923
382
456
956
386
966
913
217
273
770
714
648
427
7
346
403
704
551
963
664
626
360
405
474
889
481
750
821
902
209
674
570
708
297
182
43
953
243
993
772
170
853
930
900
338
713
518
781
319
747
449
183
372
470
711
571
314
705
221
755
779
245
687
566
577
666
146
200
697
501
335
732
79
690
230
536
892
407
412
929
416
790
736
39
101
723
450
550
307
105
86
819
321
979
519
248
50
854
422
492
746
725
379
530
288
924
201
610
972
463
29
311
4
544
82
527
334
275
418
291
707
107
672
715
939
388
76
852
764
808
286
104
739
948
186
90
932
878
371
17
866
20
553
630
258
910
206
849
549
78
114
53
19
304
9
620
417
483
169
742
665
62
608
728
842
210
351
612
428
960
22
112
996
500
607
644
421
366
424
936
106
240
863
542
873
789
813
150
301
615
38
480
997
413
74
640
686
828
149
482
497
881
984
378
92
247
825
887
324
277
818
138
408
242
729
752
317
96
310
128
316
843
980
998
6
89
216
173
562
670
158
141
479
537
306
901
944
727
629
609
862
654
583
365
940
780
623
743
694
156
512
100
938
350
832
719
165
986
436
682
97
457
877
675
581
118
166
486
34
726
391
911
561
281
604
454
239
464
133
738
280
606
313
223
401
851
349
504
516
590
776
233
683
721
235
252
628
909
695
220
374
555
576
199
718
871
361
987
597
524
617
77
359
649
874
402
660
255
439
322
176
797
638
840
904
113
864
599
558
749
431
572
367
784
125
894
976
552
85
684
130
10
56
171
689
926
65
145
415
836
614
83
991
554
667
151
992
546
328
442
535
194
507
517
435
985
637
860
1000
333
596
805
693
168
192
404
98
565
262
16
467
949
362
69
645
425
771
25
473
466
807
214
208
541
2
124
584
345
18
443
261
661
234
302
287
157
574
94
796
847
188
137
198
52
102
26
885
472
994
928
568
761
260
758
594
636
343
753
680
163
15
426
132
754
369
191
787
309
460
785
619
88
816
488
448
865
389
814
974
377
888
677
499
890
129
844
657
30
189
352
468
656
958
327
51
440
177
823
285
353
268
187
49
740
385
548
671
8
968
951
284
895
975
533
305
446
179
476
647
931
373
390
915
75
564
270
748
602
585
668
592
447
111
567
556
383
529
971
681
703
918
782
710
142
61
983
914
459
835
967
266
859
308
856
941
318
153
830
330
491
475
54
905
28
717
393
81
538
140
688
935
23
730
331
826
709
508
534
87
354
799
119
589
320
652
624
477
355
800
67
685
943
869
827
339
312
919
347
886
621
135
543
185
774
988
531
63
891
294
922
734
605
213
569
768
803
455
896
462
788
332
47
419
731
414
848
841
575
875
387
398
12
73
41
364
432
917
503
152
699
969
702
861
108
744
64
627
954
461
246
136
634
494
444
116
180
989
3
651
496
368
122
224
251
159
375
236
283
756
162
396
514
641
639
193
522
438
635
903
115
400
735
207
625
767
676
981
663
934
733
810
241
882
144
57
655
348
5
598
195
490
420
300
879
545
278
855
883
441
716
238
190
469
857
741
340
298
293
586
613
616
650
139
669
465
410
525
820
737
202
611
899
587
226
40
872
14
698
995
123
429
908
601
437
521
370
117
937
172
834
292
520
219
824
706
700
35
959
763
-1
EOF
