NAME : sim1001.307428.tour
COMMENT : Length = 307428
COMMENT : Found by LKH [Keld Helsgaun] Tue Sep 11 15:08:50 2018
TYPE : TOUR
DIMENSION : 1001
TOUR_SECTION
1
502
745
15
845
323
256
666
437
265
363
573
399
62
35
42
836
913
220
400
127
247
973
769
223
292
320
668
815
830
711
135
542
258
765
817
131
805
789
51
497
676
848
644
410
756
572
232
737
58
860
420
755
140
972
32
300
36
611
999
406
604
968
414
367
514
744
297
192
813
253
675
730
646
504
861
795
591
695
959
305
466
796
314
306
324
454
996
581
365
921
234
505
923
969
768
911
694
585
841
846
489
704
577
157
439
580
329
975
370
564
918
955
764
574
473
238
687
479
638
378
493
621
895
560
491
809
879
957
956
214
75
908
311
128
977
692
797
859
312
182
545
200
160
872
850
886
97
603
853
249
181
448
92
943
185
961
855
345
529
321
304
434
947
909
807
417
446
382
218
738
757
598
883
689
546
40
450
346
246
801
330
821
445
301
729
513
395
387
68
186
993
773
696
217
880
630
777
655
344
904
507
464
67
607
602
474
391
458
233
69
624
407
110
775
707
198
188
732
620
193
802
538
762
868
944
592
535
804
823
451
664
946
112
715
65
49
563
336
939
679
925
63
965
251
357
916
190
803
477
619
652
985
326
641
5
433
673
211
949
444
20
833
27
599
903
960
601
295
276
469
16
719
430
751
141
104
642
509
663
609
760
105
385
791
139
44
171
600
299
235
100
106
123
212
347
672
559
480
754
170
992
920
554
99
824
2
586
7
782
882
70
457
831
626
392
197
576
260
25
783
95
544
254
47
858
952
189
551
152
709
309
358
978
56
851
255
741
257
379
935
933
516
891
82
734
456
460
22
53
87
888
617
608
870
885
93
132
199
875
705
701
766
290
900
364
718
963
767
124
39
623
927
318
857
156
215
73
443
854
998
339
893
166
277
289
462
725
873
340
987
749
571
54
273
374
781
102
613
713
11
390
588
484
427
19
589
74
753
250
482
409
440
280
472
776
164
837
115
752
261
26
366
670
360
183
71
794
64
48
9
113
209
225
79
771
422
874
519
319
356
570
116
524
442
222
90
942
523
204
136
118
478
467
66
125
137
331
500
55
763
915
518
511
30
413
674
825
119
271
38
359
281
412
221
94
852
595
60
404
917
863
121
527
578
419
838
702
455
643
981
932
381
659
147
819
154
902
180
627
396
169
724
940
213
303
746
834
59
239
706
34
165
997
951
667
284
488
278
6
907
361
307
786
342
515
780
914
262
526
693
658
843
158
818
750
887
341
426
24
552
816
187
28
896
665
435
826
842
832
328
539
637
98
584
533
862
242
521
503
703
605
566
120
614
499
81
274
296
683
792
432
179
371
267
308
476
461
806
85
421
622
610
1001
496
991
494
372
224
924
468
111
501
252
699
470
844
294
126
207
543
557
338
153
495
362
388
52
151
402
922
298
632
537
84
436
522
698
716
202
143
647
634
869
555
979
988
386
930
117
931
727
240
302
10
441
334
682
929
237
651
839
3
415
429
178
897
88
986
369
735
877
77
628
569
660
847
748
686
856
17
649
964
884
561
876
905
210
244
912
722
194
375
401
618
350
263
950
393
799
91
758
740
108
316
688
759
57
33
349
148
155
438
485
548
269
174
471
512
425
159
490
279
697
827
549
936
394
453
798
377
498
910
272
231
948
864
268
898
114
785
597
288
351
892
517
681
971
536
671
657
739
814
565
449
103
899
285
661
901
640
919
520
953
348
122
310
954
629
403
736
463
583
849
867
176
550
109
994
78
582
163
761
656
411
731
13
219
293
690
248
691
812
481
669
962
80
556
21
259
86
811
14
134
810
354
866
710
677
778
173
216
146
650
654
227
208
525
553
398
989
770
742
958
976
423
355
995
89
772
733
530
408
142
615
206
389
926
177
226
532
865
322
483
236
938
428
492
712
633
416
418
685
787
283
828
594
18
291
286
72
717
648
662
720
241
625
23
201
46
1000
475
579
606
107
790
175
228
129
203
881
383
167
636
168
747
531
380
184
61
534
635
76
593
568
784
984
700
966
774
145
878
37
612
970
779
282
587
29
840
928
343
894
4
50
726
639
820
547
590
459
835
723
264
708
800
465
243
333
195
596
162
315
937
528
714
510
871
275
270
906
447
325
43
327
149
8
424
287
172
793
205
990
229
506
967
31
680
822
96
101
567
376
653
196
540
631
332
558
230
431
508
562
405
313
889
974
934
161
678
808
575
12
45
138
337
728
191
829
788
335
245
684
83
982
352
133
397
487
486
317
130
150
266
721
941
373
645
983
890
541
368
41
353
144
452
945
980
384
743
616
-1
EOF
