NAME : sim251.163934.tour
COMMENT : Length = 163934
COMMENT : Found by LKH [Keld Helsgaun] Tue Sep 11 16:54:19 2018
TYPE : TOUR
DIMENSION : 251
TOUR_SECTION
1
10
89
169
162
93
193
236
79
196
197
213
227
9
72
207
42
142
134
65
32
74
71
243
33
163
37
249
158
151
246
226
245
133
23
215
116
239
15
125
164
5
75
52
173
40
13
18
7
171
251
114
149
92
170
96
229
242
85
108
217
25
131
69
216
117
218
41
66
124
234
94
144
78
106
211
47
35
107
82
174
54
188
212
63
224
55
209
26
16
64
57
139
11
129
34
161
67
30
153
154
20
155
123
98
84
68
184
110
202
140
28
222
220
159
8
219
205
156
99
51
100
203
228
17
87
160
233
45
214
237
121
182
179
235
177
210
241
137
53
136
80
12
198
204
39
44
186
90
172
48
148
225
192
88
105
3
183
113
187
165
247
21
126
49
191
132
250
104
61
70
122
81
244
138
2
150
231
86
109
101
36
175
120
50
56
141
195
46
130
146
119
176
127
103
97
157
83
168
238
232
31
24
95
60
145
147
135
206
77
185
118
58
189
223
111
128
4
190
208
62
152
73
248
6
194
22
181
166
14
112
59
200
115
167
201
91
27
180
19
29
38
143
221
43
178
199
240
102
76
230
-1
EOF
