NAME : sim321.182122.tour
COMMENT : Length = 182122
COMMENT : Found by LKH [Keld Helsgaun] Sun Sep 16 03:49:41 2018
TYPE : TOUR
DIMENSION : 321
TOUR_SECTION
1
67
69
144
260
25
93
291
34
45
89
129
176
64
168
245
49
208
241
193
27
255
177
189
183
219
75
269
19
81
308
230
248
316
20
78
53
132
38
286
6
294
243
288
10
152
234
310
185
58
285
40
218
196
8
232
235
220
299
21
188
128
126
309
276
206
303
211
35
42
99
23
68
278
171
158
199
77
194
210
103
227
41
114
190
231
287
94
264
277
197
111
200
85
30
307
165
279
155
284
259
222
153
312
104
161
106
246
237
109
32
22
57
97
134
17
233
3
271
198
318
61
107
173
127
154
52
221
229
88
24
247
102
63
33
207
56
101
62
289
249
273
180
297
47
240
136
195
186
48
244
83
54
175
66
252
80
91
290
295
228
212
226
145
321
100
137
182
59
95
4
203
71
60
105
96
253
296
159
224
11
265
131
262
115
202
251
256
37
141
275
160
150
156
300
315
317
121
15
142
84
283
73
86
31
39
225
26
236
46
151
191
139
166
123
209
311
113
118
304
140
184
9
187
157
149
268
293
135
72
164
292
44
90
239
79
148
174
216
119
146
55
305
112
313
110
261
217
122
14
98
169
162
143
314
306
320
43
167
125
192
254
108
179
205
266
178
201
298
147
223
170
272
204
319
270
70
215
267
263
82
2
242
130
133
282
281
7
92
117
238
65
51
258
76
50
274
5
74
172
138
163
28
13
124
120
214
213
181
302
257
16
280
87
18
36
29
12
301
250
116
-1
EOF
