NAME : sim1001.305242.tour
COMMENT : Length = 305242
COMMENT : Found by LKH [Keld Helsgaun] Tue Sep 11 12:52:18 2018
TYPE : TOUR
DIMENSION : 1001
TOUR_SECTION
1
357
332
46
552
440
155
636
268
340
159
23
537
4
605
974
299
227
278
920
494
120
575
406
888
113
915
318
101
320
644
459
104
412
778
439
189
797
606
696
259
667
735
630
910
251
717
671
359
9
218
895
991
243
969
389
870
285
119
613
806
773
740
680
927
252
958
842
291
461
573
220
496
87
404
161
931
270
226
875
107
71
805
547
355
639
472
932
275
611
36
62
11
84
733
916
516
812
689
909
158
764
69
418
436
42
232
400
81
642
165
491
264
153
475
791
601
753
266
631
744
794
775
599
342
414
35
200
526
574
142
919
369
424
684
473
767
85
154
538
669
997
45
677
976
330
780
752
105
250
955
133
70
217
317
530
615
865
720
420
936
190
303
608
513
730
80
859
456
261
993
248
215
281
486
89
668
624
141
131
256
38
793
515
970
848
883
338
784
994
582
55
194
692
103
704
655
219
766
239
664
567
169
683
377
862
864
151
745
996
858
447
832
877
975
100
484
380
394
499
674
233
852
368
998
213
926
579
196
325
727
693
121
66
833
887
452
755
419
595
208
871
335
279
199
610
827
415
853
801
353
258
540
37
405
272
652
594
413
928
687
231
288
179
157
728
751
48
722
31
495
577
758
653
356
893
401
768
697
237
726
402
757
816
446
360
781
44
774
679
957
750
600
445
849
433
554
123
819
455
178
558
328
946
918
137
981
721
948
566
396
93
483
524
282
930
423
511
654
286
917
388
247
361
914
242
290
531
523
810
224
934
584
91
802
771
265
458
908
139
118
175
785
884
676
706
604
7
411
843
879
26
694
643
147
112
344
15
387
410
933
2
306
989
685
398
144
568
714
382
323
519
817
454
723
741
132
421
122
479
300
210
409
861
60
20
453
756
457
788
489
177
47
857
790
1001
923
984
302
95
469
78
621
977
434
707
830
995
312
617
903
160
371
49
732
138
808
947
660
184
789
956
180
148
548
826
443
146
839
738
19
902
571
913
952
254
168
854
737
591
782
370
386
292
945
345
894
284
896
539
384
376
876
700
174
556
743
5
336
954
110
564
241
550
314
216
798
88
111
117
985
283
429
53
690
403
800
269
855
98
193
29
397
186
22
27
866
686
140
351
408
426
878
289
691
271
565
92
6
966
897
430
886
804
777
846
988
238
63
868
943
703
150
811
255
603
24
972
77
695
181
130
33
316
898
126
82
195
803
626
399
828
83
347
772
422
339
545
588
551
835
698
616
709
596
145
246
702
327
533
657
234
51
505
54
534
156
822
666
724
562
572
468
641
632
589
50
759
900
375
115
935
901
114
390
407
662
891
40
73
783
134
953
337
959
525
465
192
705
39
763
815
529
431
560
383
167
627
34
313
598
844
840
481
236
514
381
14
18
612
885
592
346
166
762
202
280
21
260
509
587
986
937
8
845
823
67
333
555
881
485
602
128
188
869
661
618
437
501
701
593
428
510
889
580
206
308
708
980
214
65
295
462
99
74
187
729
76
648
294
754
824
297
518
201
638
779
173
979
964
628
205
497
52
807
678
276
17
3
341
12
244
836
273
293
311
544
522
212
207
536
129
710
262
860
746
102
108
393
675
614
651
222
10
629
665
633
542
490
999
712
58
135
277
725
585
990
508
924
950
672
736
493
874
385
907
41
30
352
438
304
43
498
492
296
590
521
223
321
576
645
658
813
921
625
395
68
391
478
228
734
541
586
831
829
527
713
504
432
229
814
549
348
72
620
546
992
718
949
983
906
939
503
960
646
963
502
287
372
310
176
656
834
962
319
818
787
905
378
240
760
245
940
944
225
863
553
425
249
334
873
500
570
892
363
623
451
528
463
880
322
444
938
929
716
559
379
578
183
682
711
663
761
25
61
28
441
747
57
326
904
637
838
204
460
742
64
197
507
466
850
315
373
307
649
673
922
106
912
416
274
982
731
978
681
305
506
809
163
191
253
162
487
450
699
765
172
925
364
164
230
427
449
13
474
581
90
16
951
719
961
799
688
362
56
392
171
75
1000
79
109
263
209
987
471
739
942
477
488
211
867
143
358
647
968
374
841
116
257
851
97
872
911
59
203
776
748
482
124
715
825
532
569
890
882
96
770
298
354
899
795
86
185
182
267
435
583
659
170
464
324
973
470
198
221
350
820
480
301
622
535
520
32
619
329
136
847
563
597
796
749
349
367
609
235
607
331
634
366
640
635
94
467
448
837
792
856
365
125
769
670
149
965
417
343
561
309
512
821
127
476
941
442
967
557
543
650
786
517
152
971
-1
EOF
