NAME : sim1001.306385.tour
COMMENT : Length = 306385
COMMENT : Found by LKH [Keld Helsgaun] Tue Sep 11 15:01:18 2018
TYPE : TOUR
DIMENSION : 1001
TOUR_SECTION
1
151
837
22
207
527
821
390
727
227
155
607
655
496
118
895
443
889
603
544
826
470
13
700
40
743
427
933
33
297
418
225
850
64
500
16
553
627
423
956
5
602
616
752
181
232
1001
12
715
573
87
756
530
896
238
319
914
587
346
913
737
803
417
630
288
133
146
987
849
794
693
612
804
29
532
709
44
310
604
514
88
786
147
659
905
867
502
597
852
425
328
565
430
952
266
704
977
86
334
832
599
985
21
764
998
99
55
260
499
251
318
171
101
119
338
735
258
750
644
137
768
890
547
249
231
939
47
854
493
36
49
591
138
556
734
170
784
999
758
230
782
577
665
107
391
628
585
926
315
957
517
981
452
325
479
961
915
329
571
444
298
295
839
442
980
215
561
685
234
641
652
121
678
722
851
257
199
51
991
610
316
765
115
166
654
70
730
866
69
208
809
365
103
836
744
601
660
387
622
178
376
518
340
725
303
202
311
876
273
529
350
483
749
503
779
533
294
949
94
745
396
716
48
670
279
710
842
979
507
511
95
189
308
142
321
54
462
970
841
412
878
480
406
148
519
461
714
751
37
150
996
632
785
114
946
79
974
476
882
925
872
45
434
550
363
200
657
936
176
9
534
540
512
567
416
855
371
978
201
276
81
263
320
989
136
584
951
285
486
60
623
653
923
822
696
269
8
818
221
650
111
356
605
769
664
322
478
566
645
374
791
579
473
669
143
505
188
731
816
395
459
746
728
783
888
174
167
676
372
520
904
383
435
211
941
389
259
674
56
771
419
552
123
432
183
884
400
656
164
950
953
799
192
680
683
874
120
513
919
741
421
163
235
724
929
433
792
708
773
719
415
848
404
122
67
492
634
718
287
955
169
614
106
523
672
286
811
27
702
377
218
324
68
184
323
313
386
385
586
707
927
873
646
753
668
50
239
778
289
902
692
879
3
84
351
15
967
739
42
526
343
917
581
742
357
336
593
891
92
402
562
331
711
339
524
930
982
912
361
161
893
525
299
675
213
649
358
538
302
636
558
131
360
898
600
53
341
937
116
25
457
7
112
583
808
398
255
629
754
663
293
109
488
248
449
846
222
463
871
576
877
690
606
158
481
78
471
736
80
281
969
23
546
185
639
240
570
820
157
330
900
144
401
139
46
216
976
827
635
98
812
4
781
539
666
370
469
20
127
296
643
875
14
617
335
554
229
844
458
522
280
474
414
962
995
362
168
149
695
62
840
613
830
165
501
863
388
986
706
35
467
589
861
77
379
126
409
41
223
175
102
451
305
228
788
770
747
354
545
410
740
220
85
755
574
209
908
521
108
543
454
344
590
32
426
557
536
246
135
277
997
555
620
28
156
817
384
450
271
491
838
766
897
204
193
856
528
34
721
198
506
264
436
757
301
364
723
569
2
117
254
1000
813
588
196
910
413
312
568
651
761
886
326
619
828
800
932
697
83
677
943
76
542
901
535
405
972
153
894
881
90
795
30
531
456
922
738
57
931
441
154
853
637
726
796
18
262
497
132
763
420
595
66
38
191
548
252
658
195
858
954
89
407
448
429
772
291
349
806
948
445
373
947
774
190
776
918
284
342
681
140
694
880
640
91
487
965
380
96
847
422
359
515
265
368
762
857
819
141
17
58
767
6
128
984
993
345
661
790
134
367
160
381
194
940
431
243
475
93
934
903
928
835
578
24
394
283
307
887
992
648
760
466
831
638
309
82
348
241
206
408
19
780
797
65
868
113
899
439
559
801
592
662
159
485
508
615
244
920
609
703
688
687
272
564
689
802
482
446
162
624
428
366
460
10
378
447
516
964
282
966
701
945
245
775
484
495
594
397
510
626
864
300
477
224
732
332
217
39
935
494
355
179
944
810
823
26
713
907
642
541
74
177
572
472
453
705
551
187
399
575
682
438
921
129
375
327
870
247
250
352
911
382
582
337
824
596
306
210
825
859
237
203
611
317
219
892
698
909
787
777
73
212
270
130
197
633
733
52
959
580
684
424
988
971
942
97
975
608
275
717
242
233
924
11
411
699
71
833
598
152
468
205
31
560
537
994
173
125
631
990
43
104
256
304
172
292
829
862
671
549
182
618
61
860
490
253
563
509
180
403
124
805
369
437
885
314
393
729
621
63
968
278
625
720
100
815
958
261
267
906
498
789
865
353
963
145
347
807
186
75
712
392
814
236
72
798
504
843
440
673
465
845
667
647
748
464
883
973
691
489
290
679
110
59
268
938
916
226
333
105
686
455
274
834
960
793
869
759
983
214
-1
EOF
