NAME : sim251.155357.tour
COMMENT : Length = 155357
COMMENT : Found by LKH [Keld Helsgaun] Tue Sep 11 17:28:52 2018
TYPE : TOUR
DIMENSION : 251
TOUR_SECTION
1
217
142
17
91
230
104
120
231
199
83
50
5
134
192
144
109
163
21
127
97
66
18
216
170
80
78
130
169
7
58
8
112
100
126
224
146
242
190
173
243
71
123
95
54
165
110
119
6
69
42
57
167
141
221
41
51
39
223
213
251
111
85
72
82
16
183
226
140
37
65
159
76
103
206
79
86
14
77
53
197
27
207
233
135
239
20
147
176
32
209
33
98
122
220
38
35
187
9
12
210
203
133
45
236
194
153
191
22
177
11
139
68
75
31
155
154
235
195
193
171
94
43
129
3
137
149
168
225
101
202
166
63
244
179
28
67
164
215
148
70
44
107
182
151
232
34
237
143
156
40
93
201
188
115
89
218
4
52
204
219
114
150
211
248
36
60
184
90
2
49
47
105
246
48
96
160
99
228
132
62
108
158
128
172
81
200
13
174
118
241
131
124
64
152
186
214
10
196
19
92
121
250
30
229
116
249
87
222
234
212
113
26
181
205
175
46
125
23
74
245
55
161
88
189
106
162
136
178
240
59
15
84
145
61
198
73
56
117
247
102
238
29
138
25
185
208
157
180
24
227
-1
EOF
