NAME : sim1001.308831.tour
COMMENT : Length = 308831
COMMENT : Found by LKH [Keld Helsgaun] Tue Sep 11 01:30:23 2018
TYPE : TOUR
DIMENSION : 1001
TOUR_SECTION
1
537
95
525
238
337
844
822
33
465
279
949
76
778
706
784
604
370
444
720
677
934
243
38
41
129
218
336
75
539
51
913
146
430
310
5
216
167
277
673
154
764
739
120
373
487
531
198
886
942
874
128
304
204
702
297
653
273
774
894
435
325
851
65
513
280
234
550
468
15
610
652
982
617
994
576
423
258
763
527
760
625
275
756
419
13
575
464
300
126
520
364
209
930
249
899
835
718
521
544
96
638
14
973
476
954
710
269
935
115
397
960
914
591
295
136
378
6
549
732
884
424
276
367
678
795
298
208
842
614
242
174
284
307
270
826
189
529
989
182
980
632
131
587
872
929
695
102
998
181
240
121
400
873
562
17
649
142
282
618
484
847
751
496
124
301
964
100
637
922
670
324
366
682
933
943
945
479
343
744
717
485
164
302
42
241
369
672
488
466
957
349
849
946
314
939
690
578
157
543
82
436
815
354
901
951
390
215
611
312
348
109
804
586
16
837
881
798
311
828
680
754
698
734
577
294
895
137
119
499
997
380
666
557
313
978
533
27
885
972
1000
593
524
384
220
583
553
7
590
907
200
683
952
612
439
143
446
928
511
523
112
753
861
221
416
662
834
196
818
646
89
393
785
188
357
777
19
639
676
781
257
534
900
207
817
456
793
332
953
494
713
663
283
187
814
355
263
908
78
839
303
11
319
85
165
882
374
363
926
974
70
905
773
222
707
469
788
412
805
481
199
62
375
640
522
408
58
203
510
860
856
629
883
970
232
404
568
622
18
581
140
728
729
55
603
410
643
281
668
500
267
538
272
606
104
260
274
176
292
691
149
975
812
792
506
25
259
168
286
641
584
574
123
716
633
63
398
106
642
490
827
20
53
250
289
749
816
504
434
809
3
498
671
214
213
516
227
877
153
291
517
996
902
927
113
741
246
420
60
889
110
841
724
738
460
387
911
56
97
977
497
339
802
73
101
197
492
139
931
684
52
443
846
74
30
210
409
705
571
704
134
801
462
431
474
413
160
50
958
813
320
185
630
595
455
915
296
81
661
233
995
767
252
768
924
449
920
437
338
759
654
406
769
426
266
99
457
941
333
693
317
870
459
244
850
330
114
580
170
976
37
955
318
912
345
391
740
84
742
45
334
441
723
514
360
891
990
161
752
602
458
48
22
29
597
621
64
347
551
909
658
228
634
54
869
893
478
755
299
306
561
554
264
91
440
820
261
352
599
747
906
178
627
567
727
191
898
271
90
936
967
328
799
807
888
797
206
177
772
2
766
428
265
916
495
808
448
239
605
493
57
838
878
897
24
685
786
231
172
681
179
985
508
315
890
155
596
61
117
735
719
138
454
442
993
620
477
371
787
959
80
512
613
46
72
116
166
322
486
305
866
608
287
195
253
452
969
107
806
122
4
794
278
803
863
965
925
947
566
545
31
956
162
151
438
968
255
762
111
262
230
335
237
859
570
563
150
871
32
219
921
193
39
876
175
389
453
547
565
854
12
392
864
396
288
833
843
572
840
918
542
715
148
403
991
950
518
726
757
26
152
731
917
36
379
483
821
35
323
98
999
948
79
865
623
383
103
21
256
44
714
202
503
229
887
358
944
447
692
491
502
40
796
880
733
857
226
962
689
69
473
377
526
71
699
626
546
163
158
365
780
421
450
225
49
761
983
130
108
564
268
789
971
660
651
147
688
135
86
674
467
619
290
418
480
509
875
679
427
141
68
556
559
433
156
709
932
285
845
399
59
361
519
407
541
88
868
892
368
775
830
782
555
394
987
92
105
10
532
425
463
351
585
635
879
659
711
429
382
183
47
402
712
235
422
800
811
645
858
535
43
507
293
127
94
194
582
765
329
776
979
308
631
1001
395
992
746
184
381
696
470
779
530
736
938
180
205
848
823
721
783
405
853
600
573
461
703
482
737
471
592
569
505
385
67
937
376
862
655
356
528
664
601
588
445
819
579
904
594
211
9
750
359
472
321
501
87
223
353
667
245
984
910
169
745
589
388
144
650
700
961
867
201
836
540
919
23
923
810
251
386
451
981
697
309
644
903
831
93
326
83
686
940
248
190
708
560
414
791
825
988
118
432
758
316
966
344
548
748
656
401
832
607
963
247
217
669
340
186
515
722
342
327
598
986
34
829
341
609
648
66
132
8
125
687
636
628
624
790
552
536
616
730
171
145
372
362
558
236
896
350
133
675
331
192
824
489
411
615
694
159
770
77
415
475
224
173
743
346
254
647
855
725
212
657
852
771
665
28
417
701
-1
EOF
