NAME : sim701.263353.tour
COMMENT : Length = 263353
COMMENT : Found by LKH [Keld Helsgaun] Tue Sep 18 05:08:30 2018
TYPE : TOUR
DIMENSION : 701
TOUR_SECTION
1
137
563
406
96
559
446
336
584
462
435
295
143
189
79
124
176
608
109
506
11
570
679
219
315
45
389
391
524
507
346
495
597
380
421
537
312
179
669
484
245
178
373
616
423
285
426
364
374
47
127
567
340
343
326
478
402
352
237
525
560
441
674
158
396
542
208
393
661
81
456
351
76
10
258
105
224
436
470
378
268
420
548
41
534
102
152
664
496
640
66
545
205
306
27
328
98
5
425
246
368
451
428
583
242
609
513
414
324
64
220
657
509
590
53
162
531
276
86
362
412
97
419
31
215
348
194
95
84
622
573
397
269
317
321
92
366
388
37
133
572
407
231
310
606
209
433
195
551
29
212
499
691
78
369
50
376
645
262
272
89
354
477
673
32
232
701
61
255
427
511
530
266
211
464
71
35
683
153
155
512
543
398
264
147
458
293
234
381
468
281
142
157
596
19
618
566
227
116
28
144
4
172
611
120
363
126
672
375
174
135
74
589
322
345
455
7
383
558
225
696
288
670
540
361
544
553
628
453
699
547
117
17
236
221
485
501
447
182
467
12
187
128
625
203
168
257
300
87
75
171
223
379
173
267
652
667
318
181
591
199
213
629
150
490
390
197
25
562
49
91
475
660
40
200
239
48
605
459
303
665
437
360
394
254
202
697
474
241
248
108
244
535
327
56
146
493
82
586
633
341
466
83
216
600
518
247
698
297
278
639
67
284
70
680
410
510
305
450
309
564
649
463
602
114
274
503
579
631
384
134
113
20
8
612
502
682
516
675
302
587
100
700
88
632
3
22
648
214
641
253
504
659
690
514
668
434
626
482
183
387
59
34
271
130
654
121
165
77
424
580
169
575
311
251
651
289
270
569
145
207
51
617
623
229
110
294
624
372
85
141
687
415
131
449
643
103
429
370
694
314
263
185
395
6
196
681
259
93
18
452
46
595
581
598
323
349
461
653
261
2
614
204
662
582
304
637
479
480
342
642
58
491
607
290
57
422
36
357
488
620
250
325
156
621
677
411
601
292
521
260
413
335
23
273
149
80
610
140
489
522
99
472
443
308
139
256
192
671
552
122
432
299
296
320
439
517
533
494
546
337
520
319
119
481
527
371
403
663
206
298
630
685
106
14
550
286
240
24
72
339
331
417
693
265
592
159
377
401
60
476
175
54
526
43
132
404
571
646
252
505
405
483
13
111
166
554
277
695
38
30
557
469
442
431
465
198
69
549
529
555
101
44
280
487
330
123
344
365
52
170
193
676
658
15
338
55
408
42
386
301
444
217
438
619
39
385
356
107
33
73
585
238
615
613
500
148
313
21
604
574
556
228
593
283
498
230
541
191
222
235
577
291
115
367
684
154
457
125
515
90
164
594
523
497
355
184
568
129
249
634
454
359
644
358
473
329
650
647
94
9
287
112
62
65
190
180
138
163
243
655
418
282
460
201
136
151
588
68
332
538
578
678
688
186
233
528
16
603
440
63
400
519
409
279
492
399
26
692
177
167
430
565
539
350
118
210
576
104
486
160
656
334
636
666
532
188
689
627
226
508
307
416
347
561
686
218
161
448
382
471
353
536
445
392
635
638
275
316
333
599
-1
EOF
