NAME : sim1001.304926.tour
COMMENT : Length = 304926
COMMENT : Found by LKH [Keld Helsgaun] Tue Sep 11 08:22:01 2018
TYPE : TOUR
DIMENSION : 1001
TOUR_SECTION
1
829
463
140
48
871
374
984
309
741
370
123
1001
956
955
867
361
159
690
31
323
567
676
980
817
963
462
2
160
556
864
231
931
760
57
702
493
770
151
268
782
818
589
174
948
548
592
350
318
304
540
681
287
366
242
486
708
594
688
78
933
420
49
662
586
686
276
54
992
222
146
200
397
875
166
414
828
492
751
508
126
501
236
62
807
37
215
292
344
20
972
53
747
659
326
546
593
820
110
379
90
596
208
459
433
315
120
389
500
402
316
249
841
241
762
824
441
789
444
394
531
89
221
337
932
991
302
888
147
301
21
247
382
913
561
634
257
874
210
831
794
17
610
576
283
780
305
458
13
259
471
863
149
726
526
710
549
186
203
422
15
1000
898
148
461
60
649
165
363
967
643
195
666
560
790
653
579
400
19
693
206
239
628
418
619
609
644
409
115
840
253
161
861
39
474
176
47
317
852
629
169
312
682
128
396
504
439
562
601
970
424
262
351
495
521
715
736
638
748
243
985
298
907
743
469
917
122
431
515
436
320
105
184
81
227
797
731
697
523
860
651
5
755
197
694
266
183
405
654
16
632
617
703
135
162
408
687
878
11
131
124
22
196
911
445
73
944
477
552
270
675
537
805
787
914
364
767
901
966
399
717
671
338
759
87
763
668
233
894
294
889
839
611
182
692
449
201
784
930
199
390
416
833
138
52
181
413
114
995
453
248
744
903
310
623
757
915
180
740
264
558
64
792
290
999
631
837
551
961
170
55
404
376
719
260
684
779
588
739
369
365
542
648
187
327
497
645
333
912
528
518
783
766
699
401
127
581
827
480
957
415
517
277
936
430
70
856
93
289
810
329
977
764
237
786
425
918
212
245
98
753
154
614
25
873
854
44
496
32
479
660
167
91
881
503
27
278
583
597
300
143
426
883
725
467
108
234
524
279
705
71
613
969
491
133
880
545
3
734
354
522
587
119
570
891
672
506
267
942
929
798
228
754
8
630
332
30
84
168
510
657
383
307
423
45
217
937
869
440
75
240
330
353
899
626
834
606
372
539
821
12
419
470
447
429
823
711
410
483
788
622
50
342
68
189
74
59
488
981
976
100
96
313
939
872
769
847
219
502
620
572
835
129
974
359
973
111
738
566
388
896
772
56
254
712
934
511
356
297
336
670
188
158
386
535
700
775
261
843
982
18
553
550
665
890
830
334
177
962
608
707
927
635
814
116
465
395
26
343
735
204
529
46
153
378
106
286
952
802
987
476
514
761
778
679
965
473
303
793
295
505
23
35
205
244
403
870
291
698
255
678
464
806
928
953
421
604
411
925
920
406
667
288
557
24
218
86
76
125
373
685
575
29
296
348
451
466
983
938
943
916
437
285
882
714
816
639
768
532
232
689
959
173
544
926
838
34
192
791
516
908
391
998
636
468
862
385
742
815
367
85
607
109
460
66
989
832
960
377
781
193
902
563
230
9
308
732
113
525
104
485
716
238
658
591
293
750
795
40
490
482
777
214
284
427
328
910
107
884
489
341
398
811
822
825
530
746
728
340
275
435
387
527
4
730
809
624
618
164
235
924
265
36
42
691
745
357
213
331
79
72
311
771
892
224
77
582
975
450
996
99
269
887
371
752
886
352
273
533
225
990
112
612
121
994
655
722
216
499
534
846
713
448
226
118
650
571
893
758
724
673
900
434
324
695
799
163
813
41
325
156
83
384
142
43
541
853
640
178
92
271
559
603
155
979
859
897
487
375
923
472
256
945
600
191
574
14
804
28
211
299
656
577
282
844
407
513
346
808
800
7
393
949
246
322
512
849
392
536
737
904
652
446
198
905
868
452
38
986
625
97
573
729
749
906
141
272
520
919
442
319
803
428
971
349
274
940
590
412
438
481
280
733
381
615
194
139
314
457
978
580
455
263
82
921
144
175
94
543
819
171
895
209
680
935
538
964
709
61
443
774
796
836
801
661
136
848
633
706
362
368
602
855
509
252
555
756
519
637
785
172
968
321
564
845
585
507
866
568
432
554
598
584
103
683
190
152
850
229
220
958
65
616
877
251
10
145
130
946
63
646
88
858
663
547
51
281
202
922
137
627
842
67
69
494
454
223
475
941
951
578
80
765
258
669
599
565
677
347
720
857
345
776
621
851
95
117
150
993
997
380
885
909
478
6
701
355
102
134
484
605
157
773
812
642
727
954
101
704
647
417
358
721
306
641
360
826
723
950
718
33
185
595
696
250
569
947
456
674
339
179
498
664
876
58
988
335
865
207
132
879
-1
EOF
