NAME : sim1001.307037.tour
COMMENT : Length = 307037
COMMENT : Found by LKH [Keld Helsgaun] Tue Sep 11 16:22:46 2018
TYPE : TOUR
DIMENSION : 1001
TOUR_SECTION
1
138
608
164
177
39
275
83
205
431
465
978
951
713
934
381
918
268
664
605
619
43
150
420
540
910
38
114
846
272
711
485
484
925
412
63
229
265
902
323
856
556
825
715
221
218
750
199
538
284
106
132
142
617
828
769
599
425
765
130
611
861
231
398
938
254
700
683
446
276
543
841
333
383
310
559
219
858
473
754
167
971
337
149
906
679
483
403
72
916
105
507
50
816
904
334
338
224
805
162
919
84
477
140
817
772
830
716
135
298
61
119
312
810
957
917
353
955
11
70
175
447
574
913
784
496
371
97
32
933
211
480
238
463
474
33
161
440
111
831
752
256
848
306
226
491
457
774
490
531
819
160
422
628
52
668
708
23
299
289
57
200
90
277
506
733
282
222
185
592
928
460
375
796
400
201
120
196
892
408
163
495
387
271
588
975
736
51
30
639
802
234
651
419
623
764
879
213
586
223
763
357
216
281
756
58
803
504
192
945
727
367
698
865
124
137
881
159
409
593
269
303
245
257
878
843
75
145
719
285
482
907
69
390
214
34
671
694
237
355
204
64
362
832
374
60
54
65
899
667
689
749
807
344
649
26
656
210
225
746
570
895
197
317
172
644
311
147
459
148
81
427
932
959
837
93
839
318
202
437
239
560
786
669
857
339
236
908
361
243
319
988
621
760
228
824
430
542
820
929
983
369
366
676
926
471
99
296
970
341
309
600
759
181
439
184
876
123
893
741
845
174
443
553
4
121
127
180
587
582
811
434
66
549
320
643
891
686
533
324
646
100
19
515
590
313
413
864
262
405
3
596
497
747
404
701
107
125
530
95
322
707
316
931
493
690
511
89
737
307
821
724
488
779
416
433
370
518
833
428
40
636
660
358
16
62
905
379
935
136
927
641
244
393
889
372
960
799
415
762
961
535
976
618
813
717
616
627
948
751
681
454
215
554
347
868
958
703
578
166
421
451
744
693
555
516
321
842
998
610
475
882
896
806
653
453
2
648
209
156
134
217
74
455
29
854
609
567
575
395
738
894
492
731
629
227
829
388
705
884
365
247
550
206
292
442
53
704
44
396
295
37
677
625
546
633
568
168
294
56
255
912
308
190
834
143
775
855
331
253
853
508
728
376
900
826
678
241
502
980
612
444
804
151
378
640
963
179
886
901
122
729
401
170
68
98
721
773
973
602
706
116
487
939
186
782
541
967
952
994
103
517
279
384
815
349
539
863
399
286
944
109
650
326
402
458
659
183
456
509
7
924
647
755
572
687
46
478
273
27
601
327
278
287
469
583
489
936
189
777
486
840
645
96
41
153
157
685
850
523
875
406
862
981
178
1000
94
14
191
898
252
293
220
571
407
950
631
212
852
527
684
946
240
301
914
603
280
10
798
79
697
501
718
942
536
113
573
345
652
391
78
591
818
739
36
888
532
432
665
24
812
597
675
360
354
585
348
607
792
519
835
709
615
776
302
385
638
663
80
418
992
524
342
887
995
921
335
859
941
195
476
350
753
82
22
594
423
734
529
666
414
25
131
373
283
655
171
129
259
748
730
435
630
77
604
126
795
117
849
780
800
691
673
702
661
380
547
232
680
417
993
336
551
943
343
263
466
692
55
115
569
288
809
198
851
576
329
314
766
598
579
654
513
315
990
544
9
15
368
503
877
635
359
642
441
688
461
392
836
788
793
173
922
346
873
956
822
740
8
614
505
203
258
870
76
104
494
169
267
606
528
300
872
682
720
424
897
979
187
464
930
674
526
297
770
176
382
801
67
781
871
165
726
429
188
386
823
233
743
264
305
768
45
903
577
634
230
548
266
193
42
112
325
141
999
986
525
624
449
411
158
328
794
102
785
498
657
949
620
940
565
670
290
923
522
85
248
537
467
468
462
521
260
771
73
778
101
500
426
182
351
246
35
662
860
146
745
869
937
699
787
966
725
658
18
91
885
962
695
20
17
31
880
48
397
470
632
987
363
545
767
479
783
847
47
557
947
626
558
997
92
969
982
732
968
110
838
6
235
972
797
270
118
964
445
808
242
12
735
394
1001
472
436
274
954
332
438
985
965
844
86
452
974
791
562
722
481
108
761
128
991
21
154
672
364
622
911
356
714
155
389
552
953
584
13
520
874
581
984
510
712
637
742
920
152
890
996
71
194
866
291
790
580
139
723
909
989
589
789
87
758
564
561
251
340
757
250
883
514
563
534
5
827
330
49
867
450
207
410
59
915
208
28
133
512
696
377
249
448
352
499
566
613
88
710
814
977
595
304
261
144
-1
EOF
