NAME : sim501.215203.tour
COMMENT : Length = 215203
COMMENT : Found by LKH [Keld Helsgaun] Mon Sep 10 22:17:29 2018
TYPE : TOUR
DIMENSION : 501
TOUR_SECTION
1
417
76
394
377
208
49
115
38
64
457
166
473
260
86
175
348
375
157
285
438
464
194
22
283
440
263
492
401
384
244
407
203
282
373
74
33
18
215
307
144
471
301
342
480
276
445
128
42
133
390
156
396
134
3
26
372
482
131
381
499
238
41
454
497
434
297
4
10
461
66
171
400
308
212
241
27
98
326
383
136
349
272
44
481
145
62
116
8
192
336
102
162
180
364
352
362
388
233
353
358
306
152
300
366
385
490
43
141
444
338
183
344
117
165
350
129
368
118
20
149
112
247
333
154
403
6
206
36
23
414
222
281
209
148
280
379
68
324
135
24
393
219
221
259
441
75
404
419
161
337
142
197
189
255
85
225
398
214
228
491
265
39
78
413
190
71
121
267
341
252
188
184
187
334
91
54
474
15
402
484
367
108
173
234
483
322
339
309
223
13
269
94
101
100
58
248
273
191
56
150
83
304
16
200
262
487
311
47
55
246
69
369
422
429
79
113
88
458
408
486
73
494
153
498
254
467
395
423
340
124
489
11
126
30
495
151
501
82
271
380
250
459
96
202
40
232
435
249
332
343
239
182
449
89
287
448
51
160
412
146
177
477
463
168
496
53
472
298
196
356
476
164
237
9
328
453
479
179
147
77
389
313
305
132
130
81
65
213
475
288
7
418
293
450
226
231
257
119
52
277
67
359
21
120
318
291
428
335
405
111
363
432
312
399
106
323
493
478
122
12
278
299
416
431
107
264
87
460
45
48
218
163
174
437
439
355
275
245
172
452
35
216
242
256
279
198
139
181
320
37
258
286
104
207
266
365
436
103
303
109
387
289
357
204
224
316
294
14
330
346
466
296
28
446
34
425
391
321
382
427
25
114
455
261
290
199
92
84
470
217
284
170
59
95
488
420
240
110
447
251
105
270
158
31
268
314
99
227
430
63
411
201
220
169
329
155
29
125
351
410
409
424
274
93
485
302
17
331
32
451
137
500
90
292
178
167
374
5
361
433
421
319
443
325
315
97
327
360
210
310
46
185
442
243
193
469
229
123
138
378
205
415
127
61
345
253
468
140
386
2
462
186
317
195
19
295
371
50
159
406
354
176
465
60
57
80
392
376
397
70
230
370
347
236
426
211
235
72
143
456
-1
EOF
