NAME : sim501.221367.tour
COMMENT : Length = 221367
COMMENT : Found by LKH [Keld Helsgaun] Mon Sep 10 23:57:26 2018
TYPE : TOUR
DIMENSION : 501
TOUR_SECTION
1
240
421
481
35
493
177
214
465
91
150
303
55
287
281
33
54
235
490
132
200
48
206
342
165
419
455
399
273
137
496
11
12
383
213
172
471
318
34
467
59
179
381
278
324
211
20
30
389
197
387
220
414
23
42
338
331
56
356
362
168
282
140
452
345
156
183
146
100
17
376
19
462
64
144
5
68
151
169
293
428
363
194
262
126
435
422
352
215
254
475
336
245
355
279
334
158
286
149
223
423
326
154
207
443
391
58
136
117
141
45
143
102
402
44
340
70
398
239
451
497
337
162
15
427
218
123
178
339
456
13
284
418
411
41
133
77
229
468
115
274
316
330
92
494
32
354
80
209
453
280
94
105
193
152
46
325
10
300
429
283
74
392
447
163
459
57
463
410
375
276
142
464
231
384
238
425
86
409
31
270
24
217
454
87
199
195
485
40
222
170
181
182
108
61
332
155
104
499
113
374
405
171
370
397
329
272
81
4
449
236
457
256
73
212
488
107
407
205
466
440
333
436
368
216
431
367
29
395
323
308
268
230
404
185
445
351
396
176
498
257
221
473
98
327
38
204
311
227
121
479
159
97
251
187
495
361
433
67
458
474
112
444
413
148
430
310
127
295
103
480
62
393
125
145
210
60
201
500
382
95
386
482
299
246
408
118
501
373
8
160
291
305
264
90
296
124
153
232
237
6
51
486
372
14
188
371
267
487
489
50
350
314
226
344
7
321
37
9
301
461
110
271
43
359
472
478
184
63
403
83
328
99
130
39
49
275
71
253
208
335
173
288
306
128
114
406
129
302
225
476
377
119
349
484
122
394
259
289
147
442
438
261
353
53
66
379
263
446
366
360
319
412
161
313
247
175
470
298
437
28
252
250
243
277
460
415
82
258
492
269
109
69
348
25
233
315
469
341
369
18
52
84
307
322
101
22
292
228
290
3
16
401
202
294
88
203
358
106
174
116
365
432
27
260
312
134
385
424
93
72
416
111
400
441
76
380
85
65
26
224
198
180
186
439
343
304
47
450
131
378
248
317
285
96
196
234
357
189
249
164
417
255
420
297
426
434
120
390
265
167
364
219
75
166
2
491
139
135
346
21
448
89
320
309
388
192
347
157
477
242
241
244
190
79
266
191
78
36
138
483
-1
EOF
