NAME : sim501.218249.tour
COMMENT : Length = 218249
COMMENT : Found by LKH [Keld Helsgaun] Mon Sep 10 21:41:35 2018
TYPE : TOUR
DIMENSION : 501
TOUR_SECTION
1
155
449
18
385
439
399
459
389
106
500
464
291
183
102
182
348
105
469
481
170
196
428
112
110
77
137
24
114
387
326
179
222
54
342
491
60
51
395
206
53
221
313
181
165
279
426
212
268
158
23
346
252
128
251
70
69
153
304
146
451
458
140
354
160
239
318
45
262
290
277
217
30
88
56
22
215
372
41
8
410
437
493
298
235
302
306
68
109
255
316
29
349
267
276
151
347
325
465
382
40
73
238
287
230
163
10
71
285
460
400
411
378
350
171
338
27
281
323
377
295
223
472
113
383
188
371
259
159
293
89
409
479
93
220
283
210
47
263
187
307
211
134
17
404
270
289
122
380
482
57
84
143
492
5
322
343
147
174
381
15
14
311
99
42
65
329
324
271
253
177
488
398
55
265
234
207
34
172
175
117
359
421
335
58
118
250
12
427
214
152
445
13
74
429
36
136
19
132
487
26
195
278
225
98
111
294
452
121
339
261
126
334
442
274
228
299
432
192
48
296
168
478
489
104
44
92
38
25
229
438
202
201
292
130
50
484
312
373
365
344
227
369
280
247
450
305
474
120
176
198
401
461
455
72
360
497
288
129
62
226
441
273
7
470
16
425
466
419
157
367
33
417
83
480
162
37
475
297
178
150
386
476
125
219
3
330
64
144
100
191
363
355
87
91
331
286
133
407
340
332
21
456
423
80
139
82
345
416
412
31
495
43
471
420
213
463
284
448
454
433
6
141
78
193
101
310
49
453
303
477
462
203
468
95
275
430
272
366
315
415
300
413
66
362
396
35
200
245
384
282
20
11
444
208
394
59
375
498
494
240
242
368
46
393
390
96
418
61
243
184
85
164
309
457
9
154
499
356
167
116
443
145
86
161
374
317
166
490
364
123
142
148
185
236
485
199
173
156
496
414
467
361
483
197
149
388
446
81
28
204
249
108
190
351
319
353
135
97
260
127
337
320
328
232
341
209
254
440
224
392
2
501
301
194
403
107
237
266
336
352
370
473
138
447
67
358
434
90
205
397
186
233
486
357
327
231
39
308
63
94
169
422
119
32
131
103
218
4
115
435
258
256
436
52
424
379
376
244
246
405
76
189
241
314
216
75
408
124
264
402
333
79
431
257
406
321
180
269
391
248
-1
EOF
