NAME : sim701.256559.tour
COMMENT : Length = 256559
COMMENT : Found by LKH [Keld Helsgaun] Sun Sep 16 19:28:21 2018
TYPE : TOUR
DIMENSION : 701
TOUR_SECTION
1
375
518
321
619
300
627
129
166
452
503
210
576
150
663
105
642
202
614
511
28
74
415
487
595
535
26
168
580
668
260
532
114
402
96
447
654
340
463
54
8
244
562
228
602
426
5
42
205
268
186
547
252
446
91
672
7
306
455
500
516
676
485
234
79
657
265
220
661
557
478
482
34
367
601
194
43
124
413
146
84
427
62
349
635
254
641
389
237
71
203
411
218
474
288
347
592
81
167
517
667
332
89
9
63
637
358
573
370
13
396
251
247
222
307
123
301
116
565
422
514
408
164
125
673
60
699
131
227
613
221
113
385
442
695
618
50
298
537
374
467
176
665
208
381
219
525
630
295
261
30
397
342
528
31
658
489
398
610
141
494
476
468
337
154
348
403
501
461
553
320
197
645
271
466
192
646
130
371
443
479
198
250
289
175
46
155
88
70
376
152
549
599
351
434
315
93
253
548
269
546
691
133
314
153
296
382
304
582
325
621
394
297
405
509
66
412
445
242
590
583
534
311
283
357
341
448
475
589
134
379
182
464
424
414
498
229
368
586
449
313
350
400
18
544
117
510
577
196
86
331
181
170
401
128
497
336
37
454
110
293
480
620
701
239
664
230
262
639
527
541
248
103
27
172
483
457
656
41
206
542
45
361
458
644
647
319
384
173
278
431
334
519
690
322
15
451
506
264
280
456
529
606
6
82
372
199
249
256
58
561
135
185
140
636
38
555
274
195
159
32
59
564
459
670
151
277
441
609
477
388
329
33
369
302
163
393
327
604
409
581
333
104
425
177
513
36
184
591
19
450
318
226
284
578
137
550
236
593
683
217
545
373
77
225
162
491
25
484
569
429
399
136
587
671
681
56
492
35
338
90
188
522
245
631
579
75
263
11
80
540
418
628
238
570
391
183
622
410
469
326
24
428
158
648
281
190
640
694
215
566
111
488
404
600
51
73
273
473
662
585
355
258
649
20
700
531
119
48
76
490
115
575
22
310
287
677
605
652
187
95
559
362
444
121
633
423
493
132
204
53
44
364
660
438
122
17
118
390
417
598
560
255
109
209
55
83
294
99
257
353
21
625
669
524
597
685
61
65
558
594
419
359
616
87
472
142
421
366
305
692
568
266
538
330
624
435
3
344
603
596
126
687
626
317
286
363
12
216
189
653
285
324
69
143
157
145
212
14
346
100
465
680
433
40
666
571
659
551
148
64
191
556
678
180
615
496
107
460
328
78
47
270
462
674
108
572
165
499
356
682
92
303
607
407
243
16
520
201
2
223
224
299
291
481
72
214
386
246
178
174
267
697
696
179
629
688
552
617
643
259
23
567
279
655
584
611
420
309
292
406
144
387
471
608
679
574
94
106
632
240
698
689
147
98
651
521
211
49
272
308
588
686
634
512
352
536
395
101
213
623
515
684
156
161
360
380
365
127
612
160
169
290
233
392
138
563
693
437
200
120
335
378
193
241
539
139
495
504
439
523
149
354
171
432
231
383
638
275
235
85
440
345
68
526
207
430
470
650
486
232
29
57
102
52
67
339
377
507
282
97
530
316
453
10
4
312
343
416
323
554
508
276
675
436
112
533
39
502
505
543
-1
EOF
