NAME : sim321.176159.tour
COMMENT : Length = 176159
COMMENT : Found by LKH [Keld Helsgaun] Mon Sep 17 20:35:38 2018
TYPE : TOUR
DIMENSION : 321
TOUR_SECTION
1
30
15
249
295
23
134
304
12
80
281
143
223
137
21
282
169
308
81
113
215
205
192
207
46
276
32
269
121
201
260
47
123
25
171
256
172
83
179
86
159
128
99
187
149
141
283
19
277
127
273
34
309
112
228
33
314
160
240
104
120
251
92
236
131
91
66
97
69
270
62
96
248
170
142
317
108
165
106
4
166
303
200
288
227
52
195
117
224
154
150
298
191
18
194
198
115
202
261
144
209
145
51
116
284
148
311
122
183
278
77
61
71
17
130
10
188
244
64
291
90
190
85
93
147
3
72
181
222
262
155
196
232
189
153
265
306
5
105
268
217
119
132
100
29
193
275
229
259
43
233
50
53
158
258
253
157
254
199
180
76
162
22
175
109
213
36
35
63
241
124
13
319
316
212
307
321
79
70
206
125
136
302
176
168
164
156
75
14
239
289
82
226
242
225
252
161
57
318
234
301
9
294
111
58
49
263
293
204
6
89
300
67
140
299
146
44
271
218
139
237
31
274
87
312
219
313
178
221
305
230
246
37
285
55
174
245
243
27
286
16
203
290
60
102
59
310
185
56
210
177
114
41
107
101
272
186
296
315
235
151
257
220
129
7
2
197
266
42
26
45
264
163
78
216
39
65
24
135
297
88
214
138
94
211
238
73
287
98
320
182
247
95
20
8
118
133
110
11
40
126
38
74
250
167
255
103
68
184
231
54
152
173
208
279
280
28
267
84
292
48
-1
EOF
