NAME : sim321.176030.tour
COMMENT : Length = 176030
COMMENT : Found by LKH [Keld Helsgaun] Sat Sep 15 17:52:22 2018
TYPE : TOUR
DIMENSION : 321
TOUR_SECTION
1
37
150
82
225
171
62
217
277
178
260
103
12
169
93
50
228
291
170
235
309
85
92
140
297
23
123
261
236
300
265
271
141
174
53
165
237
232
200
17
100
42
46
316
31
247
299
89
293
24
245
152
289
255
43
272
198
134
258
195
306
292
9
303
282
278
83
274
285
30
124
131
128
163
320
126
71
109
294
307
58
49
203
270
19
229
159
175
222
206
105
201
117
185
305
318
96
284
321
173
213
22
166
181
177
286
257
74
281
149
148
27
77
153
75
156
314
55
40
207
164
26
114
211
32
121
210
6
116
101
122
138
315
146
199
113
13
102
64
238
246
133
244
145
204
279
252
112
311
227
142
52
209
182
193
67
180
45
69
110
280
18
119
287
242
319
21
273
259
186
65
251
5
78
104
130
312
298
39
16
20
226
218
97
230
139
136
192
155
38
275
56
15
73
76
223
256
125
214
108
187
35
160
158
147
220
143
167
60
264
90
179
59
41
249
137
29
276
99
144
262
250
304
263
268
8
190
240
308
91
219
267
254
88
168
98
188
196
68
172
310
48
216
14
191
221
161
107
34
81
2
118
288
61
239
233
79
33
127
95
234
266
94
120
183
241
135
129
317
302
111
243
4
10
54
132
86
44
269
162
296
290
7
66
157
28
51
106
57
197
184
36
283
63
151
194
248
202
231
313
205
25
301
224
212
176
3
47
115
70
87
295
208
11
215
253
84
72
80
189
154
-1
EOF
