NAME : sim251.158068.tour
COMMENT : Length = 158068
COMMENT : Found by LKH [Keld Helsgaun] Wed Aug 29 09:08:59 2018
TYPE : TOUR
DIMENSION : 251
TOUR_SECTION
1
26
30
2
113
152
28
137
57
104
79
108
56
154
17
189
38
3
78
206
39
197
162
176
70
131
7
50
61
241
122
14
251
62
46
168
19
220
11
193
195
99
175
226
33
87
49
15
216
114
23
71
52
182
100
135
174
219
134
151
8
42
139
101
119
156
170
187
84
221
81
146
120
202
53
85
164
250
111
190
144
218
5
34
231
95
133
169
222
96
13
93
121
29
60
124
109
63
82
138
243
83
37
238
74
215
186
229
112
132
153
239
157
6
149
194
77
205
31
76
165
54
242
89
88
98
116
223
225
67
9
177
36
43
208
102
4
199
103
198
75
91
234
201
160
80
159
73
90
123
105
203
18
27
227
188
166
148
200
249
35
233
110
217
155
207
224
211
16
143
236
178
40
235
181
66
247
180
126
21
12
128
232
142
129
167
204
22
185
92
55
191
94
183
214
72
32
192
125
184
244
213
136
69
24
130
64
51
117
41
248
140
173
158
209
150
163
141
58
97
45
237
161
86
115
25
47
240
172
196
48
68
118
44
10
246
106
127
212
147
228
230
145
179
59
107
20
65
210
245
171
-1
EOF
