NAME : sim141.127259.tour
COMMENT : Length = 127259
COMMENT : Found by LKH [Keld Helsgaun] Sun Sep 16 01:42:12 2018
TYPE : TOUR
DIMENSION : 141
TOUR_SECTION
1
3
119
52
17
71
70
94
125
57
21
7
110
39
96
79
114
138
91
101
111
54
130
137
140
75
139
108
5
49
31
118
18
44
60
56
122
51
92
132
20
12
105
131
8
69
26
61
120
29
19
109
59
136
133
83
4
68
106
65
107
86
47
77
22
30
43
97
87
124
25
46
141
72
128
35
53
48
129
123
85
10
64
62
23
16
42
41
32
104
82
127
11
113
84
13
117
67
90
89
98
6
102
24
81
135
78
38
76
73
2
115
99
100
80
27
33
36
14
45
74
121
66
134
63
28
50
112
88
95
34
37
116
93
15
103
9
55
126
58
40
-1
EOF
