NAME : sim251.159063.tour
COMMENT : Length = 159063
COMMENT : Found by LKH [Keld Helsgaun] Tue Sep 11 16:53:21 2018
TYPE : TOUR
DIMENSION : 251
TOUR_SECTION
1
158
108
42
25
132
194
207
152
93
74
17
142
223
192
167
210
95
37
131
181
50
76
26
162
144
39
143
151
245
138
111
128
193
79
10
212
186
57
240
219
45
231
52
103
229
215
204
40
54
105
63
196
16
218
115
70
32
195
213
55
106
137
77
127
251
235
3
64
169
65
34
21
71
126
98
224
14
163
121
72
237
155
129
149
205
176
248
9
62
113
83
112
242
118
130
154
191
146
88
190
7
236
48
107
180
243
120
238
99
250
109
75
141
185
85
69
61
92
228
47
241
220
161
157
28
12
122
89
56
160
46
239
31
51
133
208
225
216
20
249
209
43
44
171
125
119
11
211
78
188
189
147
68
67
86
199
27
6
182
184
174
168
4
5
123
175
217
110
58
124
84
172
8
29
200
53
35
201
187
153
165
117
247
148
177
60
101
23
179
33
104
18
96
134
197
150
202
221
41
166
91
227
226
232
203
145
222
234
38
233
206
24
116
66
13
82
97
183
159
214
178
87
135
164
15
244
19
136
140
156
100
30
94
2
198
81
173
73
102
139
59
230
49
80
22
170
36
90
114
246
-1
EOF
