NAME : sim251.157010.tour
COMMENT : Length = 157010
COMMENT : Found by LKH [Keld Helsgaun] Wed Aug 29 09:13:55 2018
TYPE : TOUR
DIMENSION : 251
TOUR_SECTION
1
177
94
98
78
185
3
234
132
128
189
131
174
6
143
134
107
144
202
241
192
213
24
89
85
35
204
196
250
135
25
103
54
83
172
164
17
137
52
223
216
222
19
12
200
8
150
186
170
90
121
27
161
242
182
92
243
125
44
169
10
64
146
187
167
21
23
7
138
126
176
181
142
57
65
247
62
91
127
14
110
197
226
159
119
70
149
80
133
211
240
237
58
74
61
37
155
124
46
195
72
9
123
82
238
59
42
163
40
77
53
217
210
32
145
140
22
228
56
88
112
236
95
76
130
235
20
55
2
96
93
139
136
86
191
41
111
162
160
79
147
151
215
175
148
81
36
122
73
212
168
219
60
201
248
50
28
31
183
154
4
75
157
179
67
221
178
153
29
207
5
165
66
43
15
45
199
102
249
224
184
115
239
227
218
106
203
229
198
30
214
84
251
49
47
104
100
190
117
206
38
231
230
166
220
48
87
105
208
34
71
108
114
113
152
68
173
18
16
11
225
246
39
26
188
120
97
245
63
158
99
232
101
129
118
180
244
193
233
33
69
51
209
141
194
13
171
116
156
109
205
-1
EOF
