NAME : sim161.130869.tour
COMMENT : Length = 130869
COMMENT : Found by LKH [Keld Helsgaun] Mon Sep 17 04:59:12 2018
TYPE : TOUR
DIMENSION : 161
TOUR_SECTION
1
46
43
80
65
11
76
102
19
117
55
137
82
24
100
159
71
5
79
42
26
119
104
59
10
110
47
83
118
126
75
123
86
94
40
27
87
51
127
106
89
14
16
17
35
154
146
81
72
9
74
18
107
48
160
109
157
22
63
138
57
4
28
6
39
45
77
98
32
147
58
112
153
92
116
41
135
2
139
122
113
68
30
133
114
73
132
161
61
143
31
134
96
130
21
33
84
148
23
49
25
69
62
60
108
144
140
36
103
158
90
120
131
13
151
145
124
12
53
115
52
105
67
149
64
34
29
99
7
3
56
85
152
136
70
142
121
50
141
20
97
8
129
155
125
93
37
95
111
44
54
156
88
38
66
101
15
128
78
150
91
-1
EOF
