NAME : sim501.219446.tour
COMMENT : Length = 219446
COMMENT : Found by LKH [Keld Helsgaun] Mon Sep 10 21:07:46 2018
TYPE : TOUR
DIMENSION : 501
TOUR_SECTION
1
120
34
347
237
199
491
21
494
373
127
119
232
326
126
497
11
277
286
80
272
361
49
335
78
268
464
6
298
207
142
15
478
455
383
415
175
225
356
446
31
422
423
453
16
18
162
256
213
376
500
467
437
363
169
133
391
407
226
458
103
77
180
469
189
67
105
457
65
421
398
128
28
174
404
161
451
75
388
349
68
93
86
334
216
203
324
187
499
99
109
50
56
186
257
258
98
116
411
176
146
5
430
459
106
160
209
416
431
228
406
429
319
122
472
198
314
408
468
462
380
348
488
270
316
166
52
117
322
496
17
222
461
359
91
263
275
53
131
234
433
45
20
8
151
152
447
148
9
310
393
123
125
479
291
124
331
311
351
418
353
254
153
170
96
302
204
493
434
456
424
100
392
211
498
59
118
212
104
23
130
26
352
83
465
381
328
19
81
264
285
309
344
362
409
427
195
85
473
355
144
290
140
471
410
132
346
231
110
261
313
489
219
27
428
305
245
13
288
369
214
63
289
14
273
278
165
365
452
54
292
247
251
339
243
168
412
487
378
321
121
360
44
33
84
417
172
194
129
235
252
293
441
384
241
304
374
350
425
238
206
420
22
25
358
230
156
192
55
492
208
414
448
476
88
389
370
185
149
179
141
281
401
454
260
215
386
297
495
97
79
239
400
372
242
139
345
315
92
342
41
10
89
76
397
145
413
157
218
30
107
402
223
341
387
450
32
368
221
184
436
399
236
267
240
312
444
357
244
435
155
283
66
325
466
394
317
43
248
177
61
39
71
308
182
306
191
94
197
64
95
37
217
48
102
395
46
229
265
295
12
366
296
253
271
112
442
375
111
35
390
115
300
299
307
183
62
485
276
259
201
403
336
82
432
449
190
354
364
332
58
173
150
108
178
171
47
486
135
73
69
371
250
323
385
51
193
294
143
7
482
114
101
181
340
379
163
426
396
24
329
113
3
333
138
484
159
474
475
330
220
224
477
440
87
377
164
438
269
202
445
382
205
42
463
337
57
338
282
90
287
367
501
4
490
29
196
147
246
158
280
38
200
327
255
134
303
249
284
301
483
2
480
72
74
481
266
262
137
405
274
167
419
36
343
470
320
70
40
460
210
188
279
443
233
439
227
318
136
60
154
-1
EOF
