NAME : sim501.217774.tour
COMMENT : Length = 217774
COMMENT : Found by LKH [Keld Helsgaun] Mon Sep 10 22:52:17 2018
TYPE : TOUR
DIMENSION : 501
TOUR_SECTION
1
276
257
274
131
491
470
360
15
138
66
206
479
266
425
42
348
126
183
284
424
329
32
39
59
60
468
456
372
97
365
269
317
44
237
173
95
26
108
209
246
47
109
19
487
473
450
333
54
303
35
443
10
297
285
356
68
259
416
493
287
261
355
377
385
220
146
460
148
471
64
441
477
187
462
286
86
159
389
33
40
195
371
157
196
391
164
178
314
222
417
263
282
433
155
407
92
268
175
461
347
281
57
117
182
21
139
46
129
136
62
22
309
428
71
241
410
184
221
114
486
476
458
125
305
63
234
328
420
380
179
337
31
101
115
211
373
85
223
322
142
229
232
110
88
102
213
496
335
77
475
121
312
23
119
452
411
339
358
83
124
404
434
198
320
172
13
465
301
65
169
133
353
189
399
469
492
204
116
73
256
75
9
499
341
439
272
17
351
144
166
7
271
414
324
290
357
319
123
79
495
128
67
369
278
215
429
207
258
379
400
112
192
283
472
200
275
332
446
153
245
228
4
251
141
11
457
78
55
190
455
426
273
451
298
238
41
396
437
96
390
343
459
111
321
415
58
227
242
247
72
249
38
8
37
342
485
90
482
99
6
383
61
225
481
364
330
98
14
326
265
201
260
296
167
170
56
311
308
106
323
252
304
147
87
398
430
154
12
27
50
255
378
291
340
354
107
253
135
212
49
440
118
280
250
345
188
34
316
122
230
218
194
435
226
2
48
104
199
442
158
444
497
244
43
105
233
445
181
113
208
334
150
70
302
80
480
387
51
394
217
288
363
467
177
16
449
236
267
82
395
3
422
254
463
156
193
393
409
24
325
403
295
94
168
84
367
81
376
501
405
474
402
359
293
292
248
89
453
368
338
374
289
197
318
370
91
466
214
478
294
185
29
53
300
174
145
210
406
74
5
235
120
239
52
375
219
127
205
392
418
143
176
384
484
331
279
500
299
327
432
423
313
436
25
438
137
191
151
388
132
413
397
140
362
130
310
224
149
180
494
243
76
186
161
490
349
134
240
231
315
346
382
165
489
30
412
344
160
488
203
421
350
381
216
431
270
386
103
36
352
202
93
336
20
100
306
45
162
401
262
448
498
69
18
277
408
447
361
264
163
28
307
427
483
171
454
419
366
152
464
-1
EOF
