NAME : sim251.158581.tour
COMMENT : Length = 158581
COMMENT : Found by LKH [Keld Helsgaun] Tue Sep 11 17:45:25 2018
TYPE : TOUR
DIMENSION : 251
TOUR_SECTION
1
176
95
162
17
16
96
136
246
239
106
101
185
9
81
172
139
151
110
114
11
42
180
30
224
124
131
19
32
109
223
238
43
199
90
6
201
158
111
46
157
152
44
130
88
179
70
251
77
153
155
181
31
207
80
146
225
21
197
68
227
218
112
168
121
187
22
229
205
82
214
230
14
243
87
38
27
190
35
149
154
93
108
167
113
150
138
165
79
186
166
141
164
61
103
26
183
126
212
191
208
250
133
40
104
72
20
84
73
74
63
171
248
54
148
147
15
244
76
213
182
177
135
240
18
127
65
85
215
3
91
78
233
161
198
86
75
8
105
99
210
145
28
140
196
134
242
98
67
36
169
100
41
60
62
117
129
49
137
249
23
57
94
195
206
132
235
53
222
160
102
55
24
5
66
194
52
58
107
217
159
184
220
34
59
241
25
144
178
64
116
175
204
174
37
13
211
119
128
56
156
236
50
202
92
203
232
125
122
33
193
226
247
71
123
12
237
216
219
97
69
45
83
118
143
115
209
231
7
29
2
47
4
48
192
188
228
39
170
142
234
51
89
120
245
173
163
189
10
221
200
-1
EOF
