NAME : sim251.155085.tour
COMMENT : Length = 155085
COMMENT : Found by LKH [Keld Helsgaun] Tue Sep 11 17:26:53 2018
TYPE : TOUR
DIMENSION : 251
TOUR_SECTION
1
82
150
91
219
225
51
26
111
117
246
141
236
234
89
227
66
163
215
224
132
12
175
129
11
48
101
137
125
166
144
165
31
67
98
37
244
8
80
220
25
243
174
38
55
159
65
14
102
123
195
138
172
2
28
108
164
105
126
86
179
136
16
6
218
155
23
10
221
190
104
207
182
156
203
112
62
180
249
73
81
33
100
93
21
196
75
53
151
20
116
85
84
18
202
213
118
231
90
46
121
72
127
54
167
4
214
128
170
241
34
232
5
50
29
226
185
197
209
208
92
212
39
211
119
52
152
228
47
148
30
17
147
168
169
189
58
41
251
57
131
99
162
56
7
44
200
176
205
70
160
235
186
201
103
69
124
71
120
184
140
233
43
142
106
64
210
223
107
87
95
68
40
181
247
22
77
145
248
130
240
60
237
115
149
78
27
139
238
153
36
191
109
110
173
133
245
35
171
216
97
242
13
45
61
76
88
230
63
250
239
32
122
74
15
194
49
96
134
24
3
113
188
229
199
183
222
19
161
114
9
59
83
143
135
178
146
217
154
94
198
79
192
177
158
42
204
206
193
157
187
-1
EOF
