NAME : sim251.156968.tour
COMMENT : Length = 156968
COMMENT : Found by LKH [Keld Helsgaun] Tue Sep 11 16:59:47 2018
TYPE : TOUR
DIMENSION : 251
TOUR_SECTION
1
107
106
215
103
23
52
231
32
162
64
220
39
125
84
200
40
42
114
190
208
155
232
16
213
33
210
156
8
139
58
83
22
144
157
118
20
133
191
216
128
176
186
65
172
203
98
91
57
24
99
173
102
163
180
7
201
183
194
149
29
175
198
5
47
113
171
2
50
219
105
207
3
184
211
36
247
145
130
87
124
188
45
61
242
158
142
134
192
60
56
132
152
49
92
110
187
12
96
235
206
137
34
9
182
212
27
230
93
14
127
121
239
25
181
13
223
30
116
243
18
136
167
123
165
221
19
246
153
122
88
222
148
41
26
159
196
205
228
129
77
94
199
70
240
241
214
178
189
95
250
224
170
248
141
74
146
143
111
67
179
11
53
73
237
17
15
108
82
68
197
161
78
249
48
164
140
31
177
38
44
154
117
35
89
195
185
54
81
251
51
168
37
115
86
79
147
160
229
244
28
66
138
119
100
90
112
109
6
10
169
104
234
135
120
238
233
43
226
55
21
59
75
80
101
151
62
225
202
209
85
126
46
131
204
69
166
76
97
150
4
218
174
227
217
71
193
63
236
72
245
-1
EOF
