NAME : sim251.154196.tour
COMMENT : Length = 154196
COMMENT : Found by LKH [Keld Helsgaun] Tue Sep 11 17:14:00 2018
TYPE : TOUR
DIMENSION : 251
TOUR_SECTION
1
159
194
157
93
34
21
97
172
83
164
197
33
134
99
156
16
211
221
66
228
25
171
95
193
40
70
248
53
115
198
121
47
36
91
39
235
138
107
127
38
8
56
162
244
215
51
46
3
234
123
64
242
18
85
181
94
76
110
169
106
187
189
192
139
65
170
113
229
184
124
133
142
208
203
61
148
72
246
212
202
250
196
199
73
6
7
27
223
129
186
100
236
63
161
158
232
136
101
117
146
128
88
31
245
58
205
29
86
204
185
11
42
143
233
224
168
219
207
200
84
52
104
103
179
165
98
41
30
220
237
166
22
209
141
190
108
239
57
151
137
201
5
111
231
177
163
67
74
87
132
32
75
105
50
89
55
112
154
78
251
183
14
238
102
116
175
20
119
122
249
26
13
2
96
48
173
150
214
218
4
178
216
180
144
19
226
241
9
10
79
167
243
213
43
80
210
125
152
217
182
227
145
174
59
35
81
49
222
82
37
153
118
92
54
12
109
126
191
69
225
140
155
114
176
188
135
120
24
149
45
77
68
44
240
147
247
130
23
17
90
160
71
206
60
62
230
15
131
28
195
-1
EOF
