NAME : sim1001.308470.tour
COMMENT : Length = 308470
COMMENT : Found by LKH [Keld Helsgaun] Tue Sep 11 14:26:35 2018
TYPE : TOUR
DIMENSION : 1001
TOUR_SECTION
1
239
992
714
558
220
252
137
403
933
386
281
830
151
424
348
89
988
111
45
63
7
401
804
555
221
49
228
68
59
100
425
190
736
661
539
897
269
268
520
62
790
855
975
955
667
820
413
797
298
161
731
392
21
96
136
2
929
766
981
429
571
914
293
211
896
937
360
368
604
375
601
791
126
17
388
504
919
869
284
813
689
452
682
496
887
631
125
711
26
86
23
906
500
583
761
173
280
311
152
810
553
485
84
607
441
15
831
6
735
740
455
765
98
521
109
163
80
69
642
292
65
18
619
199
117
459
875
651
55
818
966
20
842
1000
270
491
52
870
278
958
54
582
300
615
440
116
197
852
124
982
344
276
431
294
230
189
218
803
83
179
927
90
635
373
940
338
647
591
638
994
463
529
733
881
537
40
787
893
87
685
260
720
272
645
773
379
543
318
675
320
208
798
120
596
605
446
122
328
254
864
800
58
857
332
590
369
627
305
877
973
815
970
72
918
472
439
236
780
650
809
204
844
285
801
565
81
625
672
550
630
690
30
470
421
171
516
402
925
681
315
106
480
572
94
741
499
428
323
372
609
505
88
507
941
251
60
885
214
9
718
238
850
340
998
812
48
637
839
851
333
746
10
503
528
827
486
747
871
191
996
706
879
304
181
159
330
512
313
838
225
376
91
334
74
193
16
664
140
203
867
279
130
378
957
890
527
595
715
247
180
451
724
917
465
160
716
620
995
461
42
699
836
563
172
719
273
770
385
450
213
19
458
153
658
141
267
147
954
573
77
701
154
534
423
587
734
337
380
215
43
447
306
487
307
56
721
602
663
702
398
984
846
621
288
249
374
756
828
175
580
566
805
691
416
778
585
592
971
70
113
972
834
705
287
862
466
865
32
165
364
575
712
678
478
409
289
377
673
169
727
776
502
969
960
976
760
71
234
259
457
50
782
687
176
694
488
144
283
753
548
928
242
361
188
471
253
963
993
57
400
393
950
774
723
608
670
426
624
654
908
443
114
755
900
227
606
418
930
686
823
986
414
656
902
38
907
692
29
498
44
261
395
629
492
618
626
274
391
417
848
24
743
952
826
806
177
155
497
494
892
185
12
737
286
387
796
92
138
207
742
118
577
588
97
347
299
771
576
73
643
365
552
799
616
540
150
948
166
223
168
329
849
593
222
419
501
351
404
894
474
352
436
739
598
145
341
872
697
456
359
709
430
210
556
134
700
726
785
880
79
533
569
34
965
382
807
390
530
987
837
784
241
600
495
217
542
783
599
945
183
668
764
219
649
115
303
946
924
312
85
511
449
201
444
777
633
974
752
397
854
832
920
779
662
232
331
422
962
243
802
256
564
845
744
258
674
603
255
923
677
167
275
271
708
990
979
129
655
767
915
371
959
899
926
956
47
541
3
184
808
829
676
262
476
874
713
61
93
546
961
557
481
758
710
518
237
46
128
133
949
433
25
335
968
717
195
683
916
514
192
748
903
349
250
522
947
584
632
863
861
282
308
198
22
905
763
549
909
794
39
901
938
889
561
594
78
944
468
319
535
291
8
263
824
980
895
14
196
788
728
158
935
266
399
66
448
301
538
913
983
811
876
356
28
381
297
157
394
506
554
105
856
224
265
383
216
51
363
841
53
641
660
200
467
139
103
559
922
781
353
560
707
847
316
469
545
640
921
178
411
610
644
412
666
410
156
357
206
322
205
589
75
729
121
653
346
67
939
321
4
586
912
873
997
985
405
751
617
339
544
326
442
725
202
819
174
524
614
246
233
951
745
367
123
883
490
833
209
693
730
898
769
244
882
406
27
817
264
967
884
911
194
757
101
886
314
235
11
853
454
257
277
483
489
41
35
679
1001
170
843
551
648
977
786
370
749
536
652
473
135
732
775
324
302
659
350
868
475
453
611
149
613
636
904
13
336
102
696
37
415
248
295
532
835
822
526
931
657
722
464
597
866
143
427
698
186
146
795
355
759
33
859
772
384
814
325
104
738
792
309
187
568
567
240
484
327
131
634
581
437
768
366
432
531
825
477
639
704
936
523
754
910
789
579
31
510
112
508
420
628
358
142
989
978
148
127
840
888
684
5
953
119
519
991
95
162
750
362
793
878
574
688
245
435
623
932
76
290
482
964
509
407
99
612
570
695
345
860
479
622
389
515
438
342
562
231
665
517
942
999
110
762
212
547
891
108
578
680
343
36
525
82
296
646
943
310
821
434
107
671
703
182
408
445
513
354
164
669
64
132
462
317
460
934
226
816
858
493
229
396
-1
EOF
