NAME : sim141.116370.tour
COMMENT : Length = 116370
COMMENT : Found by LKH [Keld Helsgaun] Sun Sep 16 00:15:24 2018
TYPE : TOUR
DIMENSION : 141
TOUR_SECTION
1
46
128
107
137
19
89
70
124
78
98
38
111
15
9
48
105
135
35
5
12
68
119
64
130
92
79
85
75
62
27
45
115
140
106
83
56
91
129
67
113
104
101
94
73
57
21
125
63
121
25
41
17
116
114
40
99
127
87
18
29
103
95
71
31
7
6
134
36
123
50
88
112
82
60
86
22
122
37
110
133
74
11
44
97
126
30
16
28
132
32
136
2
13
59
58
20
52
33
53
81
26
120
39
90
10
42
96
139
69
51
43
76
141
3
117
109
8
4
55
65
14
54
100
23
49
34
77
24
118
72
61
102
138
47
66
84
93
131
108
80
-1
EOF
