NAME : sim501.217252.tour
COMMENT : Length = 217252
COMMENT : Found by LKH [Keld Helsgaun] Mon Sep 10 22:52:07 2018
TYPE : TOUR
DIMENSION : 501
TOUR_SECTION
1
135
95
494
4
365
356
24
196
203
82
160
469
92
161
50
300
314
333
352
197
266
362
269
447
401
456
194
94
110
388
10
495
497
474
267
275
375
231
295
130
244
471
248
38
371
175
179
46
208
128
410
84
233
277
80
424
126
338
303
367
476
48
322
434
265
337
109
166
223
108
167
292
213
122
37
204
395
420
450
18
348
134
31
299
311
276
186
235
425
369
446
165
465
116
345
239
200
141
475
378
408
101
73
329
422
15
250
136
47
452
79
104
215
123
217
216
100
245
13
271
370
305
44
70
383
253
353
437
230
385
173
236
243
324
26
400
304
486
42
132
131
229
466
97
193
39
354
127
270
381
280
225
478
405
298
487
23
384
133
27
30
439
68
168
149
90
442
413
32
228
159
183
191
178
282
86
51
409
78
419
182
188
98
326
256
359
106
192
56
343
349
35
199
60
458
55
483
272
143
318
418
382
67
246
53
316
264
232
180
325
52
259
363
66
328
296
286
406
121
198
399
473
146
115
479
397
441
278
152
315
461
240
289
389
29
107
342
372
214
414
145
368
154
71
430
274
219
438
125
5
172
251
423
319
489
433
429
184
464
403
163
63
169
407
366
177
144
69
301
201
120
448
93
218
394
142
312
340
112
357
460
207
426
492
453
391
255
288
147
58
81
373
211
57
323
379
498
222
493
402
2
65
25
308
501
294
17
119
472
209
103
332
162
355
157
309
284
411
238
8
310
6
12
302
358
393
306
268
181
258
224
491
43
139
320
195
485
431
477
449
150
377
435
428
88
151
28
488
331
261
170
252
74
16
41
3
387
313
496
364
467
221
137
459
416
220
247
105
468
347
470
7
283
234
62
129
436
11
20
237
457
281
153
317
176
158
102
155
287
297
54
339
307
241
164
185
351
171
415
87
202
341
260
484
174
40
77
279
481
293
140
9
444
96
205
480
14
454
432
138
463
85
33
321
72
336
113
212
83
374
334
187
99
91
227
34
76
421
19
427
412
257
262
346
440
36
490
114
327
482
254
156
45
189
249
117
445
61
59
455
360
451
500
404
376
396
89
75
417
386
64
273
290
330
49
291
226
210
285
263
118
21
190
398
111
361
148
344
206
443
22
242
462
392
335
350
380
124
499
390
-1
EOF
