NAME : sim251.156840.tour
COMMENT : Length = 156840
COMMENT : Found by LKH [Keld Helsgaun] Tue Sep 11 17:06:00 2018
TYPE : TOUR
DIMENSION : 251
TOUR_SECTION
1
20
198
131
135
47
76
174
217
222
142
223
21
4
93
73
184
86
67
240
179
213
40
11
91
43
96
38
99
166
53
126
124
181
122
249
243
100
148
37
219
26
106
56
209
62
246
153
51
82
233
83
98
206
242
208
210
50
194
158
121
110
88
221
69
204
31
183
39
57
130
193
168
205
66
231
30
72
19
113
52
109
119
95
152
128
161
46
147
77
84
2
60
25
203
65
149
200
248
171
202
33
216
17
9
108
195
23
156
24
55
144
151
235
225
97
123
12
167
140
159
190
251
176
178
239
116
120
163
74
224
34
236
6
189
105
28
29
212
75
247
81
226
42
234
197
229
138
228
7
244
15
111
112
188
48
104
155
114
191
214
238
92
215
241
18
139
162
94
232
68
27
187
133
237
154
80
117
32
118
186
141
230
196
146
8
101
245
182
44
36
250
63
165
58
175
13
218
35
87
54
157
220
150
201
3
85
71
180
199
172
90
107
185
160
143
64
16
45
169
14
41
211
103
164
192
134
10
137
145
5
207
70
22
49
132
102
79
173
136
227
177
115
125
89
170
59
78
61
127
129
-1
EOF
