NAME : sim251.155419.tour
COMMENT : Length = 155419
COMMENT : Found by LKH [Keld Helsgaun] Wed Aug 29 10:00:49 2018
TYPE : TOUR
DIMENSION : 251
TOUR_SECTION
1
177
147
89
64
188
41
55
54
116
88
249
11
161
216
69
248
87
67
44
95
234
20
242
201
235
222
105
214
159
197
118
176
15
231
83
37
3
145
184
128
21
153
154
57
155
2
90
178
180
168
139
38
104
191
239
160
131
164
200
135
220
75
6
207
12
179
66
28
42
60
181
50
236
227
194
43
233
166
14
212
8
17
202
146
111
93
157
130
113
92
167
63
36
59
73
94
213
138
78
237
107
158
74
241
245
219
224
106
24
156
182
195
133
171
229
68
31
137
7
136
206
112
204
79
47
25
53
84
120
52
72
208
91
226
86
13
170
225
117
51
27
228
30
172
45
230
190
61
115
192
198
110
126
250
124
26
119
4
189
223
123
49
102
98
215
134
218
238
169
162
48
132
244
34
40
149
129
81
76
141
175
70
10
240
99
193
65
100
199
121
246
33
203
62
151
35
143
205
32
152
173
187
16
243
9
56
109
209
71
108
101
82
77
46
232
142
125
96
210
247
22
19
148
211
114
127
163
251
140
144
122
196
80
183
29
18
5
221
85
58
23
217
185
150
103
97
39
165
174
186
-1
EOF
