NAME : sim321.177994.tour
COMMENT : Length = 177994
COMMENT : Found by LKH [Keld Helsgaun] Sat Sep 15 16:06:41 2018
TYPE : TOUR
DIMENSION : 321
TOUR_SECTION
1
160
26
199
80
239
139
152
207
11
43
307
179
42
109
258
225
106
319
118
37
94
217
128
54
203
236
205
46
171
72
206
215
238
10
102
242
229
44
304
90
316
150
313
59
145
284
301
58
164
79
47
292
76
183
103
132
156
189
3
275
99
256
187
296
208
267
210
310
40
282
257
204
221
143
216
281
188
168
211
219
202
49
112
27
246
176
315
89
305
141
181
264
272
260
123
28
286
95
231
222
144
271
81
270
137
114
314
135
121
73
311
262
17
263
169
233
157
130
52
133
237
142
9
155
124
320
175
161
299
159
303
308
235
107
96
23
240
92
166
283
312
77
6
184
91
62
119
66
268
178
16
147
127
136
148
68
7
36
50
162
167
113
165
74
251
8
30
209
140
214
254
289
138
279
22
298
32
5
97
69
126
83
192
285
185
149
194
15
186
173
29
86
274
38
245
234
193
51
131
34
191
4
294
12
55
108
297
146
45
177
287
196
273
197
64
321
111
302
153
182
213
290
82
226
154
244
250
261
265
129
24
2
180
300
280
198
227
172
253
228
243
249
87
71
163
306
288
88
212
100
61
241
174
224
190
18
317
25
232
98
85
105
201
20
115
93
19
110
230
57
151
13
84
48
120
259
309
220
223
170
60
75
158
65
104
101
125
255
31
33
278
218
318
122
134
269
295
116
41
277
53
35
252
248
67
117
63
70
266
195
291
276
56
78
14
21
293
247
39
200
-1
EOF
