NAME : sim321.174320.tour
COMMENT : Length = 174320
COMMENT : Found by LKH [Keld Helsgaun] Sun Sep 16 02:55:57 2018
TYPE : TOUR
DIMENSION : 321
TOUR_SECTION
1
89
107
288
6
85
102
143
258
195
262
135
232
14
230
190
37
168
266
188
114
26
226
311
48
213
314
298
274
87
287
121
228
241
80
210
22
304
216
75
109
208
242
66
108
183
99
200
204
30
104
125
84
293
153
318
31
123
5
292
273
283
57
165
139
21
180
61
38
12
255
185
33
281
166
118
227
191
254
126
19
98
246
251
272
163
91
131
301
24
3
164
60
101
240
149
245
225
156
264
132
182
23
67
309
176
222
51
313
276
100
115
25
76
320
267
122
106
175
308
284
7
302
299
65
201
317
157
229
252
34
260
296
119
141
136
42
224
147
285
319
305
321
16
148
169
8
297
315
133
55
236
47
179
40
49
244
50
257
289
94
11
215
146
235
90
271
307
46
197
130
162
238
259
223
52
194
250
97
79
303
184
198
199
10
39
192
69
275
253
120
54
231
207
174
63
161
269
134
291
189
282
256
154
193
247
117
68
56
36
206
151
205
96
4
9
2
44
218
160
28
74
53
203
105
138
150
295
300
20
41
263
237
186
35
155
140
248
142
110
159
73
127
209
92
202
83
233
221
220
171
290
170
196
172
212
286
111
59
77
62
113
234
277
13
95
144
261
279
280
82
116
27
211
137
278
32
312
214
239
112
70
29
78
71
306
310
128
152
129
93
88
15
103
270
316
219
167
294
243
18
181
158
43
217
268
64
72
177
58
187
249
86
17
173
145
124
178
45
81
265
-1
EOF
