NAME : sim501.221839.tour
COMMENT : Length = 221839
COMMENT : Found by LKH [Keld Helsgaun] Mon Sep 10 21:54:23 2018
TYPE : TOUR
DIMENSION : 501
TOUR_SECTION
1
314
281
91
25
75
247
489
2
129
219
175
438
250
80
493
439
111
445
424
287
452
374
49
165
23
437
10
448
216
248
67
467
307
28
119
468
98
188
5
270
370
395
483
107
242
33
149
299
12
433
27
66
198
367
435
340
462
115
218
54
150
155
331
196
288
236
146
285
480
252
212
145
183
197
214
135
72
475
173
296
405
429
97
116
231
441
172
293
89
323
283
360
407
470
171
420
380
13
410
243
388
391
425
179
415
220
100
3
19
461
471
141
43
494
128
185
479
404
353
213
226
450
315
495
239
491
51
361
268
109
117
449
286
337
154
365
469
472
355
335
428
180
392
106
68
124
88
417
6
322
87
416
311
292
254
211
256
306
251
444
276
144
354
48
497
442
463
78
108
481
84
274
170
138
112
137
15
202
280
244
409
229
399
269
53
203
386
488
264
182
271
423
45
189
195
265
294
166
8
126
336
465
371
356
193
65
436
164
358
414
310
290
301
90
473
81
62
266
499
76
400
29
184
147
30
422
32
308
369
345
233
168
303
127
240
113
339
406
363
351
194
261
496
458
318
457
501
85
262
157
50
357
341
4
44
500
162
94
390
35
389
134
123
408
205
454
487
474
9
234
7
434
403
328
37
207
169
210
121
41
153
63
453
334
26
174
443
191
17
298
204
120
56
305
378
373
297
230
476
77
151
321
456
249
167
238
278
446
221
86
312
246
192
317
401
440
385
492
103
482
217
96
142
383
402
40
375
277
258
324
484
289
451
200
273
225
302
156
70
430
381
459
228
46
259
82
413
79
327
187
61
21
431
160
382
421
455
412
122
132
60
398
300
176
466
245
186
257
478
39
384
57
102
477
418
419
330
227
235
319
59
359
350
343
209
260
99
130
346
316
20
52
490
140
73
105
255
93
14
74
92
69
379
349
31
426
267
366
320
313
224
223
101
372
364
253
36
110
55
178
272
47
352
338
83
362
161
206
125
263
114
460
347
394
348
95
158
136
368
325
309
143
222
279
24
190
139
333
18
201
464
181
148
241
237
326
486
208
104
11
232
376
38
432
485
411
342
133
64
304
215
387
177
329
284
295
118
71
34
397
22
344
393
332
163
58
152
16
275
377
42
199
396
498
291
159
447
131
282
427
-1
EOF
