NAME : sim501.213986.tour
COMMENT : Length = 213986
COMMENT : Found by LKH [Keld Helsgaun] Mon Sep 10 22:19:19 2018
TYPE : TOUR
DIMENSION : 501
TOUR_SECTION
1
429
400
279
107
417
457
92
96
200
427
293
173
322
61
77
327
381
72
406
89
181
419
195
97
141
155
382
485
378
213
330
351
442
169
350
231
374
165
474
241
472
95
341
483
365
110
496
489
294
43
203
495
271
52
402
122
379
497
233
356
326
129
68
162
140
227
476
202
215
144
153
41
367
29
87
46
18
194
332
286
376
359
413
78
146
456
394
251
14
117
15
320
343
160
4
386
387
123
266
111
277
121
404
177
385
500
45
480
349
156
383
303
298
135
50
152
319
435
471
40
272
114
253
375
32
335
355
473
364
262
81
492
316
197
291
126
287
260
446
493
158
189
254
467
257
19
250
261
305
196
310
157
433
112
487
118
430
450
36
447
249
60
10
178
167
461
94
48
193
212
84
225
163
138
309
395
2
13
186
344
199
150
132
49
290
130
25
33
337
336
105
142
9
86
101
232
451
352
314
499
237
265
55
274
267
340
5
30
438
184
242
174
93
20
405
407
35
108
422
323
411
218
371
424
149
491
280
8
11
377
185
389
91
259
399
390
311
292
342
458
238
22
38
70
7
368
276
58
190
338
115
391
53
278
392
42
425
363
71
373
313
304
73
205
56
102
26
269
317
403
297
288
361
69
306
255
120
172
175
221
230
127
258
469
12
113
462
131
216
333
321
80
410
154
66
124
283
83
324
397
466
501
434
179
243
300
416
418
17
79
67
426
137
240
57
360
192
207
219
88
401
248
168
27
398
148
62
285
31
44
171
289
444
428
128
234
455
308
408
170
161
346
65
208
264
486
281
421
409
302
246
477
147
209
437
180
63
339
268
166
347
164
318
98
463
488
441
273
284
59
325
307
109
74
432
362
183
85
464
414
270
133
345
465
222
125
54
256
440
90
384
245
453
76
82
423
357
448
159
34
210
217
484
39
24
452
358
315
299
223
436
235
296
106
136
204
214
247
439
3
494
252
206
187
176
145
412
369
103
201
134
459
353
6
475
226
481
239
470
191
366
468
28
295
334
431
47
388
220
370
396
312
449
37
51
263
104
460
393
119
211
198
329
282
454
490
328
139
236
354
445
16
372
331
415
229
23
478
244
498
348
99
143
443
482
182
224
188
380
116
151
275
21
100
64
420
301
228
75
479
-1
EOF
