NAME : sim251.153834.tour
COMMENT : Length = 153834
COMMENT : Found by LKH [Keld Helsgaun] Wed Aug 29 09:35:32 2018
TYPE : TOUR
DIMENSION : 251
TOUR_SECTION
1
45
18
180
185
69
52
87
56
149
20
72
11
82
112
81
127
100
111
29
218
17
212
170
163
16
15
137
35
155
39
251
166
225
233
244
158
243
10
136
161
152
108
22
49
187
109
115
6
234
177
122
55
60
142
13
219
119
66
28
207
99
153
147
156
76
227
150
126
105
77
95
62
46
194
241
168
213
174
238
204
23
57
157
73
146
229
59
117
184
4
12
91
165
230
47
245
178
96
138
135
101
190
98
250
116
97
154
93
65
139
224
68
199
193
43
7
242
221
85
50
173
63
70
211
195
128
44
26
25
75
33
201
208
89
183
121
129
51
24
92
141
143
216
222
9
31
53
5
107
32
145
232
2
36
134
210
113
186
124
246
3
110
34
167
79
169
71
196
102
176
118
240
131
181
48
90
192
162
200
86
151
189
103
61
64
58
140
27
239
206
226
19
133
179
74
148
54
231
247
171
248
217
182
120
159
223
123
42
235
114
228
125
175
30
214
198
14
84
83
106
37
203
38
197
215
104
21
236
202
78
249
88
209
67
80
144
40
160
172
130
188
220
132
164
41
8
94
205
191
237
-1
EOF
