NAME : sim321.174143.tour
COMMENT : Length = 174143
COMMENT : Found by LKH [Keld Helsgaun] Sun Sep 16 09:37:57 2018
TYPE : TOUR
DIMENSION : 321
TOUR_SECTION
1
138
239
114
113
182
155
170
125
152
313
82
80
132
270
118
84
94
283
137
289
108
50
185
241
90
16
207
17
205
68
57
159
139
281
253
293
319
203
223
66
104
213
59
150
287
238
103
245
83
173
18
250
303
37
240
273
257
93
71
22
46
141
276
259
9
256
311
115
314
65
41
162
277
31
166
284
21
316
13
96
195
133
292
206
101
121
146
102
2
48
196
111
62
100
85
28
148
54
212
19
210
169
14
143
265
286
49
77
123
47
268
178
140
198
260
211
175
23
161
304
52
181
301
145
44
275
226
79
215
30
202
217
56
8
266
307
36
25
233
231
243
310
29
144
164
188
214
249
251
153
254
272
149
171
252
156
78
165
204
10
27
299
295
220
269
305
97
6
294
221
39
135
110
43
321
280
282
151
225
4
127
320
261
263
69
192
187
216
290
236
136
5
318
55
209
174
51
34
58
235
222
258
26
242
160
176
72
120
98
186
87
199
271
74
180
267
7
33
274
106
248
89
191
193
67
158
285
124
309
32
312
53
190
134
306
154
38
308
73
130
64
200
88
70
95
296
232
112
24
208
61
179
20
76
167
109
264
279
172
147
86
227
177
297
218
92
246
12
300
194
288
278
105
184
201
244
81
60
317
168
3
117
128
230
126
234
45
315
291
247
142
228
163
122
119
262
63
302
224
157
116
107
35
183
11
219
131
129
189
15
298
42
75
255
91
99
229
40
197
237
-1
EOF
