NAME : sim501.221850.tour
COMMENT : Length = 221850
COMMENT : Found by LKH [Keld Helsgaun] Mon Sep 10 22:28:32 2018
TYPE : TOUR
DIMENSION : 501
TOUR_SECTION
1
74
370
356
290
261
496
403
473
50
164
238
456
433
212
127
306
232
414
485
444
242
171
68
213
305
429
26
477
434
191
288
341
100
424
243
39
481
362
94
297
449
214
265
111
400
376
46
469
12
200
158
203
482
410
446
159
101
308
54
84
102
282
169
487
462
366
173
396
19
37
145
395
259
119
292
484
246
266
187
134
472
67
389
244
455
24
333
38
405
337
224
25
14
445
195
373
27
17
272
470
91
386
136
178
406
353
227
501
176
61
365
20
397
142
303
65
394
97
137
221
133
207
128
57
118
279
425
287
117
163
263
450
253
291
500
198
174
10
110
401
201
202
192
185
121
322
114
87
409
154
315
112
258
459
116
144
316
223
360
152
347
492
262
77
32
268
491
408
235
8
497
248
240
453
70
211
296
289
350
209
457
79
22
231
210
120
31
423
75
72
346
170
378
340
486
283
335
338
186
220
441
226
96
131
465
233
69
367
155
197
125
166
267
81
312
36
199
2
499
295
329
493
6
181
440
239
45
278
293
415
11
342
375
343
384
363
161
156
369
498
193
277
299
439
435
355
383
452
495
85
252
230
184
286
141
82
271
160
124
73
88
334
391
359
466
310
35
147
381
23
298
321
251
454
479
393
179
60
162
430
76
130
190
458
49
380
432
98
44
358
5
319
194
275
357
270
294
368
421
180
153
304
398
276
280
330
15
352
442
71
241
404
372
18
257
58
55
113
139
175
420
300
301
225
3
217
480
351
489
467
41
204
399
448
468
464
474
80
21
63
9
62
307
16
182
281
478
411
245
392
254
106
29
140
426
177
451
237
138
168
354
4
89
40
64
129
331
51
320
151
135
323
317
460
309
92
13
314
122
416
93
115
371
339
126
422
302
188
390
324
348
56
107
83
52
325
33
53
146
327
189
427
344
387
99
476
90
361
418
48
326
78
494
47
431
42
407
475
167
382
463
104
219
165
206
364
249
385
264
196
388
273
216
336
215
284
328
318
483
332
149
228
256
229
412
205
488
402
143
285
109
471
43
260
447
417
255
311
490
208
247
436
148
374
413
438
428
86
222
443
437
30
132
236
183
461
105
7
379
349
34
123
103
108
66
234
274
59
345
95
269
218
377
172
150
28
157
419
313
250
-1
EOF
