NAME : sim501.215436.tour
COMMENT : Length = 215436
COMMENT : Found by LKH [Keld Helsgaun] Mon Sep 10 23:43:15 2018
TYPE : TOUR
DIMENSION : 501
TOUR_SECTION
1
166
100
152
13
228
372
438
41
322
343
89
106
32
334
19
465
227
199
366
455
96
243
188
239
326
354
172
111
484
82
3
292
451
283
280
76
201
350
250
340
135
309
388
297
348
481
178
181
400
323
173
325
312
185
104
29
248
279
200
290
337
488
370
232
161
119
258
317
97
162
333
408
28
48
42
210
127
487
310
413
272
109
289
158
416
358
196
153
263
291
275
359
463
197
221
458
285
205
83
140
58
424
336
378
277
134
341
95
316
234
338
257
394
64
211
54
56
278
8
442
265
233
344
407
410
91
288
204
262
501
47
117
470
439
313
342
423
298
229
169
193
149
308
320
361
133
21
206
73
497
198
141
65
155
147
144
39
40
469
421
252
369
454
496
393
440
113
165
247
367
269
296
429
7
179
110
138
349
499
450
360
427
15
38
422
66
362
436
435
124
53
447
108
160
402
43
351
11
449
34
397
63
93
294
189
163
433
472
170
276
20
242
61
281
77
396
92
461
390
246
79
107
86
386
385
498
474
14
284
224
406
404
2
78
145
72
453
168
381
392
332
345
226
6
171
371
17
203
476
237
302
466
384
238
105
225
253
74
85
187
101
387
330
254
418
299
437
379
305
500
255
346
51
214
180
321
319
251
156
192
191
174
18
452
130
380
426
409
70
24
23
306
480
60
468
364
131
245
301
102
270
151
295
125
236
57
324
46
36
123
202
303
368
209
457
444
114
213
98
405
136
84
157
142
235
264
417
311
139
403
282
434
478
339
375
223
377
376
50
415
80
88
256
183
146
494
128
293
69
482
314
37
129
459
443
112
479
357
273
399
274
428
4
244
355
71
9
475
195
52
182
186
116
456
22
10
184
492
68
143
490
218
353
75
473
286
335
81
164
16
383
148
287
150
477
240
363
331
12
431
44
27
304
382
249
460
464
391
231
414
448
67
59
176
62
208
315
328
99
154
446
212
441
395
230
486
495
419
121
175
55
267
167
118
329
260
300
374
261
5
103
194
49
126
25
215
120
222
30
87
94
219
401
241
356
318
347
159
430
327
307
489
122
485
412
266
467
483
217
493
26
137
90
177
491
365
268
462
411
420
425
445
35
271
33
389
352
259
220
132
398
45
471
216
31
432
115
190
373
207
-1
EOF
