NAME : sim701.254500.tour
COMMENT : Length = 254500
COMMENT : Found by LKH [Keld Helsgaun] Sun Sep 16 13:02:28 2018
TYPE : TOUR
DIMENSION : 701
TOUR_SECTION
1
78
170
352
323
678
288
401
696
567
626
315
258
4
590
338
242
253
331
310
97
410
649
14
289
154
372
100
444
652
562
174
479
357
563
521
490
375
316
275
387
76
56
667
151
17
594
606
438
240
204
411
486
457
224
37
564
697
402
700
252
686
306
659
549
222
337
301
63
595
287
370
585
342
693
701
427
226
526
38
695
236
194
346
497
191
237
398
68
451
255
41
304
141
579
55
16
334
319
94
505
362
690
50
443
633
468
437
566
653
39
612
332
110
256
266
515
376
195
480
399
473
271
498
212
58
415
20
60
592
452
101
537
311
276
282
143
575
609
69
118
138
291
374
124
177
637
470
495
200
685
199
149
47
639
72
466
541
269
272
371
184
239
361
139
576
640
426
531
98
597
8
554
130
648
482
348
321
600
48
699
379
605
432
524
42
396
508
158
675
171
669
104
421
496
122
504
329
528
550
260
128
589
116
406
333
46
608
615
656
216
29
190
520
66
152
435
687
655
664
280
591
23
257
573
449
231
694
206
618
131
324
157
681
108
610
405
644
611
670
165
666
586
494
296
196
389
546
368
91
137
213
460
625
232
523
548
18
82
84
445
574
49
518
31
409
220
169
354
539
587
307
350
52
394
132
458
467
483
647
44
512
277
347
95
651
147
186
198
455
73
129
340
26
607
335
265
10
481
356
71
245
386
86
582
181
246
325
570
577
533
123
197
513
578
677
203
134
290
431
25
419
489
459
613
532
553
75
462
628
417
312
580
189
391
70
519
62
40
638
146
446
636
530
373
179
249
77
547
501
201
420
593
400
64
210
418
631
367
442
263
665
540
229
202
155
234
96
173
559
629
491
127
12
646
74
416
80
621
115
65
34
536
299
522
156
103
507
303
511
180
182
161
568
247
571
355
484
689
251
581
223
61
208
305
144
207
133
502
617
698
211
422
535
79
283
403
441
433
295
6
35
320
54
395
112
99
447
339
485
313
254
424
121
142
7
596
602
538
148
463
309
493
658
183
300
281
318
45
616
428
109
85
32
228
119
262
27
43
167
465
434
285
273
382
353
643
9
57
476
364
267
162
59
126
294
219
13
241
140
624
514
475
336
21
641
622
684
160
598
166
430
205
488
614
630
187
209
390
22
552
349
314
172
369
499
381
11
308
164
261
298
215
250
341
145
555
378
178
673
2
683
113
102
635
478
388
551
233
244
679
268
135
544
214
583
292
218
270
682
464
248
297
456
221
642
225
691
19
259
384
326
492
351
506
397
660
413
450
604
472
345
360
408
657
286
412
343
509
83
107
51
217
588
317
363
175
264
380
322
53
680
487
120
153
448
365
525
89
5
601
393
284
623
105
28
24
235
545
90
330
569
663
383
542
477
407
358
293
67
366
230
517
385
634
474
454
440
461
558
662
627
344
603
227
328
453
557
471
359
645
561
15
92
117
584
654
423
176
274
192
556
632
163
185
404
106
565
377
500
527
125
560
36
619
620
327
136
88
392
429
671
688
650
302
87
3
81
503
510
469
414
243
516
114
278
674
668
111
159
676
93
279
425
534
529
193
661
150
692
572
238
33
599
188
168
543
30
439
672
436
-1
EOF
