NAME : sim321.178263.tour
COMMENT : Length = 178263
COMMENT : Found by LKH [Keld Helsgaun] Mon Sep 17 20:29:13 2018
TYPE : TOUR
DIMENSION : 321
TOUR_SECTION
1
5
39
214
102
91
170
125
130
184
140
127
307
157
219
122
192
69
58
169
276
26
191
103
150
173
270
50
290
71
210
166
120
70
229
17
31
112
236
3
203
220
98
153
206
35
237
109
189
123
299
269
101
232
301
114
27
278
74
60
182
108
171
32
211
151
116
54
129
6
202
289
79
218
21
222
165
201
316
309
2
187
87
137
144
160
277
243
271
133
136
319
162
240
239
23
62
295
265
34
138
13
121
245
176
294
10
105
251
67
38
106
107
314
196
306
149
308
287
177
24
14
36
11
284
246
81
292
78
72
37
183
143
96
86
22
93
9
8
80
52
29
48
111
65
92
145
82
296
272
282
77
179
147
303
268
252
94
89
139
119
318
42
304
181
205
234
158
260
115
244
163
297
104
305
250
161
44
75
221
266
311
310
321
64
156
263
20
167
235
146
231
43
148
85
247
225
256
61
317
155
172
141
233
249
90
132
128
281
262
174
253
259
267
25
264
274
213
190
298
30
175
134
273
200
159
207
302
124
7
242
291
168
286
188
185
142
15
4
197
258
41
300
293
66
230
315
83
248
208
224
97
55
275
135
57
154
164
198
285
73
152
280
59
33
204
223
288
49
215
45
180
131
110
88
46
16
117
76
28
227
279
19
113
195
283
255
313
95
216
99
320
126
238
100
178
193
47
241
84
199
12
228
56
63
217
194
209
257
312
261
212
18
51
53
68
186
118
254
40
226
-1
EOF
