NAME : sim321.174458.tour
COMMENT : Length = 174458
COMMENT : Found by LKH [Keld Helsgaun] Sun Sep 16 08:49:52 2018
TYPE : TOUR
DIMENSION : 321
TOUR_SECTION
1
65
284
142
12
107
261
178
298
292
174
158
246
225
214
33
208
102
100
133
232
201
242
83
109
189
95
283
37
311
151
316
275
61
90
161
11
183
218
116
262
156
280
290
6
7
187
166
281
8
266
38
182
50
219
20
148
29
44
310
184
45
211
48
39
9
199
58
303
60
147
41
92
317
197
113
195
129
59
273
19
306
213
227
237
137
186
288
319
121
250
86
171
105
135
253
131
185
97
309
247
26
40
179
160
175
47
14
308
21
241
119
136
88
239
63
318
85
52
254
164
94
106
233
269
57
307
77
299
141
215
289
267
229
217
42
181
4
204
123
165
286
212
193
22
27
10
72
152
115
264
32
176
277
66
146
118
53
244
192
209
198
3
99
108
216
68
70
132
243
144
258
74
259
221
235
25
300
98
205
125
312
31
272
230
256
263
149
271
49
313
157
117
224
89
153
112
240
15
80
93
231
170
315
150
120
140
207
294
249
51
210
251
320
279
296
130
252
110
169
124
139
155
101
257
79
64
222
276
200
285
55
245
168
111
5
91
69
159
84
305
238
260
191
46
73
154
188
190
282
177
270
56
314
268
122
13
18
194
163
202
43
265
162
134
173
81
304
302
62
2
180
24
75
321
293
226
167
126
114
87
295
128
301
76
291
203
30
103
127
35
28
255
248
71
96
234
34
278
228
236
274
220
16
78
17
138
145
54
82
67
36
23
104
196
143
287
206
297
223
172
-1
EOF
