NAME : sim141.118116.tour
COMMENT : Length = 118116
COMMENT : Found by LKH [Keld Helsgaun] Thu Sep 20 02:51:08 2018
TYPE : TOUR
DIMENSION : 141
TOUR_SECTION
1
93
16
132
83
24
57
62
112
12
102
111
72
71
129
52
66
110
56
10
61
117
26
113
21
20
32
48
137
105
103
19
54
89
4
58
77
106
130
123
114
25
80
37
127
64
133
79
91
31
74
104
44
75
5
97
126
88
2
7
95
78
131
45
49
6
76
63
9
124
28
108
68
11
122
42
116
35
15
55
65
3
51
87
120
125
92
17
119
43
134
22
46
67
136
23
118
84
30
121
107
27
139
47
70
90
34
53
99
38
141
135
50
85
86
128
94
138
98
81
14
29
36
18
39
69
8
13
101
140
33
73
109
59
41
40
60
96
82
115
100
-1
EOF
