NAME : sim141.118263.tour
COMMENT : Length = 118263
COMMENT : Found by LKH [Keld Helsgaun] Sun Sep 16 10:09:35 2018
TYPE : TOUR
DIMENSION : 141
TOUR_SECTION
1
2
131
75
119
29
24
125
86
77
115
14
17
104
118
136
43
12
138
94
36
45
102
62
117
3
68
32
10
71
85
112
60
8
39
108
64
89
124
66
99
107
26
38
81
27
25
100
19
88
52
137
116
4
80
93
130
91
67
113
20
109
6
95
92
135
129
134
83
13
132
90
82
53
15
47
84
133
97
31
11
128
126
54
40
72
16
5
139
101
140
59
55
96
41
37
120
30
69
110
98
46
63
56
111
65
51
79
73
9
23
48
123
49
103
105
28
121
58
114
78
33
22
57
50
35
7
34
127
21
18
61
76
44
106
141
74
42
70
87
122
-1
EOF
