NAME : sim251.155830.tour
COMMENT : Length = 155830
COMMENT : Found by LKH [Keld Helsgaun] Tue Sep 11 16:59:37 2018
TYPE : TOUR
DIMENSION : 251
TOUR_SECTION
1
181
26
82
29
71
69
87
240
205
213
94
164
27
190
228
235
194
166
158
155
10
42
34
108
208
223
115
189
187
191
66
125
105
178
167
197
247
135
232
215
67
129
248
53
45
11
121
251
36
170
119
137
106
118
15
4
110
38
243
244
233
90
128
62
16
13
241
89
146
88
171
143
237
75
30
151
156
98
227
162
123
127
103
220
60
207
139
199
102
91
231
219
188
63
185
97
120
28
212
173
239
238
37
9
250
24
182
179
186
200
25
163
77
230
161
225
12
140
46
17
18
104
157
8
160
148
229
64
141
184
73
80
109
172
132
23
20
138
58
68
41
168
21
101
78
203
61
242
196
193
159
52
7
234
204
51
5
39
131
130
216
85
245
217
2
147
122
214
218
176
79
210
55
236
35
183
114
195
150
142
31
96
209
206
133
201
49
177
112
174
6
113
169
65
126
93
180
149
100
154
136
50
134
32
222
95
14
152
57
165
117
84
224
202
116
92
246
144
124
83
74
22
54
56
40
48
86
145
107
99
221
226
111
192
81
43
72
44
70
198
59
175
153
249
47
33
19
76
3
211
-1
EOF
