NAME : sim321.172511.tour
COMMENT : Length = 172511
COMMENT : Found by LKH [Keld Helsgaun] Tue Sep 18 02:36:43 2018
TYPE : TOUR
DIMENSION : 321
TOUR_SECTION
1
160
256
61
151
193
274
49
113
34
218
194
286
172
171
17
29
12
30
94
32
47
291
156
62
51
116
73
263
292
86
234
192
133
25
191
8
14
109
152
146
236
141
11
167
69
145
39
35
37
275
264
52
214
226
317
261
296
320
273
219
153
198
6
277
23
97
280
112
124
245
79
224
267
222
54
132
96
55
134
201
60
228
117
220
174
199
260
300
56
233
102
276
46
81
78
84
207
89
279
255
235
120
3
66
70
63
257
173
231
299
211
321
309
2
130
271
190
295
253
168
186
121
308
123
239
10
119
195
22
287
181
111
122
258
53
147
38
9
104
247
106
149
77
95
232
215
118
74
91
110
243
88
18
68
262
71
310
268
100
107
90
318
281
103
254
13
200
127
93
65
175
28
269
128
58
208
20
210
150
176
159
183
278
40
290
285
315
202
244
180
313
306
229
45
189
136
5
178
305
246
139
188
316
303
85
162
311
126
135
43
297
115
209
92
64
76
142
298
129
59
272
87
283
206
143
148
131
230
294
216
182
99
212
48
57
138
21
252
170
223
302
312
157
161
241
16
250
249
293
169
33
251
284
50
227
155
289
154
41
270
213
108
7
140
184
98
319
80
158
44
196
82
187
204
237
24
72
114
36
304
101
177
137
205
242
301
217
265
314
179
240
26
307
248
221
4
27
105
165
166
164
83
185
144
75
42
31
197
163
259
266
19
125
288
203
15
225
282
67
238
-1
EOF
