NAME : sim501.219522.tour
COMMENT : Length = 219522
COMMENT : Found by LKH [Keld Helsgaun] Mon Sep 10 23:58:35 2018
TYPE : TOUR
DIMENSION : 501
TOUR_SECTION
1
235
351
343
412
261
109
24
417
317
164
197
94
499
257
2
215
84
72
327
234
245
314
228
490
331
281
167
273
385
106
308
309
359
381
451
431
389
123
368
486
53
187
383
334
160
14
463
231
480
304
393
27
108
370
411
101
269
310
140
10
77
366
338
357
347
195
61
384
92
303
299
171
115
416
344
445
178
162
375
259
47
446
60
455
282
79
227
76
489
44
239
476
468
461
118
241
152
434
307
159
396
158
62
32
355
361
70
302
182
419
93
492
467
90
475
439
225
365
177
8
415
133
81
151
290
250
295
430
322
208
306
4
402
330
157
184
450
311
348
346
83
444
17
283
263
148
155
30
49
255
426
166
328
466
496
9
349
395
260
120
337
408
204
237
50
57
264
150
410
117
128
78
378
438
403
91
34
87
422
21
418
315
224
319
267
111
287
149
156
136
153
427
498
292
180
131
144
146
193
73
203
13
116
174
206
404
471
246
65
485
243
454
276
185
488
210
209
36
165
200
48
340
329
51
99
345
325
271
321
360
364
278
312
285
219
183
398
191
286
386
26
371
186
127
373
316
470
16
436
217
297
491
291
56
25
240
392
376
277
247
19
121
399
298
358
45
119
448
38
336
104
23
400
103
43
39
201
394
500
55
362
138
300
112
80
374
440
387
249
332
223
31
472
130
390
367
456
216
244
372
58
356
170
405
161
179
110
242
421
69
481
339
388
192
229
168
214
220
169
154
477
46
75
199
341
40
380
64
254
280
129
71
453
274
363
137
122
251
37
96
173
397
66
272
379
163
114
266
288
113
256
350
190
377
435
497
35
202
207
313
433
429
59
420
29
238
248
107
213
89
74
232
230
268
22
253
258
462
252
97
413
464
406
425
369
305
479
501
494
86
457
181
135
218
198
478
28
142
301
482
145
98
318
495
296
85
233
414
42
407
18
424
293
68
469
323
333
452
172
236
211
335
443
143
320
212
5
262
175
194
474
3
326
82
353
449
458
459
141
95
226
54
447
432
473
437
125
15
105
265
460
401
294
409
441
391
279
88
205
102
188
275
342
20
139
284
147
221
124
134
423
324
484
196
100
52
33
270
67
442
12
493
6
289
382
41
126
189
487
428
176
465
132
483
7
352
11
63
222
354
-1
EOF
