NAME : sim701.259066.tour
COMMENT : Length = 259066
COMMENT : Found by LKH [Keld Helsgaun] Mon Sep 17 14:46:58 2018
TYPE : TOUR
DIMENSION : 701
TOUR_SECTION
1
419
201
664
211
611
76
505
478
150
87
164
616
161
299
101
479
166
283
293
467
612
305
631
338
669
331
672
173
185
95
116
588
122
192
194
291
374
64
2
412
368
348
165
651
570
500
508
477
7
420
307
248
72
61
529
137
48
272
494
344
25
228
183
539
447
475
363
399
19
610
415
227
362
139
623
230
476
218
287
457
282
392
136
668
62
212
257
592
318
274
694
177
286
84
458
117
389
75
495
130
281
146
330
298
596
463
649
404
27
509
39
690
487
336
371
18
382
670
157
451
54
524
642
647
222
317
295
288
55
238
680
278
178
83
176
45
621
239
63
346
677
627
224
156
247
503
518
22
15
189
490
172
324
396
112
8
433
640
52
685
58
10
450
207
656
470
154
34
384
540
402
622
513
618
572
548
534
106
681
145
170
115
383
70
599
196
483
501
187
629
133
120
11
223
300
221
521
442
270
387
342
85
243
555
593
453
695
191
20
31
277
262
105
93
683
263
590
565
132
96
198
492
372
77
634
462
236
405
600
506
232
410
516
261
110
550
628
3
60
347
118
325
244
460
334
159
364
33
385
580
397
636
469
208
98
543
536
558
193
413
589
259
574
68
16
329
264
142
380
114
635
339
648
632
69
290
30
357
245
633
5
566
215
90
92
302
328
424
427
152
549
597
360
401
604
266
609
587
237
234
468
552
209
482
493
533
265
203
456
206
121
504
91
213
352
359
643
17
219
195
595
141
485
674
625
693
554
528
496
350
280
585
134
332
289
353
358
128
190
349
591
614
65
284
80
127
448
569
214
312
563
148
103
333
445
140
160
109
186
459
269
646
541
57
79
135
510
202
309
147
306
250
684
556
418
167
637
577
294
662
386
650
254
119
155
47
517
438
356
182
53
465
686
14
41
567
365
199
169
444
666
168
216
326
697
97
423
279
66
568
366
400
561
123
526
573
546
292
256
240
355
321
530
35
200
246
354
73
313
275
440
527
163
151
226
466
436
417
310
575
701
653
425
584
432
369
188
557
260
480
586
608
29
488
498
314
49
429
560
578
125
602
367
229
455
426
197
9
430
416
603
144
44
564
377
471
51
449
519
6
446
644
131
700
581
435
28
162
249
107
514
241
273
205
598
181
316
335
667
520
50
655
422
639
395
663
606
630
654
375
617
551
638
454
13
473
67
542
652
304
78
658
126
484
138
665
343
26
111
692
403
428
601
562
337
472
319
59
660
489
104
687
615
242
303
553
255
179
502
576
515
481
452
394
532
398
571
431
619
108
210
40
323
308
36
523
605
149
276
525
671
537
378
311
408
171
12
376
381
268
180
522
673
158
252
434
225
675
23
99
688
607
74
443
129
689
544
100
391
43
441
81
46
24
464
696
582
37
153
373
676
296
691
82
497
235
174
21
579
88
379
322
491
461
297
38
545
217
421
258
320
370
547
512
251
341
4
315
661
437
351
511
624
56
406
390
657
42
699
659
409
388
538
345
361
233
89
143
184
407
393
583
698
285
626
613
124
594
559
271
71
414
327
531
499
474
253
113
301
102
645
439
411
94
507
679
220
175
32
267
678
340
86
641
204
231
620
486
535
682
-1
EOF
