NAME : sim251.151718.tour
COMMENT : Length = 151718
COMMENT : Found by LKH [Keld Helsgaun] Tue Sep 11 17:01:15 2018
TYPE : TOUR
DIMENSION : 251
TOUR_SECTION
1
139
82
67
219
71
128
36
121
99
226
241
231
242
58
27
124
21
238
98
197
89
130
31
245
170
163
131
125
9
188
4
51
247
120
59
138
111
33
5
26
103
74
37
142
167
216
56
221
176
86
183
185
149
208
190
191
213
194
12
25
91
218
101
54
177
233
20
143
155
187
127
158
244
234
220
3
229
224
199
23
161
133
48
78
40
95
87
13
157
200
192
22
201
110
6
70
186
168
73
64
132
217
171
134
207
45
39
49
93
206
193
126
179
165
42
17
77
43
112
57
102
107
62
52
61
53
63
55
225
223
173
159
147
80
50
19
152
35
156
108
100
249
84
204
243
230
228
198
189
68
60
172
32
215
248
209
146
30
202
151
239
104
41
135
29
214
44
34
24
10
75
162
144
164
38
69
178
145
8
15
150
196
205
76
136
97
251
212
18
119
174
117
184
237
92
79
235
115
137
85
116
232
7
181
210
227
240
28
140
123
236
114
160
106
195
175
118
109
211
46
182
180
122
250
154
47
66
72
96
88
83
166
141
203
105
153
16
11
65
169
113
129
222
90
2
94
81
148
14
246
-1
EOF
