NAME : sim141.120894.tour
COMMENT : Length = 120894
COMMENT : Found by LKH [Keld Helsgaun] Thu Sep 20 04:23:56 2018
TYPE : TOUR
DIMENSION : 141
TOUR_SECTION
1
70
67
18
26
34
117
132
74
47
46
77
141
80
121
127
16
114
137
49
20
105
109
5
57
118
51
2
126
28
36
71
112
54
68
102
8
41
107
85
27
38
94
29
52
104
14
135
76
10
120
134
43
39
3
123
91
140
37
78
86
115
58
56
42
131
84
116
113
13
125
17
103
122
130
128
110
55
50
87
31
97
22
59
60
61
15
44
66
23
33
7
64
48
133
53
69
139
108
111
9
138
90
89
88
30
6
124
11
101
100
81
83
93
12
24
95
82
72
63
73
119
21
92
25
65
79
35
62
32
4
129
40
98
136
106
45
99
19
75
96
-1
EOF
