NAME : sim501.215865.tour
COMMENT : Length = 215865
COMMENT : Found by LKH [Keld Helsgaun] Mon Sep 10 21:56:57 2018
TYPE : TOUR
DIMENSION : 501
TOUR_SECTION
1
162
10
159
131
184
311
145
397
441
444
400
219
396
175
173
49
50
57
358
186
266
288
243
62
267
89
227
264
105
81
296
208
216
69
282
64
167
409
61
134
456
55
124
345
183
260
496
221
492
435
381
117
271
384
161
499
20
346
113
91
26
486
314
156
232
414
144
325
355
395
28
225
129
273
52
293
138
45
398
197
416
172
88
455
150
391
256
389
36
37
148
319
419
376
500
405
76
209
451
200
375
390
18
382
285
238
370
258
430
373
432
213
360
7
303
418
185
351
313
262
60
149
295
95
478
438
123
11
259
130
177
402
269
158
307
251
203
427
106
309
457
128
452
362
115
333
77
179
371
490
245
228
428
40
265
63
268
182
33
453
297
2
364
468
53
326
305
122
340
202
315
147
335
291
410
331
12
196
248
308
140
462
165
240
482
403
84
48
38
199
133
195
488
369
321
8
22
385
193
461
286
263
412
233
312
44
59
276
449
234
406
83
399
491
143
215
100
137
241
274
306
272
322
107
108
495
475
481
85
214
447
74
127
253
70
188
194
357
471
347
244
190
374
348
465
9
111
98
323
343
86
394
443
250
349
174
473
67
72
407
46
476
479
82
5
304
429
318
439
66
178
78
464
116
157
484
210
480
366
92
501
87
393
68
13
15
302
164
421
35
120
446
493
97
284
380
290
316
426
401
136
497
467
235
463
413
79
383
448
338
458
4
154
300
217
437
153
434
71
294
19
368
257
135
327
341
252
169
354
337
223
283
187
352
17
139
440
54
247
31
255
181
404
152
487
34
218
201
320
56
110
431
342
450
25
132
442
301
388
423
254
121
472
287
336
220
21
119
310
73
242
454
477
298
16
151
30
118
39
3
6
104
344
317
246
102
392
328
58
65
433
470
436
189
99
280
330
206
191
126
339
176
101
32
278
24
141
469
356
163
27
270
75
460
292
231
387
207
112
109
498
359
289
365
239
14
485
168
146
180
230
23
236
445
160
166
489
93
420
417
411
170
114
229
42
249
408
324
171
386
422
415
29
142
334
494
205
329
155
237
474
94
332
198
377
281
350
41
96
51
125
361
367
372
483
275
43
261
378
353
425
226
459
204
279
90
379
424
363
224
299
103
80
212
192
222
277
47
466
211
-1
EOF
