NAME : sim501.214652.tour
COMMENT : Length = 214652
COMMENT : Found by LKH [Keld Helsgaun] Mon Sep 10 21:19:28 2018
TYPE : TOUR
DIMENSION : 501
TOUR_SECTION
1
130
320
119
190
383
501
173
206
73
408
90
136
116
432
105
135
261
94
449
274
24
124
59
3
235
273
374
193
209
20
455
342
122
172
304
495
147
93
226
392
469
54
287
364
241
257
224
401
418
48
35
117
2
41
100
22
125
149
137
46
246
128
326
484
317
129
300
225
214
498
299
465
410
47
405
161
213
198
435
307
185
144
406
313
6
281
385
175
223
336
250
70
346
382
395
254
440
37
413
466
487
118
452
309
325
234
461
79
333
120
240
23
479
216
127
31
453
15
290
44
229
416
426
262
438
58
305
423
431
398
390
359
445
110
34
460
485
18
260
82
394
158
32
332
19
477
86
38
488
230
308
270
450
98
108
434
16
265
378
43
376
247
388
30
183
114
486
447
427
242
443
52
143
312
293
456
140
330
238
475
500
60
404
220
322
269
251
393
145
454
71
464
380
366
62
483
286
302
8
338
236
457
421
402
291
386
358
441
72
97
186
373
499
306
439
164
491
26
104
85
458
425
437
361
271
203
215
352
228
87
448
268
391
371
96
202
36
351
414
255
318
4
69
409
168
166
243
256
348
275
182
463
33
10
154
337
295
490
419
139
141
78
379
227
297
424
327
177
369
218
356
341
84
99
184
283
467
285
7
66
207
335
55
57
189
201
113
67
91
494
74
192
178
468
181
334
473
146
28
138
45
155
50
339
420
344
474
40
360
174
89
187
208
377
396
278
156
92
417
95
370
42
272
354
459
212
442
76
83
303
232
323
17
497
259
196
51
429
478
292
151
381
101
12
372
179
191
446
204
81
162
298
157
197
277
444
153
131
311
64
160
321
126
121
470
217
343
331
482
77
284
106
165
65
159
365
176
112
245
415
353
476
244
289
400
397
219
75
103
296
25
363
5
148
29
205
436
253
328
282
170
233
49
123
188
142
56
248
180
340
301
264
169
266
231
210
276
88
21
471
403
80
39
111
53
115
267
150
387
195
107
480
194
367
279
375
27
11
451
310
430
350
263
355
63
492
163
249
61
347
9
211
294
324
481
433
171
412
362
319
199
221
345
134
316
472
102
280
152
222
462
258
422
384
314
239
357
68
133
315
13
132
200
399
493
237
411
109
407
288
368
252
14
496
489
428
167
349
389
329
-1
EOF
