NAME : sim501.217831.tour
COMMENT : Length = 217831
COMMENT : Found by LKH [Keld Helsgaun] Mon Sep 10 21:17:16 2018
TYPE : TOUR
DIMENSION : 501
TOUR_SECTION
1
67
152
57
131
94
209
393
299
222
45
49
272
316
476
128
347
488
48
65
346
69
468
362
161
5
24
456
446
445
162
38
244
284
265
381
213
497
351
90
311
448
103
168
34
404
216
80
326
123
212
92
78
302
458
293
318
498
460
432
190
379
472
166
352
274
406
428
256
146
26
257
459
82
429
321
259
106
301
105
237
172
442
449
479
320
171
297
7
74
466
36
179
399
496
247
137
308
278
319
76
370
111
169
288
223
127
248
35
329
183
4
61
270
201
400
108
37
234
158
83
385
457
56
33
339
337
243
282
118
307
102
411
206
483
373
47
486
252
125
382
238
325
322
388
28
298
424
397
2
387
101
412
44
501
136
438
85
434
263
324
357
218
372
384
410
281
246
52
30
402
345
477
97
431
279
283
135
58
21
205
313
163
9
165
395
430
25
258
121
219
294
43
484
17
194
415
149
380
421
112
331
167
500
70
276
398
204
20
54
470
480
250
285
241
441
436
98
389
447
100
207
414
89
12
226
93
292
215
344
245
462
235
122
304
418
185
360
84
29
495
453
478
197
461
487
262
129
469
353
343
394
88
132
119
178
333
332
91
51
314
63
277
249
491
303
15
366
269
390
425
295
280
156
72
465
79
375
437
403
336
405
115
290
224
368
50
31
417
173
494
327
155
419
481
334
232
273
220
261
133
18
40
174
228
340
342
19
475
378
109
363
312
490
371
365
485
62
287
193
176
467
141
493
349
81
489
416
289
210
157
401
266
147
433
10
450
120
27
87
71
114
188
177
13
59
68
328
53
182
189
23
32
335
3
359
208
211
482
110
367
423
455
391
369
291
323
164
268
471
300
374
148
386
139
358
113
75
195
233
192
64
142
107
451
134
286
225
221
96
214
464
170
317
356
150
473
364
200
42
229
427
338
16
440
348
77
383
11
151
73
55
452
435
350
463
41
160
254
267
217
260
407
227
474
198
239
341
159
230
126
443
203
104
153
236
99
408
422
271
454
116
392
124
145
144
354
8
191
420
492
22
309
396
154
361
413
138
143
231
180
60
196
95
202
39
426
187
14
251
499
376
181
130
306
186
6
117
377
66
264
355
330
255
46
296
240
305
140
310
86
444
315
409
439
242
175
184
275
199
253
-1
EOF
