NAME : sim161.128824.tour
COMMENT : Length = 128824
COMMENT : Found by LKH [Keld Helsgaun] Mon Sep 17 06:53:49 2018
TYPE : TOUR
DIMENSION : 161
TOUR_SECTION
1
13
111
33
19
66
35
132
114
96
115
18
40
16
151
94
101
149
129
39
80
81
32
138
8
14
50
25
70
152
12
150
128
28
116
123
83
161
15
113
43
145
112
73
2
118
89
82
41
10
4
7
102
142
131
156
159
26
153
34
90
98
44
11
53
77
58
75
31
54
160
91
22
133
36
5
6
110
21
97
64
119
130
155
147
76
141
45
79
61
106
143
69
59
52
71
72
157
88
140
107
65
122
29
78
47
30
104
46
158
42
154
74
48
135
124
144
3
49
17
108
27
24
87
92
23
99
57
95
100
93
125
86
121
134
85
62
117
37
136
68
148
120
105
84
146
127
60
109
103
56
55
126
63
20
38
51
9
67
137
139
-1
EOF
