NAME : sim321.174988.tour
COMMENT : Length = 174988
COMMENT : Found by LKH [Keld Helsgaun] Sat Sep 15 19:44:27 2018
TYPE : TOUR
DIMENSION : 321
TOUR_SECTION
1
79
58
191
86
9
156
188
146
148
206
257
71
28
52
36
233
310
286
98
304
220
49
99
66
87
166
27
32
312
34
82
229
297
92
186
299
274
19
96
43
153
195
11
301
265
292
269
237
89
196
236
213
107
259
190
120
77
271
321
106
255
298
116
45
60
112
97
174
307
241
198
91
231
315
56
205
61
272
256
164
29
173
88
110
193
176
187
30
250
276
197
147
252
212
33
290
2
155
245
314
78
119
183
152
57
219
296
201
177
48
281
124
243
46
47
266
8
277
6
209
202
267
200
295
109
90
129
260
270
23
25
224
171
13
44
85
117
264
305
217
228
123
178
293
211
234
149
179
20
238
118
104
278
181
160
251
306
317
31
14
169
199
291
163
136
319
24
59
41
108
204
215
170
261
115
235
207
72
210
232
282
135
35
145
12
254
21
51
74
53
26
154
162
180
103
167
285
75
140
65
50
194
7
141
316
216
214
16
161
273
138
280
208
283
114
76
132
258
4
157
320
68
203
294
17
240
5
247
37
246
159
70
122
81
221
262
39
55
142
175
182
83
80
165
275
218
158
227
288
105
284
38
134
222
263
300
111
313
73
253
54
15
139
225
3
226
67
22
69
308
130
42
143
127
239
133
128
113
18
168
249
95
192
287
84
289
172
62
125
63
303
101
102
242
248
309
93
184
64
151
223
121
279
185
244
268
318
230
302
144
94
100
10
40
137
311
150
131
189
126
-1
EOF
