NAME : sim141.123395.tour
COMMENT : Length = 123395
COMMENT : Found by LKH [Keld Helsgaun] Sun Sep 16 09:58:53 2018
TYPE : TOUR
DIMENSION : 141
TOUR_SECTION
1
77
21
8
15
11
26
95
30
131
84
2
136
29
83
25
133
32
58
40
92
134
123
138
5
109
114
54
87
86
10
74
16
91
59
118
88
76
64
79
121
103
55
62
135
36
35
81
37
48
42
18
71
89
57
20
96
14
107
70
100
56
122
46
117
47
98
115
13
7
128
93
127
65
141
41
9
43
69
90
44
113
53
33
126
60
49
4
137
63
66
52
51
119
28
104
102
116
120
124
110
61
108
72
82
39
3
99
50
17
111
38
129
105
85
125
31
73
19
45
130
34
139
22
23
94
112
6
24
12
97
106
75
67
132
140
78
27
68
101
80
-1
EOF
