NAME : sim501.212435.tour
COMMENT : Length = 212435
COMMENT : Found by LKH [Keld Helsgaun] Mon Sep 10 22:15:10 2018
TYPE : TOUR
DIMENSION : 501
TOUR_SECTION
1
228
405
184
479
294
229
187
432
356
344
192
137
277
130
24
492
497
91
359
408
34
291
237
26
172
240
423
152
489
445
121
327
109
255
84
82
333
487
254
10
350
170
50
288
182
281
160
384
491
355
164
250
18
331
46
223
300
104
290
322
39
36
110
372
86
20
149
320
173
466
143
353
329
118
67
226
159
58
393
52
131
313
289
262
124
194
279
421
379
241
382
157
440
296
495
413
203
442
260
4
8
135
191
486
9
154
65
391
134
155
474
286
222
62
478
95
73
439
471
266
22
43
66
133
386
390
244
420
318
499
212
210
388
426
14
89
126
92
482
151
417
30
271
140
436
427
287
119
193
472
147
501
278
35
248
224
259
357
231
419
138
7
336
33
402
295
452
217
399
349
12
171
396
462
236
47
371
459
161
282
70
206
269
21
204
214
409
366
49
434
45
418
31
156
377
303
378
485
411
252
150
246
69
273
425
315
168
97
77
321
334
265
41
364
32
59
186
332
127
406
448
139
438
395
443
263
189
79
239
299
458
221
144
367
341
453
464
498
312
83
376
48
54
42
449
469
136
106
211
162
88
5
311
283
324
198
400
115
234
437
51
483
55
488
242
78
351
105
122
117
280
102
348
112
153
257
431
374
188
120
309
68
113
249
352
397
181
325
494
57
340
38
99
56
428
447
476
477
416
261
326
220
141
177
272
205
369
314
454
245
183
365
480
96
128
444
410
455
163
185
215
180
253
116
363
343
275
114
111
276
415
414
490
75
37
19
481
81
354
461
337
267
200
500
446
174
346
370
201
403
258
375
80
270
16
373
64
125
456
98
292
463
71
335
308
470
190
358
209
422
310
199
216
93
85
460
304
103
328
284
361
381
101
401
285
451
158
235
44
213
176
94
317
53
306
175
435
60
11
360
392
167
247
251
389
87
208
256
473
243
230
429
13
146
219
412
74
225
233
129
232
316
17
3
394
27
297
398
385
195
6
345
465
100
227
347
307
305
166
383
368
179
107
319
380
165
132
178
293
145
207
23
301
298
238
387
323
197
441
29
15
264
362
274
61
407
433
40
430
339
457
63
76
90
108
202
484
72
493
450
338
2
404
148
467
330
268
468
169
123
496
302
218
142
28
196
342
424
25
475
-1
EOF
