NAME : sim1001.301715.tour
COMMENT : Length = 301715
COMMENT : Found by LKH [Keld Helsgaun] Tue Sep 11 10:51:22 2018
TYPE : TOUR
DIMENSION : 1001
TOUR_SECTION
1
238
363
354
689
793
516
910
497
289
865
754
796
952
684
258
191
498
401
90
163
142
977
517
234
987
452
435
979
740
587
127
277
162
368
339
751
97
299
599
100
69
541
913
386
86
182
728
260
762
782
781
34
879
535
45
174
194
581
767
255
849
750
844
7
463
126
460
312
716
976
28
510
863
944
894
298
431
570
313
483
359
91
982
27
589
546
763
696
11
835
358
78
609
548
227
760
906
852
447
4
239
575
205
513
281
1001
644
189
533
300
334
454
335
137
71
106
775
774
853
761
670
445
96
211
939
347
713
490
282
426
850
186
31
57
467
597
337
620
770
218
947
107
466
136
717
680
616
519
676
420
65
404
718
241
988
505
507
429
419
801
678
819
46
396
283
815
332
125
464
573
364
82
779
582
608
545
248
114
788
909
878
695
237
84
349
288
459
413
394
930
663
942
449
846
83
862
214
63
848
634
231
990
343
920
64
960
708
736
62
568
882
202
216
857
151
896
254
89
10
613
766
652
758
307
725
103
389
406
686
884
481
660
826
144
320
352
731
588
530
16
353
77
108
360
648
472
604
123
938
500
271
805
140
410
918
203
156
453
380
936
677
532
842
485
9
418
437
166
743
252
171
755
351
461
134
726
876
398
590
146
421
923
925
328
514
88
735
161
355
280
465
442
812
619
737
145
80
292
302
60
221
276
482
373
475
111
937
206
827
493
340
439
549
196
729
506
745
768
777
631
908
623
521
630
306
880
331
591
531
720
223
904
948
778
40
741
561
931
95
562
662
457
553
154
14
699
295
836
994
903
257
17
893
152
664
919
44
704
871
29
749
415
375
692
866
101
284
959
558
54
610
198
120
138
324
961
703
412
650
407
877
178
798
188
273
833
858
350
112
569
986
122
311
148
921
132
528
895
118
212
382
244
374
875
19
838
829
365
791
668
51
998
694
487
400
922
723
66
707
74
131
329
384
949
479
973
484
243
304
966
264
744
679
845
462
3
209
898
139
811
999
534
861
301
414
153
390
867
552
933
303
657
980
956
175
342
565
945
143
627
605
536
771
646
958
314
964
496
369
529
823
764
219
968
611
470
794
837
193
926
409
377
567
997
843
820
839
310
224
706
538
115
934
200
641
672
121
721
181
709
965
495
235
783
2
583
79
732
361
42
638
20
387
831
808
250
719
715
160
983
601
76
810
129
786
22
776
790
712
902
911
434
338
392
504
39
318
94
809
746
574
270
870
577
834
742
274
317
840
213
974
177
327
621
526
563
321
296
233
102
157
665
208
890
267
489
557
975
168
501
520
643
319
56
468
15
249
603
872
550
649
165
436
515
814
385
950
659
388
26
509
559
978
438
240
187
901
12
199
941
425
8
697
888
253
411
537
916
784
564
748
873
290
883
508
494
701
37
847
372
993
488
43
554
323
423
251
666
176
806
492
285
654
18
653
379
579
35
308
402
230
87
714
93
119
456
792
602
458
789
803
869
671
116
912
471
236
395
822
345
356
266
992
813
391
232
584
675
825
962
614
201
868
448
474
480
263
381
972
727
32
681
61
785
246
403
85
6
399
59
172
859
739
167
408
773
772
626
756
117
422
315
99
41
424
451
70
747
286
780
730
279
927
1000
854
769
269
674
841
995
984
204
68
344
733
855
316
612
821
180
864
190
371
734
683
21
800
417
450
555
525
222
455
724
297
543
991
600
383
128
476
192
38
141
527
486
658
661
624
799
856
851
427
787
210
556
592
499
617
647
690
73
642
539
149
698
113
245
36
932
446
228
891
207
585
914
655
752
512
924
700
397
49
184
907
576
185
294
23
633
566
951
261
159
30
905
173
58
67
618
970
150
147
953
885
598
804
892
325
667
682
183
362
544
802
226
326
615
104
722
376
164
887
881
897
759
915
629
278
52
985
256
830
640
547
828
886
13
635
673
25
596
293
711
963
5
693
928
220
72
636
81
606
917
824
860
195
272
158
502
523
247
393
24
628
967
540
946
710
50
929
580
625
444
637
560
491
229
430
656
478
639
155
55
440
807
275
705
441
47
135
405
262
943
571
757
225
503
595
105
651
309
645
217
322
765
197
98
572
333
215
622
370
738
989
753
366
542
795
669
518
996
287
702
685
524
971
797
53
179
954
586
428
110
522
832
899
607
346
688
443
75
265
955
259
593
477
367
330
133
691
291
511
816
336
130
305
109
92
169
818
48
900
124
874
469
378
432
889
341
632
268
357
687
416
981
348
957
473
242
594
433
33
940
935
578
170
817
969
551
-1
EOF
