NAME : sim501.217167.tour
COMMENT : Length = 217167
COMMENT : Found by LKH [Keld Helsgaun] Mon Sep 10 22:09:56 2018
TYPE : TOUR
DIMENSION : 501
TOUR_SECTION
1
132
371
344
235
283
245
128
400
136
373
495
304
135
499
265
384
7
322
318
364
342
221
150
149
299
79
161
9
138
236
436
48
84
157
3
71
497
336
321
127
140
484
263
379
8
475
486
36
168
77
21
314
359
81
476
181
64
102
260
316
86
450
320
501
326
291
215
319
465
395
95
380
121
413
491
123
332
494
282
468
63
43
457
196
259
451
440
288
14
232
454
147
253
16
134
334
268
27
54
315
431
483
100
470
57
198
39
204
230
307
223
26
241
70
195
59
410
427
15
276
110
311
360
485
218
165
10
374
229
407
19
49
182
188
366
445
66
62
247
178
242
498
279
355
33
459
337
272
78
377
339
473
406
273
52
47
462
422
176
477
186
401
172
301
111
463
167
44
467
108
101
303
391
423
474
30
317
493
82
120
258
97
435
439
144
163
40
292
184
129
271
426
329
51
281
249
210
234
38
250
425
73
348
461
177
275
160
369
41
211
254
155
262
109
175
394
330
37
183
300
209
362
162
280
363
185
469
496
141
85
341
202
220
383
444
189
261
174
92
179
274
397
437
45
432
441
112
402
297
455
158
117
13
466
353
76
309
403
201
207
119
6
246
361
367
25
67
68
105
289
392
239
449
442
443
415
351
478
50
107
358
405
190
88
420
385
98
46
216
349
284
191
156
382
12
500
295
294
192
266
75
20
365
327
430
438
293
5
99
231
472
171
80
488
256
166
290
479
145
421
91
354
298
305
151
2
212
42
446
453
331
296
378
244
222
278
257
115
277
375
237
227
203
418
310
126
487
4
18
143
228
335
146
471
399
490
267
411
193
159
306
412
343
376
214
325
152
389
89
226
270
414
148
434
285
424
131
197
114
137
125
72
180
419
368
328
173
456
345
347
65
116
324
96
103
408
255
194
208
61
113
489
205
352
240
23
417
153
340
22
338
416
381
481
238
90
428
452
390
333
372
386
233
34
492
56
312
370
225
213
169
350
94
448
219
398
106
243
464
409
199
302
122
357
58
482
388
308
346
53
460
313
251
356
31
323
387
104
200
187
458
393
17
93
217
124
154
83
28
133
11
130
264
69
286
447
248
35
404
164
480
142
269
24
206
74
32
433
29
252
429
396
287
87
224
118
55
60
170
139
-1
EOF
