NAME : sim1001.308416.tour
COMMENT : Length = 308416
COMMENT : Found by LKH [Keld Helsgaun] Tue Sep 11 01:34:10 2018
TYPE : TOUR
DIMENSION : 1001
TOUR_SECTION
1
196
266
646
743
41
350
336
4
994
353
896
39
297
661
937
631
510
137
772
96
368
97
592
104
343
953
482
516
145
900
829
216
374
956
907
777
670
885
151
495
141
864
830
449
405
890
531
511
704
149
140
492
404
59
473
816
541
351
303
637
886
933
30
90
593
791
512
882
463
809
972
847
790
334
545
126
856
850
253
488
779
239
94
317
121
190
800
496
636
813
234
380
6
595
158
918
764
32
501
294
73
978
513
231
372
241
399
683
95
715
784
536
79
464
935
542
490
277
723
440
398
821
345
731
76
568
535
435
159
780
127
706
703
892
581
84
808
261
154
397
655
480
713
192
787
20
527
502
468
170
316
9
245
478
275
406
187
204
797
7
249
906
257
895
673
514
462
423
572
659
686
835
99
680
976
248
166
392
525
49
869
691
701
988
194
651
822
46
163
574
589
551
65
61
841
648
112
430
371
417
571
786
985
812
522
456
620
313
16
21
932
150
349
93
760
609
433
974
177
682
672
120
523
415
834
913
528
503
669
183
292
109
887
330
236
539
671
161
989
426
863
219
600
923
898
678
948
52
117
711
33
635
505
602
412
534
327
224
664
247
71
428
945
955
244
767
965
205
452
143
305
302
450
207
573
100
735
198
300
851
279
607
381
757
92
443
459
342
986
967
1001
51
240
814
472
916
222
984
265
47
734
445
853
251
228
461
941
876
852
949
566
74
408
3
388
685
576
135
810
562
873
844
903
991
382
286
424
5
210
250
191
139
789
432
481
969
621
993
110
365
642
274
173
940
162
658
43
470
180
339
328
413
230
489
295
939
53
256
167
83
911
759
728
560
227
98
418
739
262
508
521
326
540
803
532
782
613
827
444
584
690
629
805
157
667
344
721
466
497
861
773
72
69
491
883
387
628
987
85
679
322
677
702
561
181
509
390
517
605
798
748
977
80
567
26
235
718
103
875
788
296
164
689
570
171
403
474
880
831
662
451
12
652
577
311
352
439
996
86
741
858
400
254
960
588
781
31
611
666
138
273
441
693
366
255
360
272
914
603
377
872
526
321
547
792
359
106
687
27
555
610
908
915
172
312
515
832
278
471
237
579
148
546
362
654
29
580
647
2
990
980
8
751
770
375
954
919
281
34
582
537
402
309
585
383
113
608
75
160
926
346
293
591
232
114
997
622
64
696
865
409
936
378
931
447
101
215
617
769
282
726
823
45
419
879
855
10
951
267
178
640
19
144
331
134
794
720
934
615
645
565
912
320
614
975
959
269
355
434
688
410
146
755
979
833
714
796
436
643
870
373
44
361
762
414
333
487
962
504
712
460
557
874
37
745
123
340
587
857
758
904
544
319
214
128
421
973
737
379
612
394
793
871
575
597
638
455
732
825
486
549
878
708
921
395
299
23
618
590
35
663
558
518
868
586
837
742
268
938
840
188
314
828
153
998
909
284
427
315
310
624
730
393
944
66
928
971
200
108
889
15
484
552
438
627
176
761
67
82
221
860
842
616
220
559
583
947
211
952
208
930
836
1000
195
771
14
815
899
469
920
335
202
768
719
888
707
124
675
156
454
839
60
725
477
411
650
453
132
130
519
384
639
709
133
155
263
118
752
804
744
24
197
599
929
601
999
924
56
81
676
957
102
193
457
774
429
389
218
184
213
795
260
826
694
175
323
422
131
129
425
877
494
13
897
807
483
749
165
950
54
357
48
910
632
838
431
598
288
550
649
644
68
367
578
499
783
107
91
401
271
420
308
18
22
848
465
653
902
785
727
185
995
553
225
641
927
199
946
55
258
396
276
11
992
259
845
50
58
917
750
391
862
337
697
716
765
849
283
866
556
264
356
819
142
799
756
524
901
252
634
152
733
189
116
698
966
623
385
668
437
905
306
407
530
201
479
280
416
89
179
674
867
884
596
289
738
961
307
223
970
630
507
981
182
891
763
238
446
775
626
206
475
854
700
38
318
506
843
846
818
329
28
963
87
942
229
657
338
57
136
569
695
500
922
746
820
684
529
665
376
894
125
287
594
88
70
363
174
633
285
40
122
203
724
766
448
538
660
168
983
754
520
604
386
485
209
78
358
543
778
246
63
242
111
699
442
298
717
776
458
802
42
332
341
859
243
270
25
705
291
119
325
881
77
943
233
370
147
347
354
692
564
656
212
186
548
710
301
169
606
290
925
36
364
824
893
217
324
563
811
958
982
801
533
476
722
736
964
105
498
747
348
681
467
17
493
554
62
740
817
729
806
115
968
369
226
619
753
625
304
-1
EOF
