NAME : sim1001.308147.tour
COMMENT : Length = 308147
COMMENT : Found by LKH [Keld Helsgaun] Tue Sep 11 07:22:46 2018
TYPE : TOUR
DIMENSION : 1001
TOUR_SECTION
1
292
98
563
542
237
51
317
210
619
604
767
70
175
267
22
927
804
248
964
450
708
916
717
623
311
45
374
921
40
993
31
97
59
589
16
476
671
362
200
381
747
221
721
903
468
242
315
499
427
547
456
562
181
61
92
243
435
103
437
739
716
42
723
387
960
918
18
759
790
96
458
983
276
382
26
332
788
162
217
608
731
294
394
419
274
638
998
796
844
509
743
837
846
649
780
263
591
810
20
943
802
145
36
469
385
277
1001
831
286
948
556
53
407
894
366
847
302
496
565
400
763
345
399
268
628
82
566
626
488
915
969
889
807
891
247
575
123
424
843
853
654
421
313
928
712
933
101
881
706
850
425
125
342
95
396
979
446
89
261
821
10
595
285
862
611
169
558
618
962
1000
171
912
719
958
634
436
892
202
838
997
560
253
552
283
677
461
321
297
91
522
356
508
657
597
870
460
814
711
129
416
241
459
545
336
926
148
138
448
432
4
486
922
999
786
789
714
774
464
198
609
602
820
859
765
72
659
351
291
557
744
438
510
642
191
264
301
323
734
707
87
133
157
574
735
104
907
324
995
740
308
963
568
197
832
27
553
981
428
632
872
74
38
976
337
880
334
411
344
318
570
3
978
272
887
139
158
213
633
415
987
637
664
77
100
281
682
404
865
216
391
122
269
56
989
663
316
33
616
829
700
752
966
113
378
367
112
538
229
674
240
296
90
625
684
954
517
354
722
180
484
262
627
703
7
477
124
245
587
127
965
527
582
498
930
329
937
974
935
168
991
876
116
830
783
470
492
861
140
972
164
919
888
260
851
839
174
335
480
908
994
745
2
373
760
376
655
636
341
44
514
392
592
532
949
688
136
931
905
192
57
768
817
940
83
347
771
801
117
813
798
422
724
996
30
793
596
431
252
360
8
646
307
766
402
483
233
673
824
672
479
462
710
621
939
577
371
505
882
961
352
81
60
615
504
137
232
128
702
738
23
520
764
244
346
134
495
858
410
156
178
28
693
794
5
630
598
409
12
890
69
947
690
549
631
312
984
457
363
877
412
380
340
860
166
867
224
63
67
537
795
29
541
635
118
952
465
227
986
516
536
319
660
694
182
343
185
84
736
85
819
818
439
629
152
491
944
194
904
967
204
386
546
463
535
212
403
361
153
822
99
569
251
973
917
154
257
473
845
670
781
945
748
758
259
353
370
506
383
172
328
775
93
606
696
501
258
184
19
551
686
13
878
206
475
325
620
691
218
573
304
866
518
977
911
165
762
238
534
699
776
581
333
689
614
423
567
231
705
953
561
160
433
741
639
701
146
306
650
761
199
114
66
643
355
679
250
6
161
159
444
941
35
925
73
530
493
900
645
451
773
622
405
47
71
893
17
150
685
15
815
601
879
230
656
697
41
757
379
21
271
34
652
293
559
680
737
667
225
107
94
787
778
792
713
805
24
800
982
985
196
576
594
524
651
393
43
848
179
666
515
529
564
507
375
58
149
513
330
147
754
841
849
812
155
709
586
187
223
923
189
644
406
350
899
487
676
55
816
531
500
647
372
733
617
453
68
434
732
809
580
288
854
489
897
913
856
214
120
992
141
827
959
869
482
80
769
167
50
785
193
956
755
358
320
511
219
988
279
130
929
782
799
695
828
980
902
298
936
490
803
834
990
455
653
578
417
951
48
942
452
971
955
624
299
756
186
295
255
65
852
426
273
502
797
528
254
395
857
727
605
970
246
779
205
550
384
266
88
729
603
481
554
289
39
151
234
669
420
746
539
287
607
909
305
445
749
658
833
449
282
390
121
348
934
895
840
871
177
443
135
855
359
54
86
526
170
938
753
236
648
668
946
583
222
883
823
357
132
208
772
467
278
131
25
873
698
203
290
401
108
610
265
235
720
142
521
102
239
310
368
441
906
349
584
503
875
190
842
612
226
825
884
126
519
811
730
599
429
555
791
454
692
751
715
478
52
115
11
665
544
280
683
728
725
868
968
770
314
681
211
571
369
195
303
338
326
497
533
836
662
512
327
957
826
914
641
119
910
163
863
864
784
886
588
950
675
543
874
901
590
414
49
896
579
885
143
64
548
284
593
777
300
76
640
270
176
365
188
75
678
932
494
106
220
523
613
485
105
920
471
256
398
397
474
62
408
585
109
808
339
600
442
525
249
835
183
472
726
718
173
704
661
46
924
78
377
144
228
742
389
322
32
364
207
309
14
111
430
540
975
201
331
209
37
466
9
275
806
388
413
572
418
110
440
79
898
687
750
215
447
-1
EOF
