NAME : sim251.158458.tour
COMMENT : Length = 158458
COMMENT : Found by LKH [Keld Helsgaun] Tue Sep 11 17:30:42 2018
TYPE : TOUR
DIMENSION : 251
TOUR_SECTION
1
114
125
152
186
60
120
67
5
149
246
86
26
27
93
65
175
33
45
195
50
224
223
53
237
91
88
206
80
177
46
217
55
15
20
130
72
228
52
66
200
63
12
160
110
204
245
4
190
135
113
179
97
241
234
40
239
131
17
11
169
104
219
159
208
211
176
129
168
205
111
251
189
73
184
215
124
38
119
172
248
79
231
236
148
28
210
87
137
139
181
74
116
128
43
42
185
34
37
244
64
154
216
225
133
230
70
193
155
98
187
78
76
174
118
30
150
238
71
90
145
36
61
62
100
51
7
106
117
23
92
178
85
99
18
214
57
146
54
35
188
209
13
132
173
197
157
31
233
242
108
8
83
29
213
167
161
158
203
89
198
115
101
171
9
235
39
240
21
96
122
207
84
249
77
199
121
153
221
136
162
69
202
14
192
165
44
144
81
48
19
142
103
143
243
24
180
232
25
164
156
147
247
127
126
140
95
75
56
191
227
218
182
6
194
3
134
22
250
109
170
82
2
183
49
105
151
68
16
107
201
163
94
41
112
166
32
138
212
123
10
102
222
229
58
220
59
141
196
47
226
-1
EOF
