NAME : sim1001.302159.tour
COMMENT : Length = 302159
COMMENT : Found by LKH [Keld Helsgaun] Tue Sep 11 14:13:50 2018
TYPE : TOUR
DIMENSION : 1001
TOUR_SECTION
1
41
866
267
614
915
604
666
420
627
567
391
352
828
72
4
769
741
949
39
748
395
729
295
248
65
733
54
275
12
843
539
926
350
774
203
738
322
324
773
953
349
870
936
1001
810
956
112
405
720
197
988
274
426
138
872
121
709
750
977
134
802
672
658
489
569
778
691
675
358
204
78
968
725
166
257
579
151
174
110
510
23
230
664
464
547
301
671
543
903
296
645
845
830
766
505
970
328
737
263
456
690
962
896
252
918
880
292
401
686
183
432
639
416
492
706
404
689
855
765
207
982
794
838
986
653
177
180
515
753
303
1000
595
482
710
484
886
630
444
280
626
403
502
784
175
218
757
116
623
258
340
113
644
584
321
556
38
931
700
746
227
677
459
418
560
991
609
317
984
327
676
209
61
194
722
869
369
555
94
195
399
283
825
232
234
574
775
161
728
231
642
338
667
2
945
148
602
657
621
398
26
311
524
779
616
115
963
158
33
787
770
646
60
84
103
191
679
276
44
911
225
411
90
705
43
14
587
538
478
842
424
966
375
854
376
105
364
82
813
932
323
412
264
472
913
104
851
216
788
354
307
198
190
51
187
900
153
530
893
490
457
215
269
226
181
130
413
992
64
742
480
683
162
353
752
730
688
243
289
594
250
535
75
286
895
513
522
496
529
135
119
13
821
224
370
818
558
422
601
497
242
791
271
214
254
21
249
516
6
883
780
605
596
306
455
136
807
909
86
837
590
246
381
178
815
47
812
520
380
581
79
179
575
840
504
899
975
532
167
68
801
577
486
797
92
229
517
236
942
951
70
536
463
201
313
433
458
57
3
270
278
132
483
971
211
633
431
989
875
466
507
832
553
713
583
889
950
957
305
71
219
430
279
222
798
641
334
109
656
223
576
972
939
118
612
910
500
140
20
846
185
144
202
485
481
8
782
678
589
776
29
491
410
754
680
168
707
126
923
34
809
600
355
315
285
299
541
848
908
580
847
59
834
11
470
330
449
894
955
389
835
451
531
643
408
419
359
674
588
461
563
28
93
95
629
141
852
356
544
632
182
702
428
687
265
128
367
16
228
298
697
979
388
477
362
251
736
622
533
545
173
427
948
591
465
860
266
935
723
233
238
552
493
965
172
827
290
586
799
62
715
87
89
371
833
920
961
320
916
394
862
268
139
476
393
253
714
712
438
473
318
924
628
316
839
701
189
261
958
994
615
429
32
749
850
67
386
976
881
858
499
436
508
611
221
901
37
288
987
844
143
811
156
582
786
863
944
995
131
670
440
300
884
409
934
996
983
964
890
877
282
796
5
761
25
546
735
66
377
160
217
537
325
826
450
149
487
718
527
159
397
578
960
820
974
15
342
573
382
291
402
479
374
897
80
998
762
297
308
731
460
673
46
763
836
758
613
952
927
145
747
652
521
882
606
829
302
31
655
792
475
739
453
990
557
849
640
76
9
744
648
649
943
635
638
759
417
874
341
822
361
914
608
435
795
933
272
40
99
637
247
154
443
554
790
921
509
129
711
421
551
206
526
572
184
74
186
441
255
171
102
734
892
692
997
922
277
407
651
169
548
721
789
452
867
348
764
708
335
732
462
69
30
385
19
659
571
343
873
937
314
235
237
726
887
170
684
260
719
488
617
363
559
77
7
213
208
929
817
607
333
980
36
304
373
10
768
512
819
45
506
525
695
816
618
767
634
665
368
48
917
550
751
42
868
123
199
332
396
619
108
716
127
631
592
471
97
938
785
125
928
861
864
930
662
163
273
898
907
241
793
73
210
331
565
599
857
549
49
259
284
940
423
383
717
212
390
55
978
585
904
155
147
50
501
425
698
743
106
100
372
865
447
188
703
415
925
603
946
494
467
360
56
805
519
220
205
660
610
91
351
406
804
511
157
967
400
239
454
534
387
310
566
597
83
88
562
150
981
878
35
24
193
694
727
287
245
244
693
624
514
542
240
905
414
164
22
891
337
814
344
18
200
661
293
142
806
783
336
969
52
439
53
704
319
518
96
117
941
528
152
146
357
133
919
745
58
561
772
347
888
771
111
871
755
474
256
17
856
326
654
503
993
468
98
668
345
570
434
781
27
446
803
912
699
598
294
309
756
312
859
346
495
379
625
262
777
568
101
876
724
120
636
760
81
593
620
469
114
540
831
564
137
650
841
442
365
107
281
437
663
985
378
498
85
165
682
448
63
885
122
685
366
906
954
196
681
392
999
384
176
669
523
445
647
800
973
879
853
902
339
824
124
959
808
192
696
947
740
823
329
-1
EOF
