NAME : sim251.159749.tour
COMMENT : Length = 159749
COMMENT : Found by LKH [Keld Helsgaun] Wed Aug 29 09:10:37 2018
TYPE : TOUR
DIMENSION : 251
TOUR_SECTION
1
68
166
146
20
154
31
121
120
174
245
171
13
67
85
63
16
205
22
187
69
47
111
145
229
213
39
102
144
178
194
9
185
246
87
88
172
160
239
61
110
168
103
222
225
226
75
89
49
192
10
58
241
40
59
139
36
204
207
196
34
202
94
170
3
53
130
21
23
161
206
216
38
137
142
157
218
156
52
90
66
71
101
153
215
97
133
134
125
141
17
96
109
211
129
62
224
25
73
56
104
80
37
210
78
147
11
200
235
155
77
217
227
186
12
57
19
219
220
7
173
113
8
14
64
108
208
50
244
93
149
198
41
32
176
119
83
135
159
181
203
106
209
95
117
44
212
51
127
140
150
128
65
33
28
169
199
18
230
27
2
214
124
179
118
249
248
180
165
148
162
152
195
105
151
42
122
182
99
143
115
197
92
164
6
243
191
232
175
228
158
233
190
55
238
221
54
189
138
231
240
116
76
242
188
84
72
112
132
136
167
123
163
223
126
79
237
48
201
100
35
70
30
250
131
46
91
184
234
86
236
247
82
24
177
43
60
74
4
183
251
15
45
5
26
107
81
29
114
98
193
-1
EOF
