NAME : sim161.127568.tour
COMMENT : Length = 127568
COMMENT : Found by LKH [Keld Helsgaun] Sat Sep 15 12:25:40 2018
TYPE : TOUR
DIMENSION : 161
TOUR_SECTION
1
50
72
82
40
150
46
105
91
44
92
96
115
38
5
49
15
124
138
76
134
83
153
80
47
77
142
81
85
25
104
107
43
11
24
93
145
129
7
140
88
128
97
101
31
118
133
131
127
139
17
39
71
68
99
132
73
122
56
159
130
14
13
79
106
94
16
36
19
12
61
58
117
103
154
113
55
151
108
120
157
125
161
121
29
156
86
136
160
27
158
100
141
33
110
41
126
66
42
84
149
52
102
89
137
69
143
135
28
74
6
32
20
34
63
109
155
21
67
8
147
22
148
152
2
112
123
87
95
65
26
70
146
53
119
62
4
60
23
35
48
144
59
78
51
37
18
114
64
9
3
75
45
30
57
111
98
90
10
116
54
-1
EOF
