NAME : sim701.259882.tour
COMMENT : Length = 259882
COMMENT : Found by LKH [Keld Helsgaun] Mon Sep 17 05:05:34 2018
TYPE : TOUR
DIMENSION : 701
TOUR_SECTION
1
425
689
667
348
160
27
591
77
200
449
31
564
597
223
2
8
509
499
38
339
474
470
251
95
362
450
599
194
94
526
269
346
544
605
405
233
690
153
639
58
565
517
21
260
609
502
593
42
573
588
403
529
666
364
443
299
15
525
285
680
700
608
678
246
44
419
308
696
156
185
604
284
514
512
649
620
397
447
531
238
64
578
358
33
530
350
5
18
340
266
141
411
577
52
572
181
520
250
296
494
258
265
493
368
196
319
630
388
458
616
259
414
695
485
202
60
427
594
439
557
415
41
480
76
641
48
257
56
46
125
552
234
87
174
556
298
25
189
138
538
657
402
122
386
393
170
697
117
177
244
110
167
150
506
23
208
315
374
335
663
482
646
130
545
640
232
344
435
387
648
39
376
587
549
553
408
369
459
409
97
571
332
373
66
274
381
111
375
638
453
229
420
205
325
152
440
451
131
275
354
508
192
590
132
521
129
548
505
437
360
43
191
550
231
148
473
337
664
428
510
406
581
268
366
289
483
321
270
290
256
212
383
378
28
456
589
114
84
536
237
163
612
157
88
330
83
349
596
515
357
633
471
615
323
103
127
619
304
394
665
693
333
295
40
92
198
547
35
551
242
293
582
404
535
291
574
218
306
11
32
503
380
532
650
660
682
418
504
651
165
161
490
627
69
45
400
36
186
600
29
118
176
225
247
698
4
197
133
271
555
688
647
59
72
636
327
154
159
644
356
136
326
432
623
442
452
34
658
384
193
195
497
78
101
455
466
661
121
614
343
507
221
541
51
681
626
17
67
120
70
580
561
104
89
407
9
674
500
575
277
687
367
516
461
422
654
149
677
352
115
533
372
399
128
68
618
433
559
631
371
637
16
262
3
477
142
107
653
534
379
224
85
158
445
489
389
479
214
601
215
98
209
145
273
313
108
282
216
164
671
109
586
184
63
462
151
7
540
424
217
93
230
486
249
390
81
355
318
226
365
446
211
624
496
252
454
14
396
413
199
253
603
634
694
370
527
334
363
301
501
412
175
592
147
113
524
12
112
464
73
569
303
382
261
320
487
606
377
106
331
632
341
292
576
50
622
519
169
243
49
625
670
583
137
423
245
312
656
227
629
239
324
518
24
429
563
90
492
297
347
236
307
542
438
584
279
560
361
26
272
178
13
144
322
61
241
554
655
287
80
475
579
523
311
96
119
416
566
190
162
359
30
628
263
595
86
220
410
203
54
421
276
643
310
610
691
567
635
684
180
692
543
444
240
99
568
336
699
47
329
294
183
168
611
669
37
351
673
417
314
19
430
642
213
528
71
135
91
124
53
102
264
182
659
607
602
468
436
235
460
206
82
155
342
562
55
338
652
134
75
467
345
278
469
488
645
288
100
621
280
498
6
204
309
173
79
395
171
398
613
222
539
513
448
465
317
22
558
143
685
481
662
105
683
511
434
62
74
305
139
472
286
316
228
392
585
495
201
522
254
328
146
676
391
426
300
441
267
537
686
302
476
385
353
219
283
248
166
187
123
617
672
679
140
172
57
65
484
116
188
431
570
281
255
463
210
457
546
401
10
20
179
598
126
668
675
478
207
701
491
-1
EOF
