NAME : sim501.220547.tour
COMMENT : Length = 220547
COMMENT : Found by LKH [Keld Helsgaun] Mon Sep 10 23:13:04 2018
TYPE : TOUR
DIMENSION : 501
TOUR_SECTION
1
180
494
419
382
366
83
18
418
451
49
357
238
85
448
139
326
367
178
98
219
102
115
417
79
162
302
161
172
41
54
501
107
311
473
131
196
285
91
329
253
47
57
361
127
408
321
50
394
93
187
309
179
169
492
257
308
293
270
96
214
287
42
101
471
343
199
125
114
86
87
496
481
152
407
254
262
414
449
422
100
421
472
176
76
224
218
288
135
73
97
92
493
266
142
207
256
10
75
489
173
430
19
118
206
124
383
291
151
3
322
469
204
325
376
77
128
454
426
113
35
395
405
488
465
38
120
296
20
216
263
391
43
274
406
477
227
330
222
233
360
365
411
232
339
318
141
384
186
306
486
62
301
289
201
27
82
498
108
466
21
435
484
119
155
312
181
271
22
444
228
5
103
369
225
314
65
459
95
400
197
432
455
284
136
374
46
215
283
420
437
371
500
213
94
67
68
23
208
255
252
470
189
410
446
249
415
461
190
221
313
72
482
8
370
483
210
434
17
453
167
48
273
457
236
269
316
315
28
230
226
347
132
368
143
159
438
15
275
425
149
332
154
303
423
185
398
175
345
195
12
104
11
183
239
126
63
194
191
272
242
445
429
148
298
130
146
436
99
34
39
475
387
447
340
259
251
267
441
277
390
106
428
467
324
388
235
140
487
413
305
250
268
248
203
334
381
350
386
460
280
290
485
490
220
16
123
385
138
393
462
177
317
349
121
468
89
335
55
327
278
66
276
29
337
243
198
348
26
379
240
166
60
112
442
378
392
359
341
431
450
409
342
338
69
7
59
4
37
53
90
333
344
217
84
323
320
397
354
282
402
153
80
351
122
279
168
304
463
202
364
264
56
157
476
231
45
14
265
310
229
241
116
70
458
156
295
362
495
247
261
170
32
299
52
336
71
401
478
81
9
427
223
372
440
244
150
286
30
375
404
44
64
129
40
192
281
205
111
328
6
164
356
292
13
246
144
31
491
212
24
174
352
452
260
403
353
300
193
211
363
160
373
331
474
209
165
188
51
109
294
200
36
158
433
105
182
380
171
163
497
399
145
456
25
499
58
319
355
480
464
358
443
377
88
61
416
33
234
439
110
479
147
258
117
245
184
424
396
2
307
297
137
133
389
412
78
237
74
134
346
-1
EOF
