NAME : sim501.222723.tour
COMMENT : Length = 222723
COMMENT : Found by LKH [Keld Helsgaun] Mon Sep 10 21:51:47 2018
TYPE : TOUR
DIMENSION : 501
TOUR_SECTION
1
105
110
447
223
4
469
374
266
202
326
91
9
392
167
220
47
448
403
501
194
175
302
73
273
362
438
218
61
450
87
434
217
103
424
480
81
418
251
441
331
148
20
361
22
140
63
136
309
230
473
5
233
430
88
30
401
410
471
89
249
95
264
35
162
178
156
490
113
177
274
34
421
304
125
453
46
268
94
399
147
269
29
267
482
68
174
60
112
338
465
414
180
190
78
69
440
243
235
26
39
38
258
372
159
28
301
141
70
151
368
204
96
158
142
357
394
320
323
373
393
327
344
254
386
58
389
14
375
296
305
342
398
481
43
32
23
332
225
420
466
65
239
127
15
281
497
208
224
169
144
261
231
6
241
62
335
74
117
387
24
232
318
464
472
146
367
284
188
452
52
116
153
431
99
445
352
123
11
354
486
59
385
474
317
256
118
67
111
413
478
369
432
210
12
219
137
293
126
214
379
454
131
64
276
321
381
27
150
82
10
262
130
493
216
170
451
255
279
66
457
192
409
168
286
405
161
80
133
83
407
483
400
114
314
333
213
476
313
36
355
328
211
337
164
312
149
252
428
203
468
56
33
442
384
346
477
363
129
246
2
288
135
234
196
250
176
277
388
182
358
306
109
376
200
316
85
364
459
253
57
257
383
124
215
270
187
496
171
79
297
334
495
349
319
248
382
396
3
238
351
390
186
44
455
236
154
356
427
291
108
498
72
433
160
415
499
422
165
41
242
339
330
292
55
93
163
348
479
371
226
134
157
272
278
377
115
489
106
13
207
343
263
7
197
128
458
119
282
189
350
25
51
122
45
325
139
199
132
100
315
247
492
484
222
488
97
419
221
152
228
287
345
329
8
336
259
185
436
181
120
245
145
191
303
53
494
86
475
370
462
311
417
359
31
179
380
71
467
426
295
322
423
107
198
487
289
500
155
98
195
435
54
206
365
138
437
101
227
444
183
300
121
205
237
404
173
290
229
408
446
102
395
299
104
21
461
42
416
50
341
391
201
425
184
360
18
353
310
92
406
429
212
275
298
166
172
463
285
307
240
366
209
324
449
412
90
378
280
402
294
143
340
40
16
17
485
347
439
37
271
460
84
48
19
76
397
49
283
308
470
265
77
244
456
75
443
260
193
411
491
-1
EOF
