NAME : sim161.128626.tour
COMMENT : Length = 128626
COMMENT : Found by LKH [Keld Helsgaun] Mon Sep 17 03:32:39 2018
TYPE : TOUR
DIMENSION : 161
TOUR_SECTION
1
66
61
35
75
84
78
131
5
38
36
114
74
142
97
58
70
118
91
72
4
8
9
73
41
71
27
130
126
107
151
140
102
62
136
77
46
18
95
26
44
59
32
137
133
52
31
109
139
34
161
86
54
43
157
134
127
158
122
153
82
132
53
42
117
125
93
39
115
67
119
112
113
147
111
143
28
69
121
11
47
6
7
17
135
87
149
12
124
94
21
65
50
79
141
110
49
48
88
64
105
13
128
55
104
85
33
63
25
23
68
92
155
160
116
57
15
89
129
120
45
56
30
16
60
96
76
159
51
22
2
10
19
83
108
14
99
148
123
101
103
24
100
29
80
150
154
3
144
146
156
40
81
106
152
20
90
145
37
138
98
-1
EOF
