NAME : sim141.119213.tour
COMMENT : Length = 119213
COMMENT : Found by LKH [Keld Helsgaun] Thu Sep 20 03:08:26 2018
TYPE : TOUR
DIMENSION : 141
TOUR_SECTION
1
6
107
36
14
20
101
35
52
9
53
45
30
85
133
2
94
98
29
135
5
65
23
102
99
117
119
73
138
126
89
47
79
33
129
88
70
92
90
96
60
3
22
132
28
82
100
56
61
122
114
8
87
81
64
4
127
141
18
134
112
67
125
49
44
32
55
59
78
105
76
123
54
110
118
121
93
48
10
128
109
80
115
74
130
11
34
139
24
108
12
58
17
120
124
19
104
75
31
83
40
86
37
43
46
50
116
131
7
15
84
71
69
41
140
137
63
136
51
66
25
57
68
77
39
13
95
106
111
97
38
27
103
26
16
62
91
72
42
113
21
-1
EOF
