NAME : sim501.214114.tour
COMMENT : Length = 214114
COMMENT : Found by LKH [Keld Helsgaun] Mon Sep 10 21:29:39 2018
TYPE : TOUR
DIMENSION : 501
TOUR_SECTION
1
67
110
344
377
346
341
348
351
183
172
139
42
488
495
231
350
160
343
41
19
81
271
452
295
171
293
150
379
427
329
434
270
395
186
238
419
325
392
385
328
152
117
417
108
317
472
138
400
501
375
179
272
104
29
398
26
446
260
460
451
212
161
456
54
386
11
221
405
482
490
77
64
366
84
58
401
220
436
159
302
478
225
196
170
95
276
254
313
182
131
288
2
283
195
467
265
118
45
248
90
376
71
327
52
449
115
205
413
109
168
493
438
393
56
91
466
188
389
174
245
167
215
321
440
423
130
208
14
391
369
481
498
124
8
300
99
347
285
470
3
76
164
364
133
134
483
127
279
428
30
148
322
421
16
371
162
22
213
66
297
27
311
361
494
40
106
246
70
96
185
249
425
201
157
255
155
316
6
181
345
382
253
158
136
439
360
229
116
111
450
340
409
332
324
447
156
211
187
262
74
444
250
282
412
57
93
18
105
47
397
368
465
408
141
252
25
431
480
17
378
476
448
236
266
251
485
303
193
4
242
381
20
292
113
230
437
177
298
281
310
411
289
12
31
326
441
416
355
142
461
410
119
203
479
86
197
83
44
445
38
33
453
290
454
274
462
234
49
223
239
89
207
102
492
78
291
464
457
192
28
140
333
209
48
237
430
284
455
101
306
477
153
176
75
387
125
263
491
277
280
380
50
132
107
458
426
219
194
100
342
244
269
151
273
144
418
80
206
338
51
120
173
396
247
128
61
356
404
227
235
137
233
243
190
180
184
216
402
496
390
149
97
217
146
98
337
307
259
154
135
94
264
331
432
62
10
143
163
459
305
365
286
424
484
473
362
275
384
60
433
73
463
429
92
500
374
353
312
103
399
469
304
258
315
487
422
43
69
334
204
388
314
114
218
72
65
241
46
278
370
210
5
319
199
7
318
224
287
226
24
257
359
39
268
474
165
330
486
59
294
53
82
240
123
129
406
497
214
85
121
87
352
407
301
63
323
414
471
126
34
55
261
15
198
222
13
320
88
468
383
79
499
435
189
339
175
336
9
228
169
442
166
394
178
296
443
68
373
372
32
191
308
35
349
23
475
267
232
358
354
37
403
299
363
489
122
36
200
309
256
21
420
202
367
145
415
112
147
357
335
-1
EOF
