NAME : sim321.175082.tour
COMMENT : Length = 175082
COMMENT : Found by LKH [Keld Helsgaun] Mon Sep 17 21:01:03 2018
TYPE : TOUR
DIMENSION : 321
TOUR_SECTION
1
4
122
70
57
229
240
68
20
29
255
250
161
87
189
133
37
285
5
81
95
10
207
254
48
22
294
302
286
156
188
79
293
115
252
184
205
173
296
76
125
258
24
213
13
71
96
227
158
308
145
249
320
199
248
51
102
196
82
267
110
11
280
104
41
174
12
114
239
314
77
309
61
134
220
191
84
226
315
164
72
92
278
146
138
210
148
197
109
75
44
157
49
175
56
63
269
86
218
211
276
279
150
23
144
268
42
291
289
297
85
163
137
208
225
202
263
6
65
130
318
299
111
261
118
273
264
91
209
149
101
66
59
16
281
303
54
62
31
25
74
35
171
298
34
119
316
181
186
136
103
300
159
244
282
243
50
9
203
251
58
105
198
301
307
38
126
241
274
143
236
83
129
167
19
28
36
97
287
132
43
27
194
187
162
238
168
228
190
182
275
15
26
277
305
67
30
230
284
123
160
98
152
40
176
260
231
247
170
224
219
45
64
253
245
121
310
180
153
214
201
312
178
18
112
321
7
14
99
169
288
232
266
317
39
46
166
17
32
165
319
183
217
270
100
140
135
33
290
78
117
155
8
107
259
151
311
262
179
52
185
233
94
93
295
313
265
69
89
47
212
304
204
120
221
88
246
256
141
60
206
113
2
195
139
237
53
283
106
127
222
154
73
292
272
90
172
3
55
124
147
223
80
193
242
271
235
306
116
200
215
142
108
192
234
128
257
216
21
131
177
-1
EOF
