NAME : sim1001.300656.tour
COMMENT : Length = 300656
COMMENT : Found by LKH [Keld Helsgaun] Tue Sep 11 11:26:58 2018
TYPE : TOUR
DIMENSION : 1001
TOUR_SECTION
1
734
761
489
344
839
913
303
777
30
590
44
386
760
570
639
268
416
930
805
259
355
657
580
492
274
397
166
461
230
266
906
372
457
778
939
406
305
968
615
759
828
87
714
308
742
870
281
811
879
860
164
823
795
526
646
419
283
800
194
550
278
68
92
375
788
632
544
496
186
352
367
353
256
88
203
525
205
32
209
709
522
258
641
672
312
626
117
217
75
97
473
539
26
346
710
999
840
9
667
911
318
1000
198
695
676
519
681
905
741
524
529
770
404
691
224
894
354
287
264
190
679
670
605
786
83
862
780
992
115
65
801
978
791
952
521
752
972
807
652
712
721
655
144
390
744
335
161
507
60
10
140
284
213
237
477
407
812
914
324
919
394
315
532
629
288
561
493
771
499
151
192
3
388
145
563
384
834
617
251
523
772
636
368
497
982
82
583
21
276
13
696
478
874
108
254
428
765
356
989
73
832
76
723
174
990
932
31
708
89
866
5
452
977
272
393
216
456
627
481
923
146
177
966
298
599
864
686
924
518
856
837
638
414
637
511
229
351
242
603
252
96
738
601
77
910
850
248
63
389
16
557
719
782
571
421
208
917
745
769
922
967
798
280
872
735
754
773
323
253
945
825
985
14
568
455
465
434
116
396
401
674
826
238
141
701
728
567
871
167
91
842
581
23
988
98
170
620
445
343
574
244
182
635
79
127
321
536
546
845
347
148
475
304
849
423
792
415
929
733
20
893
608
333
677
644
49
548
706
377
514
569
746
275
398
349
901
152
165
373
185
422
454
796
861
410
918
575
403
528
531
279
109
500
705
859
188
925
844
380
684
779
889
610
683
897
334
236
476
290
920
876
814
687
616
618
564
973
534
867
888
409
245
80
250
730
392
84
366
99
265
297
440
506
413
365
58
961
453
934
756
928
210
135
269
257
341
262
803
804
560
395
762
643
40
426
935
149
142
816
246
821
38
300
181
425
12
851
622
233
664
510
53
781
119
688
950
799
658
883
369
405
584
427
309
743
790
122
2
833
201
437
172
439
873
818
443
784
442
613
36
143
113
227
231
156
498
607
19
57
589
642
785
472
594
360
836
480
93
903
881
180
51
775
350
948
958
720
875
270
554
763
983
385
690
228
565
566
892
292
896
697
111
408
868
85
271
307
572
364
505
226
612
527
880
890
559
376
154
794
175
295
466
412
865
915
994
160
722
219
374
432
214
578
895
899
757
189
912
234
179
45
314
933
748
703
937
157
543
15
725
819
602
340
223
479
363
731
729
645
815
71
114
301
69
444
486
7
329
120
100
331
758
604
102
747
464
196
474
263
553
552
853
55
255
736
970
943
576
103
502
273
669
387
503
549
835
995
579
991
337
783
110
504
946
726
220
766
39
90
598
37
222
649
776
501
46
764
362
139
411
682
640
668
150
382
450
886
660
469
908
134
863
665
907
513
495
547
197
614
306
979
136
311
433
289
211
317
750
112
285
980
810
322
537
857
656
336
634
468
418
987
59
158
299
129
124
371
402
716
654
789
793
806
207
661
671
891
163
542
11
953
685
35
232
843
940
517
600
573
243
81
673
125
986
621
47
178
183
191
829
838
824
628
195
137
698
858
593
218
22
611
66
847
586
378
692
740
420
310
931
50
562
727
975
320
964
662
459
130
737
700
653
854
512
651
159
18
938
749
809
221
169
732
852
484
70
345
707
4
902
488
361
6
400
878
338
900
429
577
797
241
61
755
993
711
261
663
184
33
693
121
648
588
107
342
904
202
460
666
171
595
8
339
630
74
249
260
487
530
650
48
357
54
225
62
619
463
680
774
470
820
327
451
282
976
193
206
830
348
379
869
516
699
596
624
162
436
52
585
558
957
240
358
996
647
587
949
417
483
105
291
34
25
133
446
556
623
494
147
471
739
702
963
947
56
591
200
449
447
954
545
490
106
715
597
316
138
768
17
328
509
535
431
326
787
72
29
1001
926
882
104
753
212
438
64
215
606
916
717
448
909
381
325
971
848
582
955
41
199
981
817
95
391
944
173
984
941
887
625
998
704
965
962
885
204
247
296
43
42
491
520
555
884
24
675
132
435
508
302
286
515
974
67
959
969
155
235
27
118
168
538
131
898
767
592
541
430
822
631
846
951
424
482
294
370
239
808
877
176
123
359
831
960
718
942
936
126
694
293
659
94
802
330
689
313
533
813
153
997
751
467
724
187
713
540
86
921
633
841
399
267
678
458
28
128
827
927
101
319
462
277
485
609
383
441
551
855
78
332
956
-1
EOF
