NAME : sim501.213026.tour
COMMENT : Length = 213026
COMMENT : Found by LKH [Keld Helsgaun] Mon Sep 10 22:50:15 2018
TYPE : TOUR
DIMENSION : 501
TOUR_SECTION
1
36
477
192
316
126
123
226
138
485
159
427
376
196
242
475
23
69
348
68
151
448
233
419
41
442
7
494
111
199
67
269
218
95
358
183
201
27
175
488
369
13
471
92
462
176
174
107
276
501
279
396
238
500
56
44
113
435
247
378
152
496
49
355
430
473
311
4
260
293
458
101
66
142
160
20
108
85
117
59
114
100
119
252
457
323
177
466
257
299
230
16
387
205
250
157
78
433
170
464
81
389
407
493
298
141
122
402
76
214
253
79
207
120
179
217
264
326
310
301
45
453
147
190
182
275
352
11
459
350
65
173
254
431
12
164
328
468
212
367
224
15
33
331
297
80
258
450
112
225
361
357
139
105
487
400
86
53
404
267
43
63
374
281
54
288
118
235
296
221
255
492
204
394
411
58
248
103
456
379
386
304
232
408
415
209
417
380
145
319
439
5
228
21
94
187
132
351
51
349
353
314
345
244
385
167
333
405
2
237
134
401
31
240
251
382
6
317
181
409
77
34
341
390
335
336
366
26
491
398
495
104
484
325
373
129
25
73
191
88
312
19
467
8
472
480
243
268
35
18
359
169
188
434
305
443
300
150
165
344
127
30
87
393
143
452
274
315
451
406
256
309
330
220
286
211
154
455
266
465
489
363
265
346
282
133
184
440
57
479
168
410
446
303
161
371
347
425
414
32
261
372
295
223
208
171
399
436
249
200
278
62
338
52
135
384
229
149
447
197
144
392
202
74
47
334
110
308
124
153
497
93
449
48
239
342
148
121
180
391
362
481
469
75
461
377
96
178
339
285
482
236
444
370
375
383
403
283
71
272
498
216
195
98
360
277
321
426
70
206
262
198
102
463
499
320
324
55
140
421
137
423
50
432
155
99
284
454
470
364
245
42
131
241
287
215
116
343
246
294
17
64
72
356
270
213
490
291
322
327
474
106
115
189
441
166
97
29
365
306
163
185
234
227
156
273
437
271
193
130
263
486
337
82
307
413
194
46
329
422
172
280
210
354
39
90
397
418
292
332
186
203
146
162
420
460
381
290
37
438
318
395
368
222
10
158
219
40
9
22
445
302
412
340
24
424
136
89
3
388
91
313
38
83
476
259
84
428
429
125
61
14
28
60
483
109
416
128
478
231
289
-1
EOF
