NAME : sim1001.308382.tour
COMMENT : Length = 308382
COMMENT : Found by LKH [Keld Helsgaun] Tue Sep 11 00:48:14 2018
TYPE : TOUR
DIMENSION : 1001
TOUR_SECTION
1
975
341
127
593
193
359
508
971
603
299
924
294
659
135
287
380
933
790
739
180
959
454
120
849
368
958
920
35
969
381
84
903
163
142
472
894
962
60
591
884
761
586
417
177
604
908
583
923
608
185
12
810
541
276
221
402
785
918
330
266
406
33
842
284
145
109
182
869
305
965
856
777
941
828
352
906
139
336
690
695
880
691
167
709
257
133
446
211
617
655
385
530
746
932
90
606
885
982
146
754
905
103
611
314
448
822
351
148
625
505
953
584
678
907
196
64
529
258
671
987
162
391
762
469
974
863
937
715
642
538
474
96
307
32
437
873
943
882
373
901
716
1000
467
771
955
501
902
303
478
558
16
91
627
267
200
916
152
569
567
645
68
807
411
324
818
15
409
674
241
57
75
575
460
149
846
342
113
470
240
343
559
227
915
54
927
40
841
684
689
292
116
88
226
784
484
18
977
107
129
547
726
779
161
414
419
968
656
115
279
910
379
693
388
408
770
572
333
788
160
548
516
300
134
345
482
420
378
322
917
672
630
327
188
742
39
31
568
812
875
578
346
845
949
166
963
374
610
719
89
780
72
946
209
865
825
473
755
524
452
49
125
752
596
5
514
765
622
619
748
423
607
136
280
782
829
811
507
834
486
14
422
848
179
921
271
725
83
52
306
234
998
483
311
940
993
692
928
176
128
713
92
489
273
862
821
339
154
787
679
833
264
457
621
836
925
259
855
396
872
168
119
798
513
291
262
964
24
443
348
887
289
797
597
248
23
635
623
250
888
922
117
76
175
640
813
100
407
820
183
4
156
260
581
1001
694
153
616
272
554
711
140
426
203
791
355
867
703
864
886
527
843
239
967
283
931
224
657
233
326
652
800
737
736
991
118
697
38
432
252
357
442
724
178
540
794
557
526
358
819
69
56
899
957
972
365
253
550
220
232
317
649
699
815
502
735
688
43
334
439
549
805
757
934
461
288
126
459
966
170
309
403
82
27
110
275
230
565
574
740
471
733
759
556
165
431
950
638
282
237
706
702
270
463
929
425
488
476
29
376
398
676
948
900
66
329
498
393
150
861
793
816
609
912
216
191
172
328
743
871
78
809
44
245
632
561
485
354
753
662
853
944
687
951
451
80
53
926
890
418
213
436
682
207
881
712
323
979
265
994
462
491
254
839
147
534
718
144
786
506
293
369
434
555
827
111
698
247
685
857
751
277
492
613
599
756
210
20
468
45
286
728
123
347
772
976
897
877
551
727
104
377
868
375
421
367
990
404
496
628
650
301
202
70
729
158
114
911
663
244
350
732
579
806
308
455
444
392
986
112
522
587
660
768
669
999
246
21
721
681
653
731
744
831
602
58
251
519
515
938
792
51
783
539
801
372
399
465
194
651
74
297
438
789
895
475
17
415
77
228
814
942
893
312
26
710
913
269
817
361
773
896
995
723
778
720
487
481
641
883
850
618
278
219
745
11
633
332
122
930
520
141
494
878
954
304
758
973
499
601
764
960
851
577
980
458
429
212
261
315
195
654
192
37
34
830
585
795
302
189
988
992
8
296
552
605
106
634
235
892
447
319
537
493
255
858
580
562
510
705
364
844
94
371
840
366
198
337
504
435
362
321
738
206
440
256
956
639
543
400
835
370
594
143
382
397
802
85
67
981
25
730
416
566
6
108
889
441
914
81
449
190
707
310
838
95
837
544
218
680
151
427
389
546
65
186
331
644
775
466
909
497
174
983
98
9
131
542
722
854
316
860
624
961
629
560
826
615
383
648
249
495
677
847
545
10
424
480
215
667
970
626
700
535
433
124
412
571
99
208
184
891
313
799
852
325
598
71
105
876
985
73
338
664
804
187
22
714
879
130
290
533
386
592
236
511
164
637
997
295
708
50
157
137
477
898
750
701
320
490
675
318
824
453
445
588
405
859
169
670
63
464
760
803
450
564
978
19
349
573
41
936
512
410
919
268
696
214
86
401
776
281
340
394
532
159
36
523
665
570
413
643
582
661
97
456
62
3
808
870
274
823
939
749
223
2
509
138
335
263
79
614
612
387
171
205
217
87
353
356
536
61
631
528
666
222
935
947
717
384
503
590
204
229
479
589
28
181
243
952
428
989
996
42
704
201
531
686
766
646
874
647
155
866
767
683
238
763
595
576
945
242
563
59
636
781
769
48
101
553
30
658
518
600
620
363
395
102
741
525
521
747
500
173
390
673
796
46
132
7
904
774
47
517
197
298
13
285
93
55
832
231
121
734
430
344
668
225
360
199
984
-1
EOF
